0.34 1.618 0.001660
0.36 1.611 0.000883
0.38 1.606 0.000535
0.40 1.602 0.000400
0.42 1.599 0.000338
0.45 1.595 0.000309
0.50 1.589 0.000290
0.55 1.587 0.000302
0.60 1.584 0.000310
0.65 1.580 0.000327
0.70 1.577 0.000351
0.75 1.573 0.000384
0.80 1.573 0.000423
0.90 1.567 0.000507
1.00 1.565 0.000581
1.10 1.561 0.000623
1.20 1.557 0.000645
1.30 1.561 0.000630
1.40 1.560 0.000617
1.50 1.549 0.000634
1.60 1.546 0.000647
1.70 1.547 0.000677
1.80 1.547 0.000684
1.90 1.541 0.000714
2.00 1.541 0.000696
2.20 1.545 0.000713
2.40 1.537 0.000742
2.60 1.537 0.000781
2.80 1.533 0.000864
3.00 1.525 0.000893
3.50 1.518 0.000989
4.00 1.511 0.001010
4.50 1.497 0.001230
5.00 1.480 0.002880
