0.20 1.739 0.047800
0.22 1.710 0.059000
0.24 1.693 0.057300
0.26 1.680 0.054600
0.28 1.672 0.052100
0.30 1.668 0.045300
0.32 1.662 0.036600
0.34 1.655 0.029300
0.36 1.647 0.020000
0.38 1.641 0.012000
0.40 1.635 0.007000
0.42 1.629 0.003500
0.45 1.623 0.002260
0.50 1.613 0.001790
0.55 1.610 0.001650
0.60 1.606 0.001550
0.65 1.602 0.001490
0.70 1.598 0.001450
0.75 1.597 0.001420
0.80 1.596 0.001420
0.90 1.593 0.001470
1.00 1.588 0.001530
1.10 1.584 0.001510
1.20 1.585 0.001430
1.30 1.574 0.001300
1.40 1.583 0.001170
1.50 1.570 0.001110
1.60 1.574 0.001100
1.70 1.570 0.001140
1.80 1.566 0.001170
1.90 1.562 0.001160
2.00 1.569 0.001140
2.20 1.565 0.001050
2.40 1.561 0.000976
2.60 1.559 0.000965
2.80 1.557 0.001040
3.00 1.552 0.001040
3.50 1.544 0.001060
4.00 1.534 0.001090
4.50 1.519 0.001260
5.00 1.500 0.002810
