0.20 1.696 0.032700
0.22 1.673 0.057100
0.24 1.666 0.065800
0.26 1.666 0.072000
0.28 1.670 0.071000
0.30 1.674 0.065200
0.32 1.677 0.056200
0.34 1.676 0.044300
0.36 1.671 0.034300
0.38 1.666 0.027300
0.40 1.660 0.022400
0.42 1.655 0.016000
0.45 1.649 0.010500
0.50 1.639 0.005700
0.55 1.635 0.004200
0.60 1.632 0.003500
0.65 1.629 0.003200
0.70 1.625 0.003000
0.75 1.622 0.002870
0.80 1.623 0.002800
0.90 1.619 0.002730
1.00 1.615 0.002690
1.10 1.613 0.002550
1.20 1.614 0.002310
1.30 1.605 0.002070
1.40 1.613 0.001840
1.50 1.602 0.001730
1.60 1.604 0.001700
1.70 1.600 0.001730
1.80 1.596 0.001760
1.90 1.592 0.001750
2.00 1.593 0.001720
2.20 1.583 0.001550
2.40 1.580 0.001400
2.60 1.582 0.001340
2.80 1.577 0.001380
3.00 1.574 0.001370
3.50 1.564 0.001370
4.00 1.560 0.001380
4.50 1.549 0.001500
5.00 1.534 0.003010
