0.20 1.692 0.126000
0.22 1.682 0.159000
0.24 1.683 0.171000
0.26 1.692 0.172000
0.28 1.703 0.166000
0.30 1.713 0.155000
0.32 1.722 0.140000
0.34 1.726 0.121000
0.36 1.723 0.104000
0.38 1.719 0.090600
0.40 1.714 0.080000
0.42 1.709 0.070900
0.45 1.702 0.059600
0.50 1.688 0.044800
0.55 1.683 0.034000
0.60 1.680 0.027100
0.65 1.675 0.021200
0.70 1.671 0.017300
0.75 1.670 0.015000
0.80 1.671 0.013000
0.90 1.673 0.011000
1.00 1.665 0.010600
1.10 1.664 0.009300
1.20 1.663 0.007600
1.30 1.659 0.005600
1.40 1.659 0.004600
1.50 1.653 0.004200
1.60 1.652 0.004000
1.70 1.649 0.003900
1.80 1.643 0.003900
1.90 1.641 0.003800
2.00 1.640 0.003700
2.20 1.634 0.003200
2.40 1.631 0.002800
2.60 1.630 0.002500
2.80 1.626 0.002500
3.00 1.621 0.002400
3.50 1.610 0.002400
4.00 1.602 0.002300
4.50 1.590 0.002400
5.00 1.572 0.003900
