  0.0228    0.0702
   0.025    0.0874
    0.03     0.134
   0.035     0.193
    0.04     0.255
    0.05     0.426
    0.06     0.674
    0.07     0.864
    0.08     0.878
  0.0912     0.902
     0.1     0.927
    0.11     0.795
    0.12     0.722
    0.13      0.63
    0.14     0.639
    0.15     0.529
    0.16     0.245
    0.17      0.16
    0.18     0.111
    0.19    0.0731
     0.2    0.0533
    0.21    0.0404
    0.22    0.0306
    0.23    0.0264
    0.24    0.0264
    0.26    0.0279
    0.28    0.0282
     0.3    0.0284
    0.33    0.0286
   0.365    0.0288
     0.4    0.0292
   0.434    0.0292
    0.44    0.0292
   0.486    0.0293
    0.55    0.0294
   0.656    0.0294
     0.7    0.0297
     0.8    0.0297
     0.9      0.03
       1    0.0306
     1.1    0.0306
    1.25    0.0306
     1.4    0.0312
     1.5    0.0315
    1.65    0.0318
     1.8    0.0324
       2    0.0331
     2.2    0.0339
     2.4    0.0349
     2.6    0.0355
     2.8    0.0365
       3    0.0371
     3.1    0.0377
     3.2    0.0381
     3.4     0.039
     3.6    0.0397
     3.8    0.0405
       4    0.0411
     4.5    0.0425
       5     0.044
     5.5    0.0466
       6    0.0506
     6.5    0.0542
       7    0.0566
     7.5    0.0707
       8     0.171
     8.5      0.36
       9     0.565
     9.5     0.816
     9.7     0.871
      10     0.922
    10.5      1.01
      11         1
    11.5     0.947
      12     0.878
      13     0.662
      14     0.476
      15     0.488
      16     0.582
      17     0.714
      18     0.854
      19     0.975
      20      1.05
      21      1.08
      22       1.1
      23      1.11
      24      1.12
      25      1.13
    27.5      1.13
      30      1.11
      40      1.02
      50     0.919
      60     0.806
      70     0.706
      80     0.624
      90     0.556
     100     0.502
     150     0.332
     200     0.247
     300     0.165
     400     0.124
     500    0.0985
     700    0.0703
    1000    0.0492
    1500    0.0329
    2000    0.0246
