 0.2636 1.597603 0.005005
 0.2686 1.597493 0.004672
 0.2731 1.597394 0.004344
 0.2771 1.597306 0.004162
 0.2811 1.597219 0.003751
 0.2851 1.597131 0.003414
 0.2891 1.597043 0.003002
 0.2931 1.596955 0.002801
 0.2971 1.596867 0.002529
 0.3011 1.596779 0.002347
 0.3051 1.596691 0.002207
 0.3091 1.596604 0.002103
 0.3131 1.596516 0.002071
 0.3171 1.596428 0.002033
 0.3211 1.596340 0.001976
 0.3251 1.596252 0.001918
 0.3291 1.596164 0.001958
 0.3331 1.596076 0.001958
 0.3371 1.595989 0.001942
 0.3411 1.595901 0.001932
 0.3451 1.595813 0.001950
 0.3491 1.595725 0.001919
 0.3531 1.595637 0.002034
 0.3571 1.595549 0.001945
 0.3606 1.595472 0.001888
 0.3636 1.595407 0.001917
 0.3666 1.595341 0.001906
 0.3696 1.595275 0.001914
 0.3726 1.595209 0.001884
 0.3756 1.595143 0.001848
 0.3786 1.595077 0.001830
 0.3811 1.595022 0.001801
 0.3831 1.594978 0.001800
 0.3851 1.594934 0.001782
 0.3871 1.594890 0.001807
 0.3891 1.594846 0.001758
 0.3911 1.594803 0.001743
 0.3931 1.594759 0.001728
 0.3951 1.594715 0.001740
 0.3971 1.594671 0.001686
 0.3991 1.594627 0.001719
 0.4011 1.594583 0.001720
 0.4031 1.594539 0.001716
 0.4051 1.594495 0.001700
 0.4071 1.594451 0.001695
 0.4091 1.594407 0.001677
 0.4111 1.594363 0.001670
 0.4128 1.594326 0.001619
 0.4158 1.594260 0.001616
 0.4188 1.594194 0.001564
 0.4218 1.594128 0.001527
 0.4248 1.594062 0.001490
 0.4278 1.593996 0.001455
 0.4308 1.593930 0.001420
 0.4338 1.593865 0.001409
 0.4368 1.593799 0.001394
 0.4398 1.593733 0.001344
 0.4428 1.593667 0.001321
 0.4458 1.593601 0.001305
 0.4488 1.593535 0.001282
 0.4513 1.593480 0.001260
 0.4533 1.593436 0.001273
 0.4553 1.593392 0.001286
 0.4573 1.593349 0.001275
 0.4593 1.593305 0.001248
 0.4613 1.593261 0.001228
 0.4633 1.593217 0.001209
 0.4653 1.593173 0.001203
 0.4673 1.593129 0.001172
 0.4693 1.593085 0.001174
 0.4713 1.593041 0.001162
 0.4733 1.592997 0.001135
 0.4753 1.592953 0.001123
 0.4773 1.592909 0.001079
 0.4793 1.592865 0.001083
 0.4813 1.592821 0.001049
 0.4833 1.592777 0.001058
 0.4853 1.592734 0.001031
 0.4873 1.592690 0.001027
 0.4893 1.592646 0.001029
 0.4913 1.592602 0.001022
 0.4933 1.592558 0.001025
 0.4953 1.592514 0.001017
 0.4973 1.592470 0.001008
 0.4993 1.592426 0.001003
 0.5013 1.592382 0.000975
 0.5033 1.592338 0.000978
 0.5053 1.592294 0.000965
 0.5073 1.592250 0.000937
 0.5093 1.592206 0.000940
 0.5113 1.592162 0.000936
 0.5133 1.592118 0.000928
 0.5153 1.592075 0.000928
 0.5173 1.592031 0.000930
 0.5193 1.591987 0.000910
 0.5213 1.591943 0.000921
 0.5233 1.591899 0.000924
 0.5253 1.591855 0.000924
 0.5273 1.591811 0.000912
 0.5293 1.591767 0.000926
 0.5313 1.591723 0.000918
 0.5333 1.591679 0.000932
 0.5353 1.591635 0.000912
 0.5373 1.591591 0.000913
 0.5393 1.591547 0.000919
 0.5413 1.591504 0.000922
 0.5433 1.591460 0.000905
 0.5453 1.591416 0.000912
 0.5473 1.591372 0.000904
 0.5493 1.591328 0.000903
 0.5513 1.591284 0.000900
 0.5533 1.591240 0.000896
 0.5553 1.591196 0.000917
 0.5573 1.591152 0.000901
 0.5593 1.591108 0.000909
 0.5613 1.591064 0.000905
 0.5633 1.591020 0.000919
 0.5653 1.590976 0.000915
 0.5673 1.590932 0.000912
 0.5693 1.590889 0.000927
 0.5713 1.590845 0.000899
 0.5733 1.590801 0.000913
 0.5753 1.590757 0.000934
 0.5773 1.590713 0.000925
 0.5793 1.590669 0.000942
 0.5813 1.590625 0.000951
 0.5833 1.590581 0.000957
 0.5853 1.590537 0.000960
 0.5873 1.590493 0.000982
 0.5893 1.590449 0.000981
 0.5913 1.590405 0.000967
 0.5933 1.590361 0.000989
 0.5953 1.590317 0.000995
 0.5973 1.590273 0.001012
 0.5993 1.590230 0.001008
 0.6011 1.590190 0.001027
 0.6027 1.590155 0.001026
 0.6043 1.590120 0.001051
 0.6059 1.590085 0.001070
 0.6075 1.590049 0.001049
 0.6091 1.590014 0.001080
 0.6107 1.589979 0.001079
 0.6123 1.589944 0.001086
 0.6139 1.589909 0.001094
 0.6155 1.589874 0.001101
 0.6171 1.589839 0.001122
 0.6187 1.589803 0.001130
 0.6203 1.589768 0.001161
 0.6219 1.589733 0.001141
 0.6235 1.589698 0.001170
 0.6251 1.589663 0.001188
 0.6267 1.589628 0.001202
 0.6283 1.589593 0.001194
 0.6299 1.589557 0.001209
 0.6317 1.589518 0.001241
 0.6337 1.589474 0.001260
 0.6357 1.589430 0.001274
 0.6377 1.589386 0.001306
 0.6397 1.589342 0.001309
 0.6417 1.589298 0.001338
 0.6437 1.589254 0.001344
 0.6457 1.589210 0.001356
 0.6477 1.589166 0.001374
 0.6497 1.589123 0.001395
 0.6517 1.589079 0.001396
 0.6537 1.589035 0.001418
 0.6557 1.588991 0.001424
 0.6577 1.588947 0.001455
 0.6597 1.588903 0.001451
 0.6617 1.588859 0.001479
 0.6637 1.588815 0.001480
 0.6657 1.588771 0.001513
 0.6677 1.588727 0.001538
 0.6702 1.588672 0.001540
 0.6732 1.588606 0.001584
 0.6762 1.588540 0.001596
 0.6792 1.588475 0.001622
 0.6822 1.588409 0.001646
 0.6852 1.588343 0.001642
 0.6882 1.588277 0.001665
 0.6912 1.588211 0.001684
 0.6942 1.588145 0.001723
 0.6972 1.588079 0.001730
 0.7002 1.588013 0.001735
 0.7020 1.587974 0.001734
 0.7040 1.587930 0.001744
 0.7060 1.587886 0.001720
 0.7080 1.587842 0.001731
 0.7100 1.587798 0.001760
 0.7120 1.587754 0.001759
 0.7140 1.587710 0.001752
 0.7160 1.587666 0.001776
 0.7180 1.587622 0.001765
 0.7200 1.587579 0.001742
 0.7220 1.587535 0.001757
 0.7240 1.587491 0.001743
 0.7260 1.587447 0.001744
 0.7280 1.587403 0.001718
 0.7300 1.587359 0.001723
 0.7320 1.587315 0.001687
 0.7340 1.587271 0.001686
 0.7360 1.587227 0.001721
 0.7380 1.587183 0.001691
 0.7400 1.587139 0.001664
 0.7420 1.587095 0.001681
 0.7440 1.587051 0.001684
 0.7460 1.587007 0.001678
 0.7480 1.586964 0.001685
 0.7505 1.586908 0.001673
 0.7535 1.586843 0.001612
 0.7565 1.586777 0.001614
 0.7595 1.586711 0.001615
 0.7625 1.586645 0.001580
 0.7655 1.586579 0.001554
 0.7685 1.586513 0.001546
 0.7715 1.586447 0.001529
 0.7745 1.586381 0.001475
 0.7775 1.586316 0.001508
 0.7810 1.586239 0.001446
 0.7850 1.586151 0.001456
 0.7890 1.586063 0.001446
 0.7930 1.585975 0.001424
 0.7970 1.585887 0.001391
 0.8015 1.585788 0.001410
 0.8065 1.585679 0.001402
 0.8115 1.585569 0.001418
 0.8165 1.585459 0.001423
 0.8220 1.585338 0.001405
 0.8280 1.585206 0.001452
 0.8350 1.585053 0.001505
 0.8510 1.584701 0.001627
 0.8590 1.584525 0.001650
 0.8710 1.584262 0.001637
 0.8830 1.583998 0.001819
 0.8940 1.583757 0.001909
 0.9040 1.583537 0.001860
 0.9140 1.583317 0.001830
 0.9240 1.583098 0.001759
 0.9330 1.582900 0.001817
 0.9410 1.582724 0.001774
 0.9490 1.582549 0.001798
 0.9570 1.582373 0.001713
 0.9640 1.582219 0.001703
 0.9700 1.582087 0.001637
 0.9760 1.581956 0.001680
 0.9820 1.581824 0.001676
 0.9880 1.581692 0.001666
 0.9940 1.581560 0.001660
 1.0000 1.581428 0.001677
 1.0060 1.581297 0.001626
 1.0120 1.581165 0.001660
 1.0180 1.581033 0.001653
 1.0235 1.580912 0.001777
 1.0285 1.580802 0.001673
 1.0335 1.580693 0.001697
 1.0385 1.580583 0.001667
 1.0435 1.580473 0.001727
 1.0485 1.580363 0.001678
 1.0535 1.580253 0.001719
 1.0585 1.580144 0.001745
 1.0635 1.580034 0.001674
 1.0685 1.579924 0.001759
 1.0735 1.579814 0.001746
 1.0785 1.579704 0.001729
 1.0835 1.579594 0.001761
 1.0885 1.579485 0.001760
 1.0935 1.579375 0.001758
 1.0985 1.579265 0.001767
 1.1035 1.579155 0.001764
 1.1085 1.579045 0.001734
 1.1135 1.578936 0.001736
 1.1185 1.578826 0.001737
 1.1235 1.578716 0.001757
 1.1285 1.578606 0.001692
 1.1335 1.578496 0.001705
 1.1385 1.578386 0.001740
 1.1435 1.578277 0.001607
 1.1485 1.578167 0.001663
 1.1535 1.578057 0.001658
 1.1585 1.577947 0.001601
 1.1635 1.577837 0.001579
 1.1685 1.577727 0.001579
 1.1735 1.577618 0.001554
 1.1785 1.577508 0.001532
 1.1835 1.577398 0.001519
 1.1885 1.577288 0.001465
 1.1935 1.577178 0.001469
 1.1985 1.577069 0.001444
 1.2035 1.576959 0.001449
 1.2085 1.576849 0.001389
 1.2135 1.576739 0.001356
 1.2185 1.576629 0.001354
 1.2235 1.576519 0.001308
 1.2285 1.576410 0.001273
 1.2335 1.576300 0.001266
 1.2385 1.576190 0.001240
 1.2435 1.576080 0.001215
 1.2485 1.575970 0.001181
 1.2535 1.575861 0.001187
 1.2585 1.575751 0.001189
 1.2635 1.575641 0.001149
 1.2685 1.575531 0.001107
 1.2735 1.575421 0.001084
 1.2785 1.575311 0.001060
 1.2835 1.575202 0.001017
 1.2885 1.575092 0.001029
 1.2935 1.574982 0.000991
 1.2985 1.574872 0.000987
 1.3035 1.574762 0.000987
 1.3085 1.574653 0.000963
 1.3135 1.574543 0.000933
 1.3185 1.574433 0.000907
 1.3235 1.574323 0.000895
 1.3285 1.574213 0.000863
 1.3335 1.574103 0.000865
 1.3385 1.573994 0.000863
 1.3435 1.573884 0.000831
 1.3485 1.573774 0.000788
 1.3535 1.573664 0.000791
 1.3585 1.573554 0.000745
 1.3635 1.573444 0.000754
 1.3685 1.573335 0.000752
 1.3735 1.573225 0.000725
 1.3785 1.573115 0.000816
 1.3835 1.573005 0.001019
 1.3885 1.572895 0.001099
 1.3935 1.572785 0.000906
 1.3985 1.572676 0.000834
 1.4035 1.572566 0.000775
 1.4085 1.572456 0.000803
 1.4135 1.572346 0.000748
 1.4185 1.572237 0.000743
 1.4235 1.572127 0.000739
 1.4285 1.572017 0.000701
 1.4335 1.571907 0.000736
 1.4385 1.571797 0.000717
 1.4435 1.571687 0.000679
 1.4485 1.571578 0.000651
 1.4535 1.571468 0.000681
 1.4585 1.571358 0.000650
 1.4635 1.571248 0.000611
 1.4685 1.571138 0.000609
 1.4735 1.571028 0.000578
 1.4785 1.570919 0.000573
 1.4835 1.570809 0.000582
 1.4885 1.570699 0.000547
 1.4935 1.570589 0.000550
 1.4985 1.570479 0.000513
 1.5035 1.570369 0.000518
 1.5085 1.570260 0.000521
 1.5135 1.570150 0.000519
 1.5185 1.570040 0.000499
 1.5235 1.569930 0.000477
 1.5285 1.569820 0.000474
 1.5340 1.569700 0.000480
 1.5400 1.569568 0.000464
 1.5460 1.569436 0.000454
 1.5520 1.569304 0.000442
 1.5580 1.569173 0.000433
 1.5640 1.569041 0.000415
 1.5705 1.568898 0.000403
 1.5775 1.568744 0.000384
 1.5845 1.568590 0.000392
 1.5915 1.568437 0.000367
 1.5985 1.568283 0.000349
 1.6055 1.568129 0.000343
 1.6125 1.567975 0.000331
 1.6195 1.567822 0.000326
 1.6265 1.567668 0.000328
 1.6335 1.567514 0.000308
 1.6405 1.567360 0.000291
 1.6475 1.567207 0.000289
 1.6545 1.567053 0.000272
 1.6615 1.566899 0.000265
 1.6685 1.566745 0.000263
 1.6760 1.566581 0.000250
 1.6840 1.566405 0.000250
 1.6920 1.566229 0.000240
 1.7000 1.566054 0.000236
 1.7080 1.565878 0.000227
 1.7160 1.565702 0.000226
 1.7240 1.565526 0.000211
 1.7320 1.565351 0.000203
 1.7400 1.565175 0.000201
 1.7480 1.564999 0.000199
 1.7560 1.564824 0.000200
 1.7640 1.564648 0.000198
 1.7720 1.564472 0.000193
 1.7800 1.564296 0.000195
 1.7880 1.564121 0.000171
 1.7960 1.563945 0.000195
 1.8050 1.563747 0.000197
 1.8150 1.563528 0.000190
 1.8250 1.563308 0.000196
 1.8350 1.563088 0.000200
 1.8450 1.562869 0.000192
 1.8550 1.562649 0.000201
 1.8650 1.562429 0.000218
 1.8750 1.562210 0.000239
 1.8850 1.561990 0.000247
 1.8950 1.561770 0.000278
 1.9050 1.561551 0.000315
 1.9150 1.561331 0.000310
 1.9250 1.561111 0.000306
 1.9350 1.560892 0.000298
 1.9450 1.560672 0.000323
 1.9550 1.560453 0.000332
 1.9650 1.560233 0.000323
 1.9750 1.560013 0.000350
 1.9850 1.559794 0.000354
 1.9950 1.559574 0.000351
 2.0050 1.559354 0.000331
 2.0150 1.559135 0.000288
 2.0250 1.558915 0.000256
 2.0350 1.558695 0.000219
 2.0450 1.558476 0.000202
 2.0550 1.558256 0.000171
 2.0650 1.558036 0.000173
 2.0750 1.557817 0.000156
 2.0850 1.557597 0.000151
 2.0950 1.557378 0.000146
 2.1050 1.557158 0.000170
 2.1150 1.556938 0.000173
 2.1250 1.556719 0.000149
 2.1350 1.556499 0.000161
 2.1450 1.556279 0.000153
 2.1550 1.556060 0.000167
 2.1650 1.555840 0.000185
 2.1750 1.555620 0.000196
 2.1850 1.555401 0.000226
 2.1950 1.555181 0.000261
 2.2050 1.554962 0.000301
 2.2150 1.554742 0.000344
 2.2250 1.554522 0.000429
 2.2350 1.554303 0.000675
 2.2450 1.554083 0.000868
 2.2550 1.553863 0.000949
 2.2650 1.553644 0.000896
 2.2750 1.553424 0.000997
 2.2850 1.553204 0.001307
 2.2950 1.552985 0.001609
 2.3050 1.552765 0.001714
 2.3150 1.552546 0.002034
 2.3250 1.552326 0.002131
 2.3350 1.552106 0.002024
 2.3450 1.551887 0.001870
 2.3550 1.551667 0.001618
 2.3650 1.551447 0.001358
 2.3750 1.551228 0.001171
 2.3860 1.550986 0.001127
 2.4000 1.550678 0.001075
 2.4180 1.550283 0.000987
 2.4400 1.549800 0.001171
 2.4660 1.549229 0.001547
 2.4960 1.548570 0.001681
 2.5280 1.547867 0.001742
 2.5600 1.547164 0.001923
 2.5920 1.546461 0.001950
 2.6240 1.545758 0.001712
 2.6560 1.545056 0.001892
 2.6880 1.544353 0.004122
 2.6882 1.534000 0.007530
 2.6954 1.533000 0.007630
 2.7027 1.534000 0.008330
 2.7100 1.536000 0.008570
 2.7174 1.537000 0.009030
 2.7248 1.534000 0.010100
 2.7322 1.529000 0.011000
 2.7397 1.526000 0.011800
 2.7473 1.525000 0.013100
 2.7548 1.527000 0.013900
 2.7624 1.527000 0.014100
 2.7701 1.523000 0.014500
 2.7778 1.516000 0.015000
 2.7855 1.508000 0.015900
 2.7933 1.502000 0.018300
 2.8011 1.499000 0.022000
 2.8090 1.501000 0.024700
 2.8169 1.506000 0.026000
 2.8249 1.512000 0.026500
 2.8329 1.519000 0.026600
 2.8409 1.524000 0.026500
 2.8490 1.526000 0.026000
 2.8571 1.527000 0.025500
 2.8653 1.528000 0.024800
 2.8736 1.527000 0.023900
 2.8818 1.527000 0.023100
 2.8902 1.528000 0.023400
 2.8986 1.531000 0.025300
 2.9155 1.537000 0.027000
 2.9155 1.544000 0.027700
 2.9240 1.549000 0.028500
 2.9326 1.554000 0.030500
 2.9412 1.558000 0.032500
 2.9499 1.562000 0.033700
 2.9586 1.566000 0.034400
 2.9674 1.570000 0.034900
 2.9762 1.573000 0.035300
 2.9851 1.576000 0.035300
 2.9940 1.578000 0.035100
 3.0030 1.580000 0.034800
 3.0120 1.580000 0.033600
 3.0211 1.580000 0.031900
 3.0303 1.581000 0.030400
 3.0395 1.582000 0.028700
 3.0488 1.580000 0.027000
 3.0581 1.579000 0.026100
 3.0675 1.578000 0.025800
 3.0769 1.578000 0.025700
 3.0864 1.578000 0.025300
 3.0960 1.579000 0.024300
 3.1056 1.580000 0.023100
 3.1153 1.579000 0.022500
 3.1250 1.578000 0.021600
 3.1348 1.577000 0.020400
 3.1447 1.576000 0.019900
 3.1546 1.576000 0.020200
 3.1646 1.574000 0.019800
 3.1746 1.574000 0.018600
 3.1847 1.573000 0.017300
 3.1949 1.572000 0.015700
 3.2051 1.570000 0.014600
 3.2154 1.560000 0.014300
 3.2258 1.568000 0.014300
 3.2362 1.567000 0.014100
 3.2468 1.566000 0.013800
 3.2573 1.565000 0.013500
 3.2680 1.565000 0.013000
 3.2787 1.564000 0.012300
 3.2895 1.563000 0.011500
 3.3003 1.563000 0.010600
 3.3113 1.564000 0.010200
 3.3223 1.564000 0.010200
 3.3333 1.563000 0.010100
 3.3445 1.562000 0.009620
 3.3557 1.561000 0.009910
 3.3670 1.561000 0.009540
 3.3784 1.561000 0.009330
 3.3898 1.561000 0.009110
 3.4014 1.561000 0.008900
 3.4130 1.562000 0.008690
 3.4247 1.562000 0.008470
 3.4364 1.563000 0.008260
 3.4483 1.563000 0.008040
 3.4602 1.562000 0.007830
 3.4722 1.562000 0.007620
 3.4843 1.561000 0.007400
 3.4965 1.560000 0.007190
 3.5088 1.560000 0.006980
 3.5211 1.562000 0.006760
 3.5336 1.564000 0.006550
 3.5461 1.565000 0.006330
 3.5587 1.565000 0.006120
 3.5714 1.564000 0.005910
 3.5842 1.565000 0.005690
 3.5971 1.566000 0.005480
 3.6101 1.566000 0.005180
 3.6232 1.565000 0.005210
 3.6364 1.564000 0.005210
 3.6496 1.564000 0.005100
 3.6630 1.565000 0.004980
 3.6765 1.565000 0.004950
 3.6900 1.565000 0.004870
 3.7037 1.565000 0.004790
 3.7175 1.566000 0.004780
 3.7313 1.565000 0.004790
 3.7453 1.564000 0.004740
 3.7594 1.563000 0.004610
 3.7736 1.563000 0.004490
 3.7879 1.563000 0.004440
 3.8023 1.562000 0.004360
 3.8168 1.563000 0.004200
 3.8314 1.564000 0.003940
 3.8462 1.564000 0.003660
 3.8610 1.563000 0.003420
 3.8760 1.561000 0.003220
 3.8911 1.562000 0.003060
 3.9063 1.562000 0.002920
 3.9216 1.561000 0.002780
 3.9370 1.560000 0.002690
 3.9526 1.558000 0.002720
 3.9683 1.558000 0.002760
 3.9841 1.560000 0.002760
 4.0000 1.561000 0.002800
 4.0161 1.560000 0.002780
 4.0323 1.559000 0.002680
 4.0486 1.558000 0.002630
 4.0650 1.559000 0.002620
 4.0816 1.561000 0.002610
 4.0984 1.546000 0.002620
 4.1152 1.566000 0.002610
 4.1322 1.566000 0.002540
 4.1494 1.563000 0.002530
