 0.2291 1.559376 0.021982
 0.2361 1.559226 0.022227
 0.2421 1.559098 0.001527
 0.2481 1.558969 0.002173
 0.2536 1.558851 0.001785
 0.2586 1.558744 0.001319
 0.2636 1.558637 0.001154
 0.2686 1.558530 0.000993
 0.2731 1.558434 0.000861
 0.2771 1.558348 0.000717
 0.2811 1.558262 0.000707
 0.2851 1.558176 0.000660
 0.2891 1.558091 0.000668
 0.2931 1.558005 0.000617
 0.2971 1.557919 0.000546
 0.3011 1.557834 0.000547
 0.3051 1.557748 0.000472
 0.3091 1.557662 0.000435
 0.3131 1.557576 0.000370
 0.3171 1.557491 0.000341
 0.3211 1.557405 0.000330
 0.3251 1.557319 0.000327
 0.3291 1.557233 0.000317
 0.3331 1.557148 0.000309
 0.3371 1.557062 0.000305
 0.3411 1.556976 0.000304
 0.3451 1.556891 0.000293
 0.3491 1.556805 0.000283
 0.3531 1.556719 0.000265
 0.3571 1.556633 0.000252
 0.3606 1.556558 0.000266
 0.3636 1.556494 0.000259
 0.3666 1.556430 0.000257
 0.3696 1.556366 0.000244
 0.3726 1.556301 0.000241
 0.3756 1.556237 0.000247
 0.3786 1.556173 0.000244
 0.3811 1.556119 0.000248
 0.3831 1.556076 0.000246
 0.3851 1.556033 0.000242
 0.3871 1.555991 0.000253
 0.3891 1.555948 0.000251
 0.3911 1.555905 0.000243
 0.3931 1.555862 0.000224
 0.3951 1.555819 0.000220
 0.3971 1.555776 0.000214
 0.3991 1.555733 0.000207
 0.4011 1.555691 0.000211
 0.4031 1.555648 0.000215
 0.4051 1.555605 0.000220
 0.4071 1.555562 0.000225
 0.4091 1.555519 0.000234
 0.4111 1.555476 0.000239
 0.4128 1.555440 0.000242
 0.4158 1.555376 0.000256
 0.4188 1.555311 0.000253
 0.4218 1.555247 0.000262
 0.4248 1.555183 0.000272
 0.4278 1.555118 0.000273
 0.4308 1.555054 0.000282
 0.4338 1.554990 0.000296
 0.4368 1.554926 0.000301
 0.4398 1.554861 0.000302
 0.4428 1.554797 0.000307
 0.4458 1.554733 0.000296
 0.4488 1.554669 0.000297
 0.4513 1.554615 0.000294
 0.4533 1.554572 0.000308
 0.4553 1.554529 0.000301
 0.4573 1.554486 0.000298
 0.4593 1.554443 0.000302
 0.4613 1.554401 0.000296
 0.4633 1.554358 0.000296
 0.4653 1.554315 0.000286
 0.4673 1.554272 0.000274
 0.4693 1.554229 0.000259
 0.4713 1.554186 0.000243
 0.4733 1.554144 0.000231
 0.4753 1.554101 0.000225
 0.4773 1.554058 0.000205
 0.4793 1.554015 0.000199
 0.4813 1.553972 0.000194
 0.4833 1.553929 0.000193
 0.4853 1.553886 0.000189
 0.4873 1.553843 0.000191
 0.4893 1.553801 0.000186
 0.4913 1.553758 0.000185
 0.4933 1.553715 0.000184
 0.4953 1.553672 0.000182
 0.4973 1.553629 0.000182
 0.4993 1.553586 0.000184
 0.5013 1.553543 0.000182
 0.5033 1.553501 0.000178
 0.5053 1.553458 0.000177
 0.5073 1.553415 0.000175
 0.5093 1.553372 0.000173
 0.5113 1.553329 0.000171
 0.5133 1.553286 0.000168
 0.5153 1.553244 0.000168
 0.5173 1.553201 0.000165
 0.5193 1.553158 0.000167
 0.5213 1.553115 0.000164
 0.5233 1.553072 0.000165
 0.5253 1.553029 0.000160
 0.5273 1.552986 0.000160
 0.5293 1.552943 0.000157
 0.5313 1.552901 0.000155
 0.5333 1.552858 0.000156
 0.5353 1.552815 0.000153
 0.5373 1.552772 0.000152
 0.5393 1.552729 0.000153
 0.5413 1.552686 0.000151
 0.5433 1.552644 0.000152
 0.5453 1.552601 0.000154
 0.5473 1.552558 0.000154
 0.5493 1.552515 0.000150
 0.5513 1.552472 0.000152
 0.5533 1.552429 0.000154
 0.5553 1.552386 0.000152
 0.5573 1.552343 0.000156
 0.5593 1.552301 0.000157
 0.5613 1.552258 0.000155
 0.5633 1.552215 0.000157
 0.5653 1.552172 0.000158
 0.5673 1.552129 0.000160
 0.5693 1.552086 0.000157
 0.5713 1.552044 0.000159
 0.5733 1.552001 0.000161
 0.5753 1.551958 0.000159
 0.5773 1.551915 0.000161
 0.5793 1.551872 0.000162
 0.5813 1.551829 0.000160
 0.5833 1.551786 0.000164
 0.5853 1.551744 0.000164
 0.5873 1.551701 0.000164
 0.5893 1.551658 0.000161
 0.5913 1.551615 0.000163
 0.5933 1.551572 0.000167
 0.5953 1.551529 0.000166
 0.5973 1.551486 0.000167
 0.5993 1.551443 0.000168
 0.6011 1.551405 0.000170
 0.6027 1.551371 0.000174
 0.6043 1.551336 0.000169
 0.6059 1.551302 0.000174
 0.6075 1.551268 0.000178
 0.6091 1.551234 0.000176
 0.6107 1.551199 0.000175
 0.6123 1.551165 0.000174
 0.6139 1.551131 0.000176
 0.6155 1.551096 0.000175
 0.6171 1.551062 0.000175
 0.6187 1.551028 0.000182
 0.6203 1.550994 0.000181
 0.6219 1.550959 0.000185
 0.6235 1.550925 0.000183
 0.6251 1.550891 0.000186
 0.6267 1.550856 0.000184
 0.6283 1.550822 0.000184
 0.6299 1.550788 0.000192
 0.6317 1.550749 0.000188
 0.6337 1.550706 0.000188
 0.6357 1.550663 0.000194
 0.6377 1.550621 0.000194
 0.6397 1.550578 0.000195
 0.6417 1.550535 0.000197
 0.6437 1.550492 0.000198
 0.6457 1.550449 0.000200
 0.6477 1.550406 0.000198
 0.6497 1.550364 0.000202
 0.6517 1.550321 0.000205
 0.6537 1.550278 0.000201
 0.6557 1.550235 0.000203
 0.6577 1.550192 0.000204
 0.6597 1.550149 0.000207
 0.6617 1.550106 0.000206
 0.6637 1.550063 0.000203
 0.6657 1.550021 0.000205
 0.6677 1.549978 0.000203
 0.6702 1.549924 0.000206
 0.6732 1.549860 0.000203
 0.6762 1.549796 0.000202
 0.6792 1.549731 0.000202
 0.6822 1.549667 0.000202
 0.6852 1.549603 0.000202
 0.6882 1.549538 0.000203
 0.6912 1.549474 0.000202
 0.6942 1.549410 0.000201
 0.6972 1.549346 0.000204
 0.7002 1.549281 0.000200
 0.7020 1.549243 0.000203
 0.7040 1.549200 0.000203
 0.7060 1.549157 0.000202
 0.7080 1.549114 0.000202
 0.7100 1.549071 0.000200
 0.7120 1.549029 0.000200
 0.7140 1.548986 0.000202
 0.7160 1.548943 0.000200
 0.7180 1.548900 0.000205
 0.7200 1.548857 0.000202
 0.7220 1.548814 0.000201
 0.7240 1.548771 0.000206
 0.7260 1.548728 0.000202
 0.7280 1.548686 0.000205
 0.7300 1.548643 0.000204
 0.7320 1.548600 0.000206
 0.7340 1.548557 0.000205
 0.7360 1.548514 0.000205
 0.7380 1.548471 0.000206
 0.7400 1.548429 0.000206
 0.7420 1.548386 0.000211
 0.7440 1.548343 0.000206
 0.7460 1.548300 0.000208
 0.7480 1.548257 0.000213
 0.7505 1.548203 0.000213
 0.7535 1.548139 0.000214
 0.7565 1.548075 0.000214
 0.7595 1.548011 0.000214
 0.7625 1.547946 0.000216
 0.7655 1.547882 0.000213
 0.7685 1.547818 0.000216
 0.7715 1.547753 0.000214
 0.7745 1.547689 0.000219
 0.7775 1.547625 0.000217
 0.7810 1.547550 0.000215
 0.7850 1.547464 0.000215
 0.7890 1.547379 0.000219
 0.7930 1.547293 0.000217
 0.7970 1.547207 0.000219
 0.8015 1.547111 0.000219
 0.8065 1.547004 0.000225
 0.8115 1.546896 0.000221
 0.8165 1.546789 0.000226
 0.8220 1.546671 0.000231
 0.8280 1.546543 0.000232
 0.8350 1.546393 0.000241
 0.8510 1.546050 0.000240
 0.8590 1.545879 0.000246
 0.8710 1.545621 0.000252
 0.8830 1.545364 0.000268
 0.8940 1.545128 0.000278
 0.9040 1.544914 0.000288
 0.9140 1.544700 0.000289
 0.9240 1.544486 0.000302
 0.9330 1.544293 0.000304
 0.9410 1.544121 0.000316
 0.9490 1.543950 0.000326
 0.9570 1.543779 0.000339
 0.9640 1.543628 0.000324
 0.9700 1.543500 0.000341
 0.9760 1.543371 0.000339
 0.9820 1.543243 0.000341
 0.9880 1.543114 0.000343
 0.9940 1.542986 0.000345
 1.0000 1.542857 0.000356
 1.0060 1.542729 0.000353
 1.0120 1.542600 0.000361
 1.0180 1.542471 0.000374
 1.0235 1.542354 0.000366
 1.0285 1.542246 0.000364
 1.0335 1.542139 0.000373
 1.0385 1.542032 0.000383
 1.0435 1.541925 0.000377
 1.0485 1.541818 0.000383
 1.0535 1.541711 0.000390
 1.0585 1.541604 0.000393
 1.0635 1.541496 0.000395
 1.0685 1.541389 0.000399
 1.0735 1.541282 0.000406
 1.0785 1.541175 0.000404
 1.0835 1.541068 0.000409
 1.0885 1.540961 0.000412
 1.0935 1.540854 0.000410
 1.0985 1.540746 0.000412
 1.1035 1.540639 0.000423
 1.1085 1.540532 0.000424
 1.1135 1.540425 0.000425
 1.1185 1.540318 0.000424
 1.1235 1.540211 0.000421
 1.1285 1.540104 0.000433
 1.1335 1.539996 0.000430
 1.1385 1.539889 0.000432
 1.1435 1.539782 0.000441
 1.1485 1.539675 0.000440
 1.1535 1.539568 0.000443
 1.1585 1.539461 0.000446
 1.1635 1.539353 0.000446
 1.1685 1.539246 0.000442
 1.1735 1.539139 0.000447
 1.1785 1.539032 0.000455
 1.1835 1.538925 0.000464
 1.1885 1.538818 0.000454
 1.1935 1.538711 0.000461
 1.1985 1.538604 0.000455
 1.2035 1.538496 0.000456
 1.2085 1.538389 0.000467
 1.2135 1.538282 0.000462
 1.2185 1.538175 0.000459
 1.2235 1.538068 0.000459
 1.2285 1.537961 0.000471
 1.2335 1.537853 0.000461
 1.2385 1.537746 0.000460
 1.2435 1.537639 0.000468
 1.2485 1.537532 0.000466
 1.2535 1.537425 0.000475
 1.2585 1.537318 0.000473
 1.2635 1.537211 0.000472
 1.2685 1.537104 0.000469
 1.2735 1.536996 0.000485
 1.2785 1.536889 0.000499
 1.2835 1.536782 0.000497
 1.2885 1.536675 0.000497
 1.2935 1.536568 0.000488
 1.2985 1.536461 0.000488
 1.3035 1.536353 0.000490
 1.3085 1.536246 0.000488
 1.3135 1.536139 0.000493
 1.3185 1.536032 0.000487
 1.3235 1.535925 0.000486
 1.3285 1.535818 0.000494
 1.3335 1.535711 0.000494
 1.3385 1.535604 0.000499
 1.3435 1.535496 0.000502
 1.3485 1.535389 0.000508
 1.3535 1.535282 0.000528
 1.3585 1.535175 0.000582
 1.3635 1.535068 0.000575
 1.3685 1.534961 0.000552
 1.3735 1.534854 0.000540
 1.3785 1.534746 0.000543
 1.3835 1.534639 0.000639
 1.3885 1.534532 0.000984
 1.3935 1.534425 0.000953
 1.3985 1.534318 0.001072
 1.4035 1.534211 0.000901
 1.4085 1.534104 0.000687
 1.4135 1.533996 0.000623
 1.4185 1.533889 0.000604
 1.4235 1.533782 0.000628
 1.4285 1.533675 0.000605
 1.4335 1.533568 0.000579
 1.4385 1.533461 0.000584
 1.4435 1.533354 0.000577
 1.4485 1.533246 0.000562
 1.4535 1.533139 0.000573
 1.4585 1.533032 0.000561
 1.4635 1.532925 0.000560
 1.4685 1.532818 0.000564
 1.4735 1.532711 0.000558
 1.4785 1.532604 0.000553
 1.4835 1.532496 0.000561
 1.4885 1.532389 0.000567
 1.4935 1.532282 0.000560
 1.4985 1.532175 0.000558
 1.5035 1.532068 0.000558
 1.5085 1.531961 0.000566
 1.5135 1.531854 0.000569
 1.5185 1.531746 0.000558
 1.5235 1.531639 0.000565
 1.5285 1.531532 0.000565
 1.5340 1.531414 0.000579
 1.5400 1.531286 0.000572
 1.5460 1.531157 0.000579
 1.5520 1.531029 0.000585
 1.5580 1.530900 0.000570
 1.5640 1.530771 0.000577
 1.5705 1.530632 0.000588
 1.5775 1.530482 0.000581
 1.5845 1.530332 0.000582
 1.5915 1.530182 0.000582
 1.5985 1.530032 0.000597
 1.6055 1.529882 0.000593
 1.6125 1.529732 0.000594
 1.6195 1.529582 0.000590
 1.6265 1.529432 0.000604
 1.6335 1.529282 0.000602
 1.6405 1.529132 0.000607
 1.6475 1.528982 0.000620
 1.6545 1.528832 0.000621
 1.6615 1.528682 0.000612
 1.6685 1.528532 0.000613
 1.6760 1.528371 0.000626
 1.6840 1.528200 0.000656
 1.6920 1.528028 0.000635
 1.7000 1.527857 0.000628
 1.7080 1.527686 0.000635
 1.7160 1.527514 0.000649
 1.7240 1.527343 0.000653
 1.7320 1.527171 0.000646
 1.7400 1.527000 0.000666
 1.7480 1.526829 0.000662
 1.7560 1.526657 0.000679
 1.7640 1.526486 0.000682
 1.7720 1.526314 0.000681
 1.7800 1.526143 0.000691
 1.7880 1.525971 0.000705
 1.7960 1.525800 0.000694
 1.8050 1.525607 0.000709
 1.8150 1.525393 0.000720
 1.8250 1.525179 0.000719
 1.8350 1.524964 0.000732
 1.8450 1.524750 0.000743
 1.8550 1.524536 0.000756
 1.8650 1.524321 0.000754
 1.8750 1.524107 0.000783
 1.8850 1.523893 0.000814
 1.8950 1.523679 0.000862
 1.9050 1.523464 0.000923
 1.9150 1.523250 0.000990
 1.9250 1.523036 0.001014
 1.9350 1.522821 0.001042
 1.9450 1.522607 0.001074
 1.9550 1.522393 0.001077
 1.9650 1.522179 0.001156
 1.9750 1.521964 0.001143
 1.9850 1.521750 0.001219
 1.9950 1.521536 0.001141
 2.0050 1.521321 0.001121
 2.0150 1.521107 0.001123
 2.0250 1.520893 0.001131
 2.0350 1.520679 0.001058
 2.0450 1.520464 0.001091
 2.0550 1.520250 0.000984
 2.0650 1.520036 0.000970
 2.0750 1.519821 0.001004
 2.0850 1.519607 0.001010
 2.0950 1.519393 0.001089
 2.1050 1.519179 0.001160
 2.1150 1.518964 0.001147
 2.1250 1.518750 0.001144
 2.1350 1.518536 0.001164
 2.1450 1.518321 0.001133
 2.1550 1.518107 0.001113
 2.1650 1.517893 0.001037
 2.1750 1.517678 0.001037
 2.1850 1.517464 0.001055
 2.1950 1.517250 0.001049
 2.2050 1.517036 0.001066
 2.2150 1.516821 0.001084
 2.2250 1.516607 0.001237
 2.2350 1.516393 0.001418
 2.2450 1.516178 0.001739
 2.2550 1.515964 0.001797
 2.2650 1.515750 0.002015
 2.2750 1.515536 0.002598
 2.2850 1.515321 0.002617
 2.2950 1.515107 0.002839
 2.3050 1.514893 0.003485
 2.3150 1.514679 0.003802
 2.3250 1.514464 0.004180
 2.3350 1.514250 0.004415
 2.3450 1.514036 0.003956
 2.3550 1.513821 0.002486
 2.3650 1.513607 0.002437
 2.3750 1.513393 0.002914
 2.3860 1.513157 0.002776
 2.4000 1.512857 0.002958
 2.4180 1.512471 0.003157
 2.4400 1.512000 0.003625
 2.4660 1.511443 0.003326
 2.4960 1.510800 0.004148
 2.5280 1.510114 0.004472
 2.5600 1.509429 0.003994
 2.5920 1.508743 0.003496
 2.6240 1.508057 0.002839
 2.6560 1.507371 0.003442
 2.6880 1.506686 0.005986
 2.7027 1.462000 0.058800
 2.7100 1.488000 0.081300
 2.7174 1.521000 0.101000
 2.7248 1.535000 0.075200
 2.7322 1.539000 0.056400
 2.7397 1.537000 0.047200
 2.7473 1.531000 0.039800
 2.7548 1.528000 0.030900
 2.7624 1.527000 0.025700
 2.7701 1.527000 0.024600
 2.7778 1.525000 0.024300
 2.7855 1.522000 0.023500
 2.7933 1.519000 0.022800
 2.8011 1.517000 0.023500
 2.8090 1.516000 0.024900
 2.8169 1.514000 0.024600
 2.8249 1.511000 0.022800
 2.8329 1.512000 0.020600
 2.8409 1.513000 0.018100
 2.8490 1.513000 0.015800
 2.8571 1.511000 0.014100
 2.8653 1.511000 0.012800
 2.8736 1.511000 0.012300
 2.8818 1.511000 0.012900
 2.8902 1.512000 0.013400
 2.8986 1.512000 0.012900
 2.9155 1.512000 0.012700
 2.9155 1.511000 0.012800
 2.9240 1.509000 0.012400
 2.9326 1.507000 0.012200
 2.9412 1.506000 0.012800
 2.9499 1.506000 0.013300
 2.9586 1.507000 0.012900
 2.9674 1.505000 0.012000
 2.9762 1.503000 0.011000
 2.9851 1.504000 0.010300
 2.9940 1.506000 0.009660
 3.0030 1.507000 0.009010
 3.0120 1.506000 0.008430
 3.0211 1.505000 0.007970
 3.0303 1.504000 0.007410
 3.0395 1.505000 0.006270
 3.0488 1.508000 0.005380
 3.0581 1.509000 0.005260
 3.0675 1.508000 0.005300
 3.0769 1.505000 0.004880
 3.0864 1.503000 0.004590
 3.0960 1.503000 0.005090
 3.1056 1.504000 0.004960
 3.1153 1.504000 0.004200
 3.1250 1.504000 0.004040
 3.1348 1.502000 0.004380
 3.1447 1.500000 0.004790
 3.1546 1.500000 0.004820
 3.1646 1.501000 0.004700
 3.1746 1.502000 0.004800
 3.1847 1.503000 0.004760
 3.1949 1.504000 0.004680
 3.2051 1.506000 0.004810
 3.2154 1.506000 0.005020
 3.2258 1.506000 0.005040
 3.2362 1.503000 0.004950
 3.2468 1.499000 0.004960
 3.2573 1.498000 0.005160
 3.2680 1.497000 0.005240
 3.2787 1.496000 0.004950
 3.2895 1.495000 0.004490
 3.3003 1.495000 0.004480
 3.3113 1.494000 0.004470
 3.3223 1.495000 0.004460
 3.3333 1.496000 0.004450
 3.3445 1.495000 0.004440
 3.3557 1.494000 0.004430
 3.3670 1.493000 0.004420
 3.3784 1.494000 0.004410
 3.3898 1.495000 0.004400
 3.4014 1.495000 0.004390
 3.4130 1.493000 0.004380
 3.4247 1.493000 0.004370
 3.4364 1.493000 0.004360
 3.4483 1.493000 0.004350
 3.4602 1.496000 0.004350
 3.4722 1.498000 0.004340
 3.4843 1.498000 0.004330
 3.4965 1.498000 0.004320
 3.5088 1.495000 0.004310
 3.5211 1.492000 0.004300
 3.5336 1.493000 0.004290
 3.5461 1.494000 0.004280
 3.5587 1.495000 0.004270
 3.5714 1.495000 0.004260
 3.5842 1.493000 0.004250
 3.5971 1.493000 0.004240
 3.6101 1.493000 0.004230
 3.6232 1.495000 0.004220
 3.6364 1.497000 0.004210
 3.6496 1.498000 0.004640
 3.6630 1.497000 0.004360
 3.6765 1.496000 0.003760
 3.6900 1.497000 0.003370
 3.7037 1.499000 0.003280
 3.7175 1.500000 0.003500
 3.7313 1.500000 0.003560
 3.7453 1.499000 0.003230
 3.7594 1.500000 0.002820
 3.7736 1.501000 0.002870
 3.7879 1.500000 0.003210
 3.8023 1.496000 0.003420
 3.8168 1.492000 0.003700
 3.8314 1.491000 0.004160
 3.8462 1.491000 0.004560
 3.8610 1.490000 0.004700
 3.8760 1.490000 0.004640
 3.8911 1.491000 0.004600
 3.9063 1.492000 0.004690
 3.9216 1.493000 0.004760
 3.9370 1.494000 0.004720
 3.9526 1.495000 0.004620
 3.9683 1.495000 0.004570
 3.9841 1.497000 0.004540
 4.0000 1.500000 0.004620
 4.0161 1.500000 0.004550
 4.0323 1.501000 0.004100
 4.0486 1.503000 0.003790
 4.0650 1.505000 0.003700
 4.0816 1.502000 0.003690
 4.0984 1.500000 0.003730
 4.1152 1.500000 0.003690
 4.1322 1.500000 0.003710
 4.1494 1.499000 0.003990
