  3.00000e-05
  2.80000e-05
  2.59979e-05
  2.21213e-05
  1.90150e-05
  1.69961e-05
  1.59346e-05
  1.55715e-05
  1.58029e-05
  1.66112e-05
  1.78686e-05
  1.97543e-05
  2.20715e-05
  2.47128e-05
  2.78153e-05
  3.10839e-05
  3.44616e-05
  3.79992e-05
  4.16619e-05
  4.50405e-05
  4.85303e-05
  5.16774e-05
  5.49004e-05
  5.78669e-05
  6.06615e-05
  6.30170e-05
  6.49894e-05
  6.64917e-05
  6.75889e-05
  6.83504e-05
  6.87439e-05
  6.88137e-05
  6.86190e-05
  6.81984e-05
  6.76013e-05
  6.68644e-05
  6.56116e-05
  6.45662e-05
  6.32620e-05
  6.18824e-05
  6.05959e-05
  5.93128e-05
  5.80272e-05
  5.69605e-05
  5.59201e-05
  5.50483e-05
  5.42934e-05
  5.37180e-05
  5.32849e-05
  5.30524e-05
  5.30079e-05
  5.31165e-05
  5.32582e-05
  5.36168e-05
  5.41570e-05
  5.47729e-05
  5.55136e-05
  5.62928e-05
  5.71301e-05
  5.80987e-05
  5.90046e-05
  5.98396e-05
  6.05747e-05
  6.12066e-05
  6.17522e-05
  6.20937e-05
  6.24328e-05
  6.26557e-05
  6.28627e-05
  6.30210e-05
  6.29961e-05
  6.29611e-05
  6.27618e-05
  6.26906e-05
  6.25615e-05
  6.23069e-05
  6.21406e-05
  6.18042e-05
  6.14693e-05
  6.10636e-05
  6.06744e-05
  6.03190e-05
  5.99096e-05
  5.95593e-05
  5.92497e-05
  5.88876e-05
  5.83842e-05
  5.79263e-05
  5.73914e-05
  5.70332e-05
  5.64814e-05
  5.59589e-05
  5.54172e-05
  5.48562e-05
  5.42761e-05
  5.36767e-05
  5.30581e-05
  5.24203e-05
  5.17633e-05
  5.10870e-05
