SiO2 glass form Handbook of optical constants of solids, edited by
E.D. Palik (1985) Academic Press.  Values set to -1.e+32 where data is
not provided
Wavel.    real imag.     imag. index
microns  index index     (from transmission)
--------------------------------------------------
0.04959  0.733 0.325     -1.e+32 
0.0500   0.803 0.300     -1.e+32
0.0510   0.804 0.322     -1.e+32
0.05166  0.753 0.375     -1.e+32
0.0520   0.806 0.343     -1.e+32
0.0530   0.811 0.366     -1.e+32
0.05391  0.774 0.434     -1.e+32
0.540    0.817 0.385     -1.e+32
0.0550   0.822 0.408     -1.e+32
0.0560   0.829 0.430     -1.e+32
0.05636  0.797 0.480     -1.e+32
0.0570   0.833 0.450     -1.e+32
0.0580   0.843 0.470     -1.e+32
0.0590   0.851 0.482     -1.e+32
0.05904  0.827 0.530     -1.e+32
0.0600   0.862 0.497     -1.e+32
0.06199  0.859 0.585     -1.e+32
0.06358  0.879 0.613     -1.e+32
0.06526  0.902 0.645     -1.e+32
0.06701  0.927 0.677     -1.e+32
0.06888  0.957 0.712     -1.e+32
0.06985  0.975 0.731     -1.e+32
0.07085  0.999 0.750     -1.e+32
0.07187  1.030 0.763     -1.e+32
0.07293  1.072 0.768     -1.e+32
0.07402  1.124 0.765     -1.e+32
0.07514  1.137 0.755     -1.e+32
0.07630  1.156 0.737     -1.e+32
0.07749  1.172 0.717     -1.e+32
0.07872  1.178 0.703     -1.e+32
0.07999  1.172 0.696     -1.e+32
0.08130  1.167 0.699     -1.e+32
0.08266  1.168 0.711     -1.e+32
0.08405  1.175 0.739     -1.e+32
0.08551  1.195 0.771     -1.e+32
0.08700  1.225 0.799     -1.e+32
0.08856  1.265 0.808     -1.e+32
0.09017  1.320 0.795     -1.e+32
0.09184  1.363 0.775     -1.e+32
0.09357  1.371 0.755     -1.e+32
0.09537  1.368 0.747     -1.e+32
0.09724  1.372 0.766     -1.e+32
0.09919  1.383 0.793     -1.e+32
0.1012   1.410 0.824     -1.e+32
0.1033   1.475 0.861     -1.e+32
0.1051   1.554 0.874     -1.e+32
0.1069   1.635 0.859     -1.e+32
0.1088   1.716 0.810     -1.e+32
0.1107   1.766 0.718     -1.e+32
0.1127   1.739 0.569     -1.e+32
0.1137   1.687 0.565     -1.e+32
0.1148   1.587 0.618     -1.e+32
0.1159   1.513 0.725     -1.e+32
0.1170   1.492 0.914     -1.e+32
0.1181   1.567 1.11      -1.e+32
0.1187   1.645 1.136     -1.e+32
0.1192   1.772 1.13      -1.e+32
0.1198   1.919 1.045     -1.e+32
0.1204   2.048 0.925     -1.e+32
0.1210   2.152 0.810     -1.e+32
0.1215   2.240 0.715     -1.e+32
0.1228   2.332 0.460     -1.e+32
0.1240   2.330 0.323     -1.e+32
0.1252   2.292 0.236     -1.e+32
0.1265   2.243 0.168     -1.e+32
0.1278   2.190 0.119     -1.e+32
0.1291   2.140 0.077     -1.e+32
0.1305   2.092 0.0561    -1.e+32
0.1319   2.047 0.0430    -1.e+32
0.1333   2.006 0.0339    -1.e+32
0.1348   1.969 0.0271    -1.e+32
0.1362   1.935 0.0228    -1.e+32
0.1378   1.904 1.89e-2   -1.e+32
0.1393   1.876 1.56e-2   -1.e+32
0.1409   1.850 1.32e-2   -1.e+32
0.1425   1.825 1.09e-2   -1.e+32
0.1442   1.803 8.38e-3   -1.e+32
0.1459   1.783 5.57e-3   -1.e+32
0.1476   1.764 3.17e-3   -1.e+32
0.1494   1.747 1.40e-3   -1.e+32
0.1512   1.730 4.63e-4   -1.e+32
0.1531   1.716 1.22e-4   -1.e+32
0.1550   1.702 3.2e-5    -1.e+32
0.1590   1.676 4.7e-6    -1.e+32
0.1631   1.653 -1.e+32    -1.e+32
0.1675   1.633 -1.e+32    -1.e+32
0.1722   1.616 -1.e+32   -1.e+32
0.1771   1.600 -1.e+32   -1.e+32
0.1837   1.582 -1.e+32   -1.e+32
0.1907   1.567 -1.e+32   -1.e+32
0.1984   1.554 -1.e+32   -1.e+32
0.2066   1.543 -1.e+32   -1.e+32
0.213856 1.53429 -1.e+32 -1.e+32
0.214438 1.53371 -1.e+32 -1.e+32
0.226747 1.52276 -1.e+32 -1.e+32
0.230209 1.52009 -1.e+32 -1.e+32
0.237833 1.51474 -1.e+32 -1.e+32
0.239938 1.51338 -1.e+32 -1.e+32
0.248272 1.50841 -1.e+32 -1.e+32
0.265204 1.50004 -1.e+32 -1.e+32
0.269885 1.49805 -1.e+32 -1.e+32
0.275278 1.49592 -1.e+32 -1.e+32
0.280347 1.49404 -1.e+32 -1.e+32
0.289360 1.49099 -1.e+32 -1.e+32
0.296728 1.48873 -1.e+32 -1.e+32
0.302150 1.48719 -1.e+32 -1.e+32
0.330259 1.48053 -1.e+32 -1.e+32
0.334148 1.47976 -1.e+32 -1.e+32
0.340365 1.47858 -1.e+32 -1.e+32
0.346620 1.47746 -1.e+32 -1.e+32
0.361051 1.47512 -1.e+32 -1.e+32
0.365015 1.47453 -1.e+32 -1.e+32
0.404656 1.46961 -1.e+32 -1.e+32
0.435835 1.46669 -1.e+32 -1.e+32
0.467816 1.46429 -1.e+32 -1.e+32
0.486133 1.46313 -1.e+32 -1.e+32
0.508582 1.46187 -1.e+32 -1.e+32
0.546074 1.46008 -1.e+32 -1.e+32
0.576959 1.45885 -1.e+32 -1.e+32
0.579065 1.45877 -1.e+32 -1.e+32
0.587561 1.45847 -1.e+32 -1.e+32
0.589262 1.45841 -1.e+32 -1.e+32
0.643847 1.45671 -1.e+32 -1.e+32
0.656272 1.45637 -1.e+32 -1.e+32
0.667815 1.45608 -1.e+32 -1.e+32
0.706519 1.45515 -1.e+32 -1.e+32
0.852111 1.45248 -1.e+32 -1.e+32
0.894350 1.45185 -1.e+32 -1.e+32
1.01398  1.45025 -1.e+32 -1.e+32
1.08297  1.44941 -1.e+32 -1.e+32
1.12866  1.44888 -1.e+32 -1.e+32
1.3622   1.44621 -1.e+32 -1.e+32
1.39506  1.44584 -1.e+32 -1.e+32
1.4695   1.44497 -1.e+32 -1.e+32
1.52952  1.44427 -1.e+32 -1.e+32
1.6606   1.44267 -1.e+32 -1.e+32
1.681    1.44241 -1.e+32 -1.e+32
1.6932   1.44226 -1.e+32 -1.e+32
1.70913  1.44205 -1.e+32 -1.e+32
1.81307  1.44069 -1.e+32 -1.e+32
1.97009  1.43851 -1.e+32 -1.e+32
2.0581   1.43722 -1.e+32 -1.e+32
2.1526   1.43576 -1.e+32 -1.e+32
2.32542  1.43292 -1.e+32 -1.e+32
2.4374   1.43095 -1.e+32 -1.e+32
3.2439   1.41314 -1.e+32 -1.e+32
3.2668   1.41253 -1.e+32 -1.e+32
3.3026   1.41155 -1.e+32 -1.e+32
3.422    1.40819 -1.e+32 -1.e+32
3.5070   1.40568 -1.e+32 -1.e+32
3.5564   1.40418 -1.e+32 -1.e+32
3.636    -1.e+32 -1.e+32  2.25e-5
3.704    -1.e+32 -1.e+32  3.39e-5
3.7067   1.39936 -1.e+32 -1.e+32
3.774    -1.e+32 -1.e+32  3.93e-5
3.846    1.395   -1.e+32  4.96e-5
3.922    -1.e+32 -1.e+32  5.18e-5
4.000    -1.e+32 -1.e+32  5.79e-5
4.082    -1.e+32 -1.e+32  7.99e-5
4.167    1.383   -1.3+32  1.07e-4
4.255    -1.e+32 -1.e+32  1.32e-4
4.348    -1.e+32 -1.e+32  2.13e-4
4.396    -1.e+32 -1.e+32  2.65e-4
4.444    -1.e+32 -1.e+32  2.84e-4
4.494    -1.e+32 -1.e+32  2.84e-4
4.545    1.365   -1.e+32  2.56e-4
4.651    -1.e+32 -1.e+32  2.62e-4
4.762    -1.e+32 -1.e+32  4.85e-4
4.878    -1.e+32 -1.e+32  1.82e-3
5.000    1.342   -1.e+32  3.98e-3
5.063    -1.e+32 -1.e+32  5.12e-3
5.128    -1.e+32 -1.e+32  5.18e-3
5.263    -1.e+32 -1.e+32  5.49e-3
5.333    -1.e+32 -1.e+32  5.69e-3
5.405    -1.e+32 -1.e+32  5.72e-3
5.556    1.306   -1.e+32  5.63e-3
5.714    -1.e+32 -1.e+32 -1.e+32
5.882    1.278   -1.e+32  5.94e-3
6.061    -1.e+32 -1.e+32  6.32e-3
6.154    -1.e+32 -1.e+32  6.46e-3
6.250    1.239   -1.e+32  6.52e-3
6.452    1.212   -1.e+32  6.57e-3
6.667    1.175   -1.e+32  7.16e-3
6.757    1.158   -1.e+32 -1.e+32
6.849    1.135   -1.e+32 -1.e+32
6.897    -1.e+32 -1.e+32  8.51e-3
6.944    1.107   -1.e+32 -1.e+32
7.042    1.084   -1.e+32 -1.e+32
7.143    1.053   -1.e+32  1.06e-2
7.246    1.014   -1.e+32 -1.e+32
7.353    0.9702  -1.e+32 -1.e+32
7.407    0.9488  -1.e+32  1.48e-2
7.463    0.9175  -1.e+32 -1.e+32
7.519    0.8897  -1.e+32 -1.e+32
7.576    0.8600  -1.e+32 -1.e+32
7.634    0.8213  -1.e+32 -1.e+32
7.692    0.7719  3.72e-2  4.0e-2 
7.752    0.7037  4.74e-2  5.2e-2
7.813    0.6232  7.68e-2  7.3e-2
7.874    0.5456  0.132   -1.e+32
7.937    0.4677  0.216   -1.e+32
8.000    0.4113  0.323   -1.e+32
8.065    0.3931  0.446   -1.e+32
8.130    0.4020  0.553   -1.e+32
8.197    0.4329  0.635   -1.e+32
8.265    0.4530  0.704   -1.e+32
8.333    0.4600  0.771   -1.e+32
8.403    0.4730  0.840   -1.e+32
8.475    0.4746  0.903   -1.e+32
8.547    0.4656  0.978   -1.e+32
8.621    0.4563  1.07    -1.e+32
8.696    0.4309  1.17    -1.e+32
8.772    0.3915  1.32    -1.e+32
8.850    0.3563  1.53    -1.e+32
8.929    0.3705  1.85    -1.e+32
9.009    0.5846  2.27    -1.e+32
9.091    1.043   2.55    -1.e+32
9.174    1.616   2.63    -1.e+32
9.302    2.250   2.26    -1.e+32
9.524    2.760   1.65    -1.e+32
9.756    2.839   0.962   -1.e+32
10.00    2.694   0.509   -1.e+32
10.26    2.448   0.231    6.8e-2
10.53    2.224   0.102    3.1e-2
10.81    2.038   4.60e-2  2.3e-2
11.11    1.869   5.06e-2  2.2e-2
11.36    1.784   7.75e-2  2.6e-2
11.63    1.690   0.116    7.7e-2
11.76    1.652   0.152    0.12
11.90    1.619   0.204    0.17
12.05    1.615   0.267   -1.e+32
12.20    1.658   0.323   -1.e+32
12.35    1.701   0.341   -1.e+32
12.50    1.753   0.343   -1.e+32
12.66    1.789   0.314   -1.e+32
12.82    1.811   0.275    0.16
12.99    1.810   0.227    0.11
13.16    1.779   0.192    8.5e-2
13.33    1.756   0.177    8.0e-2
13.79    1.698   0.157    7.5e-2
14.29    1.643   0.157    7.2e-2
14.81    1.598   0.168    7.7e-2
15.38    1.555   0.182    8.8e-2
16.00    1.502   0.202    0.11
16.67    1.450   0.235    0.14
17.24    1.401   0.264    0.16
17.86    1.337   0.298    0.18
18.52    1.235   0.341    0.21
18.97    1.161   0.377    0.25
19.23    1.050   0.415    0.32
19.61    0.8857  0.524   -1.e+32
20.00    0.6616  0.822   -1.e+32
20.41    0.5777  1.28    -1.e+32
20.83    0.7517  1.86    -1.e+32
21.05    1.002   2.22    -1.e+32
21.28    1.484   2.39    -1.e+32
21.74    2.308   2.29    -1.e+32
22.73    2.936   1.29    -1.e+32
23.81    2.912   0.738   -1.e+32
25.00    2.739   0.397   -1.e+32
26.67    2.537   0.199    0.20
28.57    2.388   -1.e+32  0.13
30.77    2.284   -1.e+32  9.2e-2
33.33    2.210   -1.e+32  6.7e-2
36.36    2.147   -1.e+32  5.6e-2
40.00    2.100   -1.e+32  4.6e-2
100.0    1.967   1.59e-2 -1.e+32
125.0    1.962   1.19e-2 -1.e+32
166.7    1.959   8.62e-3 -1.e+32
250.0    1.957   6.96e-3 -1.e+32
500.0    1.955   7.96e-3 -1.e+32
