Fibroferrite optical constants from Roush, J. Geophys.
Res., 101, 2215-2224, 1996.  From best fit oscillators
given in Table 5.
  wavelength  calc. ref.  real index  imag. index
 5.0004E+00  3.6078E-02  1.4669E+00   1.9003E-03
 5.0053E+00  3.6057E-02  1.4668E+00   1.9134E-03
 5.0101E+00  3.6036E-02  1.4666E+00   1.9266E-03
 5.0150E+00  3.6015E-02  1.4664E+00   1.9399E-03
 5.0198E+00  3.5994E-02  1.4663E+00   1.9535E-03
 5.0247E+00  3.5973E-02  1.4661E+00   1.9672E-03
 5.0296E+00  3.5951E-02  1.4659E+00   1.9810E-03
 5.0344E+00  3.5930E-02  1.4657E+00   1.9950E-03
 5.0393E+00  3.5908E-02  1.4656E+00   2.0092E-03
 5.0442E+00  3.5886E-02  1.4654E+00   2.0237E-03
 5.0492E+00  3.5865E-02  1.4652E+00   2.0383E-03
 5.0541E+00  3.5842E-02  1.4650E+00   2.0531E-03
 5.0590E+00  3.5820E-02  1.4649E+00   2.0680E-03
 5.0639E+00  3.5798E-02  1.4647E+00   2.0832E-03
 5.0689E+00  3.5776E-02  1.4645E+00   2.0985E-03
 5.0739E+00  3.5753E-02  1.4643E+00   2.1141E-03
 5.0788E+00  3.5730E-02  1.4641E+00   2.1300E-03
 5.0838E+00  3.5707E-02  1.4640E+00   2.1460E-03
 5.0888E+00  3.5684E-02  1.4638E+00   2.1622E-03
 5.0938E+00  3.5661E-02  1.4636E+00   2.1787E-03
 5.0988E+00  3.5638E-02  1.4634E+00   2.1953E-03
 5.1038E+00  3.5614E-02  1.4632E+00   2.2123E-03
 5.1088E+00  3.5591E-02  1.4630E+00   2.2295E-03
 5.1139E+00  3.5567E-02  1.4628E+00   2.2469E-03
 5.1189E+00  3.5543E-02  1.4626E+00   2.2646E-03
 5.1240E+00  3.5519E-02  1.4624E+00   2.2825E-03
 5.1290E+00  3.5495E-02  1.4622E+00   2.3006E-03
 5.1341E+00  3.5470E-02  1.4620E+00   2.3191E-03
 5.1392E+00  3.5446E-02  1.4618E+00   2.3379E-03
 5.1443E+00  3.5421E-02  1.4616E+00   2.3569E-03
 5.1494E+00  3.5396E-02  1.4614E+00   2.3762E-03
 5.1546E+00  3.5371E-02  1.4612E+00   2.3958E-03
 5.1597E+00  3.5345E-02  1.4610E+00   2.4157E-03
 5.1648E+00  3.5320E-02  1.4608E+00   2.4359E-03
 5.1700E+00  3.5294E-02  1.4606E+00   2.4564E-03
 5.1751E+00  3.5269E-02  1.4604E+00   2.4773E-03
 5.1803E+00  3.5243E-02  1.4602E+00   2.4984E-03
 5.1855E+00  3.5217E-02  1.4600E+00   2.5200E-03
 5.1907E+00  3.5190E-02  1.4598E+00   2.5419E-03
 5.1959E+00  3.5164E-02  1.4596E+00   2.5640E-03
 5.2011E+00  3.5137E-02  1.4594E+00   2.5866E-03
 5.2063E+00  3.5110E-02  1.4591E+00   2.6095E-03
 5.2115E+00  3.5083E-02  1.4589E+00   2.6329E-03
 5.2168E+00  3.5056E-02  1.4587E+00   2.6566E-03
 5.2220E+00  3.5028E-02  1.4585E+00   2.6808E-03
 5.2273E+00  3.5000E-02  1.4583E+00   2.7054E-03
 5.2326E+00  3.4973E-02  1.4580E+00   2.7302E-03
 5.2379E+00  3.4944E-02  1.4578E+00   2.7556E-03
 5.2432E+00  3.4916E-02  1.4576E+00   2.7815E-03
 5.2485E+00  3.4887E-02  1.4573E+00   2.8078E-03
 5.2538E+00  3.4859E-02  1.4571E+00   2.8346E-03
 5.2591E+00  3.4830E-02  1.4569E+00   2.8619E-03
 5.2645E+00  3.4800E-02  1.4566E+00   2.8897E-03
 5.2698E+00  3.4771E-02  1.4564E+00   2.9178E-03
 5.2752E+00  3.4741E-02  1.4562E+00   2.9466E-03
 5.2805E+00  3.4711E-02  1.4559E+00   2.9760E-03
 5.2859E+00  3.4681E-02  1.4557E+00   3.0059E-03
 5.2913E+00  3.4651E-02  1.4554E+00   3.0363E-03
 5.2967E+00  3.4620E-02  1.4552E+00   3.0674E-03
 5.3021E+00  3.4589E-02  1.4549E+00   3.0989E-03
 5.3075E+00  3.4558E-02  1.4547E+00   3.1312E-03
 5.3130E+00  3.4527E-02  1.4544E+00   3.1641E-03
 5.3184E+00  3.4495E-02  1.4542E+00   3.1977E-03
 5.3239E+00  3.4463E-02  1.4539E+00   3.2319E-03
 5.3294E+00  3.4431E-02  1.4536E+00   3.2669E-03
 5.3349E+00  3.4398E-02  1.4534E+00   3.3026E-03
 5.3403E+00  3.4366E-02  1.4531E+00   3.3388E-03
 5.3459E+00  3.4332E-02  1.4528E+00   3.3760E-03
 5.3514E+00  3.4299E-02  1.4526E+00   3.4139E-03
 5.3569E+00  3.4265E-02  1.4523E+00   3.4527E-03
 5.3624E+00  3.4231E-02  1.4520E+00   3.4923E-03
 5.3680E+00  3.4197E-02  1.4517E+00   3.5328E-03
 5.3735E+00  3.4163E-02  1.4515E+00   3.5740E-03
 5.3791E+00  3.4128E-02  1.4512E+00   3.6163E-03
 5.3847E+00  3.4092E-02  1.4509E+00   3.6596E-03
 5.3903E+00  3.4057E-02  1.4506E+00   3.7038E-03
 5.3959E+00  3.4021E-02  1.4503E+00   3.7491E-03
 5.4016E+00  3.3985E-02  1.4500E+00   3.7954E-03
 5.4072E+00  3.3948E-02  1.4497E+00   3.8428E-03
 5.4128E+00  3.3911E-02  1.4494E+00   3.8911E-03
 5.4185E+00  3.3874E-02  1.4491E+00   3.9408E-03
 5.4241E+00  3.3836E-02  1.4488E+00   3.9917E-03
 5.4298E+00  3.3798E-02  1.4485E+00   4.0438E-03
 5.4355E+00  3.3759E-02  1.4482E+00   4.0973E-03
 5.4412E+00  3.3721E-02  1.4479E+00   4.1521E-03
 5.4469E+00  3.3682E-02  1.4475E+00   4.2080E-03
 5.4527E+00  3.3642E-02  1.4472E+00   4.2656E-03
 5.4584E+00  3.3602E-02  1.4469E+00   4.3248E-03
 5.4642E+00  3.3561E-02  1.4466E+00   4.3854E-03
 5.4699E+00  3.3520E-02  1.4462E+00   4.4477E-03
 5.4757E+00  3.3479E-02  1.4459E+00   4.5117E-03
 5.4815E+00  3.3437E-02  1.4455E+00   4.5775E-03
 5.4873E+00  3.3395E-02  1.4452E+00   4.6446E-03
 5.4931E+00  3.3352E-02  1.4448E+00   4.7141E-03
 5.4989E+00  3.3309E-02  1.4445E+00   4.7855E-03
 5.5048E+00  3.3265E-02  1.4441E+00   4.8589E-03
 5.5106E+00  3.3220E-02  1.4438E+00   4.9344E-03
 5.5165E+00  3.3176E-02  1.4434E+00   5.0122E-03
 5.5223E+00  3.3131E-02  1.4430E+00   5.0918E-03
 5.5282E+00  3.3085E-02  1.4426E+00   5.1743E-03
 5.5341E+00  3.3038E-02  1.4423E+00   5.2592E-03
 5.5400E+00  3.2991E-02  1.4419E+00   5.3468E-03
 5.5460E+00  3.2943E-02  1.4415E+00   5.4371E-03
 5.5519E+00  3.2895E-02  1.4411E+00   5.5303E-03
 5.5579E+00  3.2846E-02  1.4407E+00   5.6265E-03
 5.5638E+00  3.2797E-02  1.4403E+00   5.7252E-03
 5.5698E+00  3.2747E-02  1.4399E+00   5.8277E-03
 5.5758E+00  3.2696E-02  1.4394E+00   5.9337E-03
 5.5818E+00  3.2645E-02  1.4390E+00   6.0432E-03
 5.5878E+00  3.2593E-02  1.4386E+00   6.1564E-03
 5.5938E+00  3.2540E-02  1.4382E+00   6.2736E-03
 5.5999E+00  3.2487E-02  1.4377E+00   6.3942E-03
 5.6059E+00  3.2432E-02  1.4373E+00   6.5198E-03
 5.6120E+00  3.2377E-02  1.4368E+00   6.6499E-03
 5.6181E+00  3.2321E-02  1.4363E+00   6.7848E-03
 5.6242E+00  3.2265E-02  1.4359E+00   6.9247E-03
 5.6303E+00  3.2207E-02  1.4354E+00   7.0699E-03
 5.6364E+00  3.2149E-02  1.4349E+00   7.2205E-03
 5.6425E+00  3.2090E-02  1.4344E+00   7.3763E-03
 5.6487E+00  3.2030E-02  1.4339E+00   7.5389E-03
 5.6548E+00  3.1969E-02  1.4334E+00   7.7080E-03
 5.6610E+00  3.1907E-02  1.4329E+00   7.8840E-03
 5.6672E+00  3.1844E-02  1.4324E+00   8.0672E-03
 5.6734E+00  3.1780E-02  1.4318E+00   8.2580E-03
 5.6796E+00  3.1715E-02  1.4313E+00   8.4559E-03
 5.6858E+00  3.1649E-02  1.4307E+00   8.6632E-03
 5.6921E+00  3.1582E-02  1.4302E+00   8.8796E-03
 5.6983E+00  3.1514E-02  1.4296E+00   9.1056E-03
 5.7046E+00  3.1445E-02  1.4290E+00   9.3418E-03
 5.7109E+00  3.1374E-02  1.4284E+00   9.5887E-03
 5.7172E+00  3.1303E-02  1.4278E+00   9.8470E-03
 5.7235E+00  3.1230E-02  1.4272E+00   1.0116E-02
 5.7298E+00  3.1156E-02  1.4266E+00   1.0399E-02
 5.7361E+00  3.1081E-02  1.4259E+00   1.0697E-02
 5.7425E+00  3.1004E-02  1.4253E+00   1.1008E-02
 5.7489E+00  3.0926E-02  1.4246E+00   1.1336E-02
 5.7553E+00  3.0847E-02  1.4240E+00   1.1680E-02
 5.7616E+00  3.0766E-02  1.4233E+00   1.2040E-02
 5.7680E+00  3.0684E-02  1.4226E+00   1.2420E-02
 5.7745E+00  3.0601E-02  1.4219E+00   1.2821E-02
 5.7809E+00  3.0516E-02  1.4211E+00   1.3244E-02
 5.7874E+00  3.0430E-02  1.4204E+00   1.3690E-02
 5.7938E+00  3.0342E-02  1.4196E+00   1.4161E-02
 5.8003E+00  3.0253E-02  1.4189E+00   1.4659E-02
 5.8068E+00  3.0163E-02  1.4181E+00   1.5183E-02
 5.8133E+00  3.0071E-02  1.4173E+00   1.5741E-02
 5.8198E+00  2.9977E-02  1.4165E+00   1.6331E-02
 5.8264E+00  2.9883E-02  1.4157E+00   1.6958E-02
 5.8329E+00  2.9787E-02  1.4148E+00   1.7623E-02
 5.8395E+00  2.9690E-02  1.4140E+00   1.8329E-02
 5.8461E+00  2.9593E-02  1.4131E+00   1.9077E-02
 5.8527E+00  2.9494E-02  1.4122E+00   1.9876E-02
 5.8593E+00  2.9395E-02  1.4113E+00   2.0728E-02
 5.8659E+00  2.9295E-02  1.4104E+00   2.1636E-02
 5.8726E+00  2.9195E-02  1.4095E+00   2.2604E-02
 5.8792E+00  2.9095E-02  1.4086E+00   2.3638E-02
 5.8859E+00  2.8996E-02  1.4077E+00   2.4743E-02
 5.8926E+00  2.8898E-02  1.4067E+00   2.5918E-02
 5.8993E+00  2.8801E-02  1.4058E+00   2.7181E-02
 5.9060E+00  2.8707E-02  1.4049E+00   2.8533E-02
 5.9128E+00  2.8617E-02  1.4040E+00   2.9980E-02
 5.9195E+00  2.8530E-02  1.4031E+00   3.1530E-02
 5.9263E+00  2.8449E-02  1.4023E+00   3.3188E-02
 5.9330E+00  2.8375E-02  1.4015E+00   3.4954E-02
 5.9398E+00  2.8309E-02  1.4007E+00   3.6853E-02
 5.9466E+00  2.8253E-02  1.4000E+00   3.8884E-02
 5.9535E+00  2.8209E-02  1.3994E+00   4.1052E-02
 5.9603E+00  2.8181E-02  1.3988E+00   4.3362E-02
 5.9672E+00  2.8170E-02  1.3984E+00   4.5820E-02
 5.9741E+00  2.8180E-02  1.3981E+00   4.8427E-02
 5.9809E+00  2.8214E-02  1.3980E+00   5.1168E-02
 5.9878E+00  2.8276E-02  1.3981E+00   5.4066E-02
 5.9948E+00  2.8369E-02  1.3984E+00   5.7098E-02
 6.0017E+00  2.8499E-02  1.3990E+00   6.0250E-02
 6.0087E+00  2.8669E-02  1.3999E+00   6.3497E-02
 6.0157E+00  2.8883E-02  1.4011E+00   6.6809E-02
 6.0226E+00  2.9142E-02  1.4027E+00   7.0128E-02
 6.0296E+00  2.9452E-02  1.4046E+00   7.3438E-02
 6.0366E+00  2.9812E-02  1.4070E+00   7.6661E-02
 6.0437E+00  3.0222E-02  1.4099E+00   7.9727E-02
 6.0507E+00  3.0679E-02  1.4131E+00   8.2561E-02
 6.0578E+00  3.1178E-02  1.4168E+00   8.5081E-02
 6.0649E+00  3.1713E-02  1.4208E+00   8.7209E-02
 6.0720E+00  3.2271E-02  1.4251E+00   8.8864E-02
 6.0791E+00  3.2846E-02  1.4297E+00   9.0005E-02
 6.0862E+00  3.3425E-02  1.4344E+00   9.0577E-02
 6.0934E+00  3.3994E-02  1.4391E+00   9.0560E-02
 6.1006E+00  3.4541E-02  1.4438E+00   8.9954E-02
 6.1078E+00  3.5055E-02  1.4483E+00   8.8785E-02
 6.1150E+00  3.5527E-02  1.4526E+00   8.7099E-02
 6.1222E+00  3.5949E-02  1.4566E+00   8.4972E-02
 6.1294E+00  3.6321E-02  1.4601E+00   8.2454E-02
 6.1367E+00  3.6637E-02  1.4633E+00   7.9635E-02
 6.1439E+00  3.6899E-02  1.4660E+00   7.6594E-02
 6.1512E+00  3.7108E-02  1.4683E+00   7.3408E-02
 6.1585E+00  3.7267E-02  1.4702E+00   7.0145E-02
 6.1658E+00  3.7379E-02  1.4717E+00   6.6880E-02
 6.1732E+00  3.7450E-02  1.4728E+00   6.3629E-02
 6.1805E+00  3.7485E-02  1.4736E+00   6.0448E-02
 6.1879E+00  3.7487E-02  1.4740E+00   5.7366E-02
 6.1953E+00  3.7462E-02  1.4742E+00   5.4405E-02
 6.2027E+00  3.7413E-02  1.4742E+00   5.1579E-02
 6.2102E+00  3.7343E-02  1.4740E+00   4.8899E-02
 6.2176E+00  3.7258E-02  1.4736E+00   4.6378E-02
 6.2251E+00  3.7159E-02  1.4731E+00   4.3993E-02
 6.2325E+00  3.7049E-02  1.4725E+00   4.1755E-02
 6.2401E+00  3.6929E-02  1.4717E+00   3.9658E-02
 6.2476E+00  3.6803E-02  1.4709E+00   3.7698E-02
 6.2551E+00  3.6671E-02  1.4700E+00   3.5867E-02
 6.2626E+00  3.6536E-02  1.4691E+00   3.4168E-02
 6.2702E+00  3.6398E-02  1.4681E+00   3.2576E-02
 6.2778E+00  3.6257E-02  1.4671E+00   3.1092E-02
 6.2854E+00  3.6115E-02  1.4661E+00   2.9709E-02
 6.2931E+00  3.5972E-02  1.4651E+00   2.8420E-02
 6.3007E+00  3.5830E-02  1.4640E+00   2.7219E-02
 6.3084E+00  3.5687E-02  1.4629E+00   2.6099E-02
 6.3160E+00  3.5546E-02  1.4619E+00   2.5060E-02
 6.3238E+00  3.5405E-02  1.4608E+00   2.4086E-02
 6.3315E+00  3.5265E-02  1.4597E+00   2.3177E-02
 6.3392E+00  3.5127E-02  1.4586E+00   2.2328E-02
 6.3470E+00  3.4989E-02  1.4576E+00   2.1535E-02
 6.3548E+00  3.4853E-02  1.4565E+00   2.0793E-02
 6.3625E+00  3.4720E-02  1.4555E+00   2.0103E-02
 6.3704E+00  3.4587E-02  1.4544E+00   1.9454E-02
 6.3782E+00  3.4455E-02  1.4534E+00   1.8846E-02
 6.3861E+00  3.4325E-02  1.4524E+00   1.8277E-02
 6.3939E+00  3.4197E-02  1.4513E+00   1.7744E-02
 6.4018E+00  3.4070E-02  1.4503E+00   1.7243E-02
 6.4098E+00  3.3944E-02  1.4493E+00   1.6774E-02
 6.4177E+00  3.3821E-02  1.4483E+00   1.6336E-02
 6.4256E+00  3.3698E-02  1.4474E+00   1.5922E-02
 6.4336E+00  3.3576E-02  1.4464E+00   1.5533E-02
 6.4416E+00  3.3456E-02  1.4454E+00   1.5168E-02
 6.4496E+00  3.3337E-02  1.4445E+00   1.4825E-02
 6.4577E+00  3.3219E-02  1.4435E+00   1.4503E-02
 6.4657E+00  3.3103E-02  1.4426E+00   1.4201E-02
 6.4737E+00  3.2987E-02  1.4416E+00   1.3916E-02
 6.4818E+00  3.2872E-02  1.4407E+00   1.3647E-02
 6.4900E+00  3.2758E-02  1.4398E+00   1.3395E-02
 6.4981E+00  3.2645E-02  1.4388E+00   1.3158E-02
 6.5063E+00  3.2533E-02  1.4379E+00   1.2935E-02
 6.5144E+00  3.2421E-02  1.4370E+00   1.2725E-02
 6.5226E+00  3.2311E-02  1.4361E+00   1.2529E-02
 6.5308E+00  3.2201E-02  1.4352E+00   1.2343E-02
 6.5391E+00  3.2091E-02  1.4343E+00   1.2169E-02
 6.5473E+00  3.1982E-02  1.4334E+00   1.2006E-02
 6.5556E+00  3.1874E-02  1.4325E+00   1.1853E-02
 6.5639E+00  3.1766E-02  1.4316E+00   1.1709E-02
 6.5722E+00  3.1659E-02  1.4307E+00   1.1575E-02
 6.5805E+00  3.1552E-02  1.4299E+00   1.1449E-02
 6.5889E+00  3.1445E-02  1.4290E+00   1.1332E-02
 6.5973E+00  3.1339E-02  1.4281E+00   1.1222E-02
 6.6057E+00  3.1233E-02  1.4272E+00   1.1120E-02
 6.6142E+00  3.1127E-02  1.4263E+00   1.1024E-02
 6.6226E+00  3.1021E-02  1.4254E+00   1.0936E-02
 6.6310E+00  3.0916E-02  1.4246E+00   1.0855E-02
 6.6395E+00  3.0811E-02  1.4237E+00   1.0780E-02
 6.6481E+00  3.0705E-02  1.4228E+00   1.0710E-02
 6.6566E+00  3.0600E-02  1.4219E+00   1.0647E-02
 6.6652E+00  3.0495E-02  1.4210E+00   1.0589E-02
 6.6737E+00  3.0389E-02  1.4202E+00   1.0536E-02
 6.6823E+00  3.0285E-02  1.4193E+00   1.0489E-02
 6.6909E+00  3.0179E-02  1.4184E+00   1.0447E-02
 6.6996E+00  3.0074E-02  1.4175E+00   1.0409E-02
 6.7083E+00  2.9968E-02  1.4166E+00   1.0376E-02
 6.7170E+00  2.9862E-02  1.4157E+00   1.0348E-02
 6.7257E+00  2.9756E-02  1.4148E+00   1.0324E-02
 6.7344E+00  2.9650E-02  1.4139E+00   1.0305E-02
 6.7431E+00  2.9544E-02  1.4130E+00   1.0289E-02
 6.7519E+00  2.9438E-02  1.4121E+00   1.0278E-02
 6.7607E+00  2.9331E-02  1.4112E+00   1.0271E-02
 6.7696E+00  2.9223E-02  1.4103E+00   1.0267E-02
 6.7784E+00  2.9115E-02  1.4094E+00   1.0268E-02
 6.7873E+00  2.9007E-02  1.4085E+00   1.0272E-02
 6.7962E+00  2.8899E-02  1.4076E+00   1.0279E-02
 6.8051E+00  2.8790E-02  1.4066E+00   1.0291E-02
 6.8140E+00  2.8681E-02  1.4057E+00   1.0305E-02
 6.8230E+00  2.8571E-02  1.4048E+00   1.0324E-02
 6.8320E+00  2.8461E-02  1.4038E+00   1.0345E-02
 6.8410E+00  2.8350E-02  1.4029E+00   1.0371E-02
 6.8501E+00  2.8238E-02  1.4019E+00   1.0399E-02
 6.8591E+00  2.8127E-02  1.4009E+00   1.0431E-02
 6.8682E+00  2.8014E-02  1.4000E+00   1.0466E-02
 6.8773E+00  2.7901E-02  1.3990E+00   1.0504E-02
 6.8864E+00  2.7787E-02  1.3980E+00   1.0546E-02
 6.8956E+00  2.7672E-02  1.3970E+00   1.0591E-02
 6.9048E+00  2.7557E-02  1.3960E+00   1.0639E-02
 6.9140E+00  2.7441E-02  1.3950E+00   1.0690E-02
 6.9232E+00  2.7324E-02  1.3940E+00   1.0744E-02
 6.9325E+00  2.7206E-02  1.3930E+00   1.0802E-02
 6.9417E+00  2.7088E-02  1.3920E+00   1.0863E-02
 6.9511E+00  2.6969E-02  1.3909E+00   1.0927E-02
 6.9604E+00  2.6848E-02  1.3899E+00   1.0995E-02
 6.9698E+00  2.6727E-02  1.3888E+00   1.1066E-02
 6.9791E+00  2.6606E-02  1.3877E+00   1.1139E-02
 6.9885E+00  2.6483E-02  1.3867E+00   1.1217E-02
 6.9980E+00  2.6359E-02  1.3856E+00   1.1298E-02
 7.0074E+00  2.6234E-02  1.3845E+00   1.1382E-02
 7.0169E+00  2.6108E-02  1.3834E+00   1.1470E-02
 7.0264E+00  2.5981E-02  1.3823E+00   1.1561E-02
 7.0359E+00  2.5854E-02  1.3811E+00   1.1655E-02
 7.0455E+00  2.5724E-02  1.3800E+00   1.1753E-02
 7.0551E+00  2.5594E-02  1.3788E+00   1.1855E-02
 7.0647E+00  2.5463E-02  1.3777E+00   1.1960E-02
 7.0743E+00  2.5330E-02  1.3765E+00   1.2070E-02
 7.0840E+00  2.5196E-02  1.3753E+00   1.2183E-02
 7.0937E+00  2.5061E-02  1.3741E+00   1.2300E-02
 7.1034E+00  2.4925E-02  1.3729E+00   1.2420E-02
 7.1131E+00  2.4787E-02  1.3716E+00   1.2545E-02
 7.1229E+00  2.4648E-02  1.3704E+00   1.2674E-02
 7.1327E+00  2.4508E-02  1.3691E+00   1.2808E-02
 7.1426E+00  2.4366E-02  1.3678E+00   1.2946E-02
 7.1524E+00  2.4223E-02  1.3666E+00   1.3088E-02
 7.1622E+00  2.4079E-02  1.3653E+00   1.3234E-02
 7.1722E+00  2.3933E-02  1.3639E+00   1.3386E-02
 7.1821E+00  2.3785E-02  1.3626E+00   1.3542E-02
 7.1921E+00  2.3635E-02  1.3612E+00   1.3703E-02
 7.2021E+00  2.3484E-02  1.3598E+00   1.3869E-02
 7.2121E+00  2.3332E-02  1.3585E+00   1.4041E-02
 7.2221E+00  2.3177E-02  1.3570E+00   1.4218E-02
 7.2322E+00  2.3022E-02  1.3556E+00   1.4399E-02
 7.2423E+00  2.2864E-02  1.3542E+00   1.4587E-02
 7.2524E+00  2.2705E-02  1.3527E+00   1.4781E-02
 7.2626E+00  2.2543E-02  1.3512E+00   1.4981E-02
 7.2728E+00  2.2380E-02  1.3497E+00   1.5188E-02
 7.2830E+00  2.2215E-02  1.3481E+00   1.5401E-02
 7.2932E+00  2.2048E-02  1.3466E+00   1.5619E-02
 7.3035E+00  2.1879E-02  1.3450E+00   1.5845E-02
 7.3138E+00  2.1708E-02  1.3434E+00   1.6079E-02
 7.3241E+00  2.1535E-02  1.3418E+00   1.6320E-02
 7.3345E+00  2.1359E-02  1.3401E+00   1.6569E-02
 7.3449E+00  2.1182E-02  1.3384E+00   1.6826E-02
 7.3553E+00  2.1002E-02  1.3367E+00   1.7091E-02
 7.3657E+00  2.0820E-02  1.3350E+00   1.7363E-02
 7.3762E+00  2.0636E-02  1.3332E+00   1.7646E-02
 7.3867E+00  2.0449E-02  1.3314E+00   1.7938E-02
 7.3973E+00  2.0260E-02  1.3296E+00   1.8240E-02
 7.4078E+00  2.0068E-02  1.3278E+00   1.8552E-02
 7.4185E+00  1.9874E-02  1.3259E+00   1.8874E-02
 7.4291E+00  1.9677E-02  1.3240E+00   1.9208E-02
 7.4397E+00  1.9478E-02  1.3220E+00   1.9551E-02
 7.4504E+00  1.9276E-02  1.3200E+00   1.9908E-02
 7.4611E+00  1.9071E-02  1.3180E+00   2.0277E-02
 7.4719E+00  1.8863E-02  1.3160E+00   2.0660E-02
 7.4827E+00  1.8653E-02  1.3139E+00   2.1056E-02
 7.4935E+00  1.8439E-02  1.3117E+00   2.1467E-02
 7.5043E+00  1.8224E-02  1.3096E+00   2.1890E-02
 7.5152E+00  1.8004E-02  1.3074E+00   2.2332E-02
 7.5261E+00  1.7782E-02  1.3051E+00   2.2790E-02
 7.5370E+00  1.7556E-02  1.3028E+00   2.3265E-02
 7.5480E+00  1.7327E-02  1.3005E+00   2.3759E-02
 7.5590E+00  1.7095E-02  1.2981E+00   2.4272E-02
 7.5701E+00  1.6859E-02  1.2956E+00   2.4805E-02
 7.5811E+00  1.6621E-02  1.2932E+00   2.5357E-02
 7.5922E+00  1.6379E-02  1.2906E+00   2.5934E-02
 7.6033E+00  1.6133E-02  1.2880E+00   2.6534E-02
 7.6145E+00  1.5884E-02  1.2854E+00   2.7160E-02
 7.6257E+00  1.5631E-02  1.2827E+00   2.7813E-02
 7.6370E+00  1.5375E-02  1.2799E+00   2.8493E-02
 7.6482E+00  1.5116E-02  1.2771E+00   2.9200E-02
 7.6595E+00  1.4853E-02  1.2742E+00   2.9942E-02
 7.6708E+00  1.4586E-02  1.2712E+00   3.0717E-02
 7.6822E+00  1.4315E-02  1.2682E+00   3.1529E-02
 7.6936E+00  1.4040E-02  1.2651E+00   3.2378E-02
 7.7051E+00  1.3762E-02  1.2619E+00   3.3268E-02
 7.7165E+00  1.3480E-02  1.2587E+00   3.4200E-02
 7.7280E+00  1.3196E-02  1.2554E+00   3.5174E-02
 7.7395E+00  1.2906E-02  1.2520E+00   3.6202E-02
 7.7511E+00  1.2614E-02  1.2485E+00   3.7283E-02
 7.7627E+00  1.2318E-02  1.2449E+00   3.8420E-02
 7.7744E+00  1.2019E-02  1.2412E+00   3.9618E-02
 7.7860E+00  1.1717E-02  1.2375E+00   4.0881E-02
 7.7977E+00  1.1413E-02  1.2336E+00   4.2207E-02
 7.8094E+00  1.1105E-02  1.2296E+00   4.3615E-02
 7.8212E+00  1.0796E-02  1.2256E+00   4.5105E-02
 7.8331E+00  1.0484E-02  1.2214E+00   4.6683E-02
 7.8449E+00  1.0170E-02  1.2171E+00   4.8356E-02
 7.8568E+00  9.8563E-03  1.2127E+00   5.0132E-02
 7.8688E+00  9.5419E-03  1.2081E+00   5.2021E-02
 7.8807E+00  9.2297E-03  1.2035E+00   5.4020E-02
 7.8927E+00  8.9173E-03  1.1987E+00   5.6162E-02
 7.9047E+00  8.6075E-03  1.1938E+00   5.8448E-02
 7.9168E+00  8.3014E-03  1.1888E+00   6.0891E-02
 7.9289E+00  8.0007E-03  1.1836E+00   6.3507E-02
 7.9410E+00  7.7071E-03  1.1782E+00   6.6310E-02
 7.9532E+00  7.4241E-03  1.1728E+00   6.9302E-02
 7.9654E+00  7.1512E-03  1.1672E+00   7.2535E-02
 7.9777E+00  6.8928E-03  1.1615E+00   7.6015E-02
 7.9900E+00  6.6522E-03  1.1556E+00   7.9765E-02
 8.0023E+00  6.4334E-03  1.1496E+00   8.3812E-02
 8.0147E+00  6.2408E-03  1.1435E+00   8.8182E-02
 8.0271E+00  6.0797E-03  1.1372E+00   9.2908E-02
 8.0395E+00  5.9566E-03  1.1310E+00   9.7993E-02
 8.0520E+00  5.8770E-03  1.1246E+00   1.0352E-01
 8.0645E+00  5.8493E-03  1.1182E+00   1.0951E-01
 8.0771E+00  5.8820E-03  1.1118E+00   1.1599E-01
 8.0897E+00  5.9844E-03  1.1055E+00   1.2298E-01
 8.1023E+00  6.1660E-03  1.0993E+00   1.3053E-01
 8.1150E+00  6.4352E-03  1.0934E+00   1.3860E-01
 8.1277E+00  6.8040E-03  1.0877E+00   1.4728E-01
 8.1405E+00  7.2794E-03  1.0824E+00   1.5653E-01
 8.1533E+00  7.8672E-03  1.0777E+00   1.6631E-01
 8.1661E+00  8.5690E-03  1.0735E+00   1.7656E-01
 8.1790E+00  9.3812E-03  1.0701E+00   1.8716E-01
 8.1920E+00  1.0293E-02  1.0676E+00   1.9798E-01
 8.2049E+00  1.1281E-02  1.0660E+00   2.0878E-01
 8.2179E+00  1.2328E-02  1.0653E+00   2.1943E-01
 8.2309E+00  1.3394E-02  1.0656E+00   2.2963E-01
 8.2440E+00  1.4442E-02  1.0666E+00   2.3913E-01
 8.2572E+00  1.5429E-02  1.0683E+00   2.4768E-01
 8.2703E+00  1.6319E-02  1.0702E+00   2.5512E-01
 8.2835E+00  1.7081E-02  1.0721E+00   2.6130E-01
 8.2968E+00  1.7706E-02  1.0735E+00   2.6630E-01
 8.3101E+00  1.8192E-02  1.0742E+00   2.7018E-01
 8.3234E+00  1.8554E-02  1.0738E+00   2.7317E-01
 8.3368E+00  1.8823E-02  1.0720E+00   2.7555E-01
 8.3502E+00  1.9041E-02  1.0685E+00   2.7767E-01
 8.3637E+00  1.9263E-02  1.0634E+00   2.7989E-01
 8.3772E+00  1.9549E-02  1.0566E+00   2.8258E-01
 8.3907E+00  1.9970E-02  1.0481E+00   2.8612E-01
 8.4044E+00  2.0601E-02  1.0380E+00   2.9084E-01
 8.4180E+00  2.1523E-02  1.0265E+00   2.9705E-01
 8.4317E+00  2.2829E-02  1.0136E+00   3.0505E-01
 8.4454E+00  2.4618E-02  9.9965E-01   3.1513E-01
 8.4592E+00  2.6990E-02  9.8488E-01   3.2751E-01
 8.4730E+00  3.0092E-02  9.6943E-01   3.4257E-01
 8.4869E+00  3.4046E-02  9.5368E-01   3.6056E-01
 8.5008E+00  3.8988E-02  9.3803E-01   3.8172E-01
 8.5148E+00  4.5041E-02  9.2293E-01   4.0631E-01
 8.5288E+00  5.2304E-02  9.0897E-01   4.3451E-01
 8.5428E+00  6.0820E-02  8.9680E-01   4.6640E-01
 8.5569E+00  7.0499E-02  8.8721E-01   5.0175E-01
 8.5710E+00  8.1302E-02  8.8089E-01   5.4072E-01
 8.5852E+00  9.2928E-02  8.7867E-01   5.8274E-01
 8.5995E+00  1.0502E-01  8.8128E-01   6.2719E-01
 8.6138E+00  1.1716E-01  8.8932E-01   6.7330E-01
 8.6281E+00  1.2890E-01  9.0324E-01   7.2011E-01
 8.6424E+00  1.3978E-01  9.2313E-01   7.6635E-01
 8.6569E+00  1.4956E-01  9.4917E-01   8.1136E-01
 8.6714E+00  1.5796E-01  9.8096E-01   8.5381E-01
 8.6859E+00  1.6487E-01  1.0179E+00   8.9270E-01
 8.7005E+00  1.7035E-01  1.0591E+00   9.2730E-01
 8.7151E+00  1.7453E-01  1.1034E+00   9.5722E-01
 8.7298E+00  1.7768E-01  1.1501E+00   9.8256E-01
 8.7445E+00  1.8006E-01  1.1982E+00   1.0036E+00
 8.7593E+00  1.8193E-01  1.2480E+00   1.0213E+00
 8.7741E+00  1.8340E-01  1.3000E+00   1.0355E+00
 8.7890E+00  1.8440E-01  1.3548E+00   1.0459E+00
 8.8039E+00  1.8474E-01  1.4131E+00   1.0512E+00
 8.8189E+00  1.8413E-01  1.4745E+00   1.0492E+00
 8.8338E+00  1.8231E-01  1.5372E+00   1.0380E+00
 8.8489E+00  1.7914E-01  1.5990E+00   1.0160E+00
 8.8641E+00  1.7467E-01  1.6560E+00   9.8327E-01
 8.8793E+00  1.6912E-01  1.7049E+00   9.4162E-01
 8.8945E+00  1.6284E-01  1.7434E+00   8.9409E-01
 8.9098E+00  1.5621E-01  1.7710E+00   8.4418E-01
 8.9251E+00  1.4955E-01  1.7886E+00   7.9500E-01
 8.9405E+00  1.4315E-01  1.7978E+00   7.4887E-01
 8.9559E+00  1.3705E-01  1.8005E+00   7.0635E-01
 8.9714E+00  1.3133E-01  1.7985E+00   6.6790E-01
 8.9870E+00  1.2596E-01  1.7928E+00   6.3327E-01
 9.0026E+00  1.2086E-01  1.7840E+00   6.0218E-01
 9.0183E+00  1.1599E-01  1.7722E+00   5.7455E-01
 9.0339E+00  1.1136E-01  1.7578E+00   5.5071E-01
 9.0497E+00  1.0697E-01  1.7407E+00   5.3087E-01
 9.0655E+00  1.0293E-01  1.7216E+00   5.1575E-01
 9.0814E+00  9.9392E-02  1.7011E+00   5.0594E-01
 9.0974E+00  9.6530E-02  1.6803E+00   5.0199E-01
 9.1134E+00  9.4562E-02  1.6603E+00   5.0428E-01
 9.1294E+00  9.3722E-02  1.6427E+00   5.1297E-01
 9.1455E+00  9.4228E-02  1.6295E+00   5.2772E-01
 9.1616E+00  9.6227E-02  1.6226E+00   5.4777E-01
 9.1778E+00  9.9688E-02  1.6242E+00   5.7118E-01
 9.1941E+00  1.0430E-01  1.6360E+00   5.9489E-01
 9.2105E+00  1.0942E-01  1.6583E+00   6.1477E-01
 9.2269E+00  1.1421E-01  1.6894E+00   6.2635E-01
 9.2433E+00  1.1782E-01  1.7251E+00   6.2615E-01
 9.2598E+00  1.1968E-01  1.7598E+00   6.1314E-01
 9.2764E+00  1.1964E-01  1.7884E+00   5.8894E-01
 9.2930E+00  1.1787E-01  1.8070E+00   5.5755E-01
 9.3097E+00  1.1479E-01  1.8144E+00   5.2371E-01
 9.3264E+00  1.1088E-01  1.8114E+00   4.9160E-01
 9.3433E+00  1.0656E-01  1.7999E+00   4.6417E-01
 9.3601E+00  1.0222E-01  1.7821E+00   4.4333E-01
 9.3770E+00  9.8116E-02  1.7602E+00   4.2986E-01
 9.3940E+00  9.4562E-02  1.7361E+00   4.2447E-01
 9.4111E+00  9.1855E-02  1.7117E+00   4.2756E-01
 9.4282E+00  9.0346E-02  1.6890E+00   4.3947E-01
 9.4454E+00  9.0447E-02  1.6702E+00   4.6037E-01
 9.4626E+00  9.2590E-02  1.6585E+00   4.8993E-01
 9.4798E+00  9.7074E-02  1.6573E+00   5.2658E-01
 9.4972E+00  1.0394E-01  1.6704E+00   5.6750E-01
 9.5147E+00  1.1258E-01  1.7007E+00   6.0689E-01
 9.5322E+00  1.2177E-01  1.7483E+00   6.3706E-01
 9.5497E+00  1.2994E-01  1.8088E+00   6.5002E-01
 9.5674E+00  1.3577E-01  1.8735E+00   6.4067E-01
 9.5850E+00  1.3863E-01  1.9316E+00   6.0967E-01
 9.6027E+00  1.3864E-01  1.9754E+00   5.6258E-01
 9.6206E+00  1.3640E-01  2.0013E+00   5.0797E-01
 9.6385E+00  1.3263E-01  2.0100E+00   4.5341E-01
 9.6564E+00  1.2798E-01  2.0052E+00   4.0385E-01
 9.6745E+00  1.2290E-01  1.9906E+00   3.6171E-01
 9.6926E+00  1.1768E-01  1.9694E+00   3.2776E-01
 9.7106E+00  1.1253E-01  1.9441E+00   3.0215E-01
 9.7289E+00  1.0751E-01  1.9159E+00   2.8457E-01
 9.7472E+00  1.0277E-01  1.8859E+00   2.7547E-01
 9.7655E+00  9.8510E-02  1.8554E+00   2.7588E-01
 9.7840E+00  9.5185E-02  1.8261E+00   2.8780E-01
 9.8025E+00  9.3716E-02  1.8023E+00   3.1404E-01
 9.8210E+00  9.5698E-02  1.7932E+00   3.5592E-01
 9.8396E+00  1.0278E-01  1.8136E+00   4.0714E-01
 9.8583E+00  1.1369E-01  1.8728E+00   4.4232E-01
 9.8771E+00  1.2265E-01  1.9493E+00   4.3045E-01
 9.8960E+00  1.2530E-01  2.0006E+00   3.7624E-01
 9.9149E+00  1.2284E-01  2.0124E+00   3.1425E-01
 9.9339E+00  1.1826E-01  1.9986E+00   2.6724E-01
 9.9529E+00  1.1367E-01  1.9759E+00   2.4045E-01
 9.9721E+00  1.1045E-01  1.9563E+00   2.3180E-01
 9.9913E+00  1.0988E-01  1.9515E+00   2.3426E-01
 1.0011E+01  1.1170E-01  1.9656E+00   2.2974E-01
 1.0030E+01  1.1281E-01  1.9811E+00   2.0411E-01
 1.0049E+01  1.1138E-01  1.9802E+00   1.6925E-01
 1.0069E+01  1.0848E-01  1.9666E+00   1.3982E-01
 1.0088E+01  1.0526E-01  1.9485E+00   1.1855E-01
 1.0108E+01  1.0222E-01  1.9301E+00   1.0351E-01
 1.0128E+01  9.9463E-02  1.9129E+00   9.2590E-02
 1.0148E+01  9.6986E-02  1.8971E+00   8.4360E-02
 1.0168E+01  9.4757E-02  1.8827E+00   7.7952E-02
 1.0188E+01  9.2736E-02  1.8695E+00   7.2806E-02
 1.0208E+01  9.0890E-02  1.8573E+00   6.8577E-02
 1.0228E+01  8.9190E-02  1.8461E+00   6.5027E-02
 1.0248E+01  8.7617E-02  1.8357E+00   6.2003E-02
 1.0268E+01  8.6150E-02  1.8259E+00   5.9392E-02
 1.0289E+01  8.4777E-02  1.8167E+00   5.7114E-02
 1.0309E+01  8.3485E-02  1.8080E+00   5.5110E-02
 1.0330E+01  8.2265E-02  1.7998E+00   5.3334E-02
 1.0350E+01  8.1108E-02  1.7919E+00   5.1752E-02
 1.0371E+01  8.0008E-02  1.7845E+00   5.0336E-02
 1.0392E+01  7.8959E-02  1.7774E+00   4.9064E-02
 1.0413E+01  7.7956E-02  1.7705E+00   4.7919E-02
 1.0434E+01  7.6995E-02  1.7640E+00   4.6888E-02
 1.0455E+01  7.6070E-02  1.7576E+00   4.5956E-02
 1.0476E+01  7.5182E-02  1.7516E+00   4.5115E-02
 1.0497E+01  7.4324E-02  1.7457E+00   4.4357E-02
 1.0518E+01  7.3496E-02  1.7400E+00   4.3674E-02
 1.0540E+01  7.2695E-02  1.7344E+00   4.3060E-02
 1.0561E+01  7.1919E-02  1.7291E+00   4.2511E-02
 1.0583E+01  7.1165E-02  1.7238E+00   4.2022E-02
 1.0604E+01  7.0433E-02  1.7188E+00   4.1589E-02
 1.0626E+01  6.9721E-02  1.7138E+00   4.1209E-02
 1.0648E+01  6.9028E-02  1.7090E+00   4.0879E-02
 1.0670E+01  6.8351E-02  1.7042E+00   4.0597E-02
 1.0692E+01  6.7691E-02  1.6996E+00   4.0362E-02
 1.0714E+01  6.7046E-02  1.6951E+00   4.0170E-02
 1.0736E+01  6.6415E-02  1.6907E+00   4.0021E-02
 1.0758E+01  6.5797E-02  1.6863E+00   3.9914E-02
 1.0781E+01  6.5191E-02  1.6820E+00   3.9848E-02
 1.0803E+01  6.4597E-02  1.6778E+00   3.9821E-02
 1.0826E+01  6.4014E-02  1.6737E+00   3.9833E-02
 1.0848E+01  6.3441E-02  1.6696E+00   3.9885E-02
 1.0871E+01  6.2877E-02  1.6656E+00   3.9975E-02
 1.0894E+01  6.2323E-02  1.6616E+00   4.0104E-02
 1.0917E+01  6.1777E-02  1.6577E+00   4.0271E-02
 1.0940E+01  6.1239E-02  1.6539E+00   4.0477E-02
 1.0963E+01  6.0708E-02  1.6501E+00   4.0723E-02
 1.0986E+01  6.0185E-02  1.6463E+00   4.1008E-02
 1.1009E+01  5.9667E-02  1.6426E+00   4.1334E-02
 1.1033E+01  5.9157E-02  1.6389E+00   4.1702E-02
 1.1056E+01  5.8651E-02  1.6352E+00   4.2111E-02
 1.1080E+01  5.8152E-02  1.6316E+00   4.2564E-02
 1.1104E+01  5.7658E-02  1.6279E+00   4.3062E-02
 1.1128E+01  5.7168E-02  1.6244E+00   4.3606E-02
 1.1152E+01  5.6683E-02  1.6208E+00   4.4197E-02
 1.1176E+01  5.6203E-02  1.6173E+00   4.4838E-02
 1.1200E+01  5.5727E-02  1.6137E+00   4.5530E-02
 1.1224E+01  5.5255E-02  1.6102E+00   4.6276E-02
 1.1248E+01  5.4787E-02  1.6067E+00   4.7078E-02
 1.1273E+01  5.4322E-02  1.6033E+00   4.7938E-02
 1.1297E+01  5.3862E-02  1.5998E+00   4.8860E-02
 1.1322E+01  5.3405E-02  1.5963E+00   4.9846E-02
 1.1347E+01  5.2952E-02  1.5929E+00   5.0899E-02
 1.1372E+01  5.2503E-02  1.5895E+00   5.2023E-02
 1.1397E+01  5.2058E-02  1.5861E+00   5.3221E-02
 1.1422E+01  5.1616E-02  1.5827E+00   5.4499E-02
 1.1447E+01  5.1179E-02  1.5793E+00   5.5858E-02
 1.1472E+01  5.0747E-02  1.5759E+00   5.7306E-02
 1.1498E+01  5.0319E-02  1.5725E+00   5.8847E-02
 1.1523E+01  4.9897E-02  1.5692E+00   6.0483E-02
 1.1549E+01  4.9481E-02  1.5658E+00   6.2224E-02
 1.1575E+01  4.9071E-02  1.5625E+00   6.4073E-02
 1.1601E+01  4.8669E-02  1.5592E+00   6.6038E-02
 1.1627E+01  4.8275E-02  1.5559E+00   6.8122E-02
 1.1653E+01  4.7891E-02  1.5527E+00   7.0335E-02
 1.1679E+01  4.7517E-02  1.5495E+00   7.2681E-02
 1.1705E+01  4.7155E-02  1.5464E+00   7.5170E-02
 1.1732E+01  4.6807E-02  1.5433E+00   7.7804E-02
 1.1758E+01  4.6474E-02  1.5402E+00   8.0595E-02
 1.1785E+01  4.6158E-02  1.5373E+00   8.3544E-02
 1.1812E+01  4.5862E-02  1.5344E+00   8.6661E-02
 1.1839E+01  4.5589E-02  1.5316E+00   8.9947E-02
 1.1866E+01  4.5340E-02  1.5290E+00   9.3410E-02
 1.1893E+01  4.5120E-02  1.5265E+00   9.7052E-02
 1.1921E+01  4.4931E-02  1.5242E+00   1.0087E-01
 1.1948E+01  4.4776E-02  1.5220E+00   1.0487E-01
 1.1976E+01  4.4660E-02  1.5201E+00   1.0904E-01
 1.2003E+01  4.4586E-02  1.5183E+00   1.1338E-01
 1.2031E+01  4.4557E-02  1.5169E+00   1.1787E-01
 1.2059E+01  4.4578E-02  1.5157E+00   1.2251E-01
 1.2087E+01  4.4651E-02  1.5149E+00   1.2725E-01
 1.2116E+01  4.4779E-02  1.5144E+00   1.3209E-01
 1.2144E+01  4.4965E-02  1.5143E+00   1.3697E-01
 1.2172E+01  4.5209E-02  1.5146E+00   1.4188E-01
 1.2201E+01  4.5512E-02  1.5153E+00   1.4674E-01
 1.2230E+01  4.5873E-02  1.5165E+00   1.5153E-01
 1.2259E+01  4.6288E-02  1.5181E+00   1.5616E-01
 1.2288E+01  4.6753E-02  1.5201E+00   1.6058E-01
 1.2317E+01  4.7263E-02  1.5225E+00   1.6472E-01
 1.2346E+01  4.7807E-02  1.5253E+00   1.6852E-01
 1.2376E+01  4.8378E-02  1.5284E+00   1.7192E-01
 1.2405E+01  4.8964E-02  1.5318E+00   1.7487E-01
 1.2435E+01  4.9553E-02  1.5355E+00   1.7731E-01
 1.2465E+01  5.0133E-02  1.5392E+00   1.7922E-01
 1.2495E+01  5.0692E-02  1.5430E+00   1.8057E-01
 1.2525E+01  5.1218E-02  1.5468E+00   1.8137E-01
 1.2556E+01  5.1700E-02  1.5505E+00   1.8162E-01
 1.2586E+01  5.2130E-02  1.5539E+00   1.8137E-01
 1.2617E+01  5.2500E-02  1.5571E+00   1.8064E-01
 1.2647E+01  5.2805E-02  1.5599E+00   1.7950E-01
 1.2678E+01  5.3041E-02  1.5623E+00   1.7801E-01
 1.2709E+01  5.3207E-02  1.5643E+00   1.7625E-01
 1.2741E+01  5.3302E-02  1.5658E+00   1.7428E-01
 1.2772E+01  5.3330E-02  1.5668E+00   1.7219E-01
 1.2804E+01  5.3293E-02  1.5673E+00   1.7004E-01
 1.2835E+01  5.3194E-02  1.5673E+00   1.6792E-01
 1.2867E+01  5.3040E-02  1.5669E+00   1.6589E-01
 1.2899E+01  5.2833E-02  1.5660E+00   1.6400E-01
 1.2931E+01  5.2581E-02  1.5647E+00   1.6233E-01
 1.2964E+01  5.2289E-02  1.5629E+00   1.6092E-01
 1.2996E+01  5.1960E-02  1.5608E+00   1.5985E-01
 1.3029E+01  5.1600E-02  1.5583E+00   1.5917E-01
 1.3062E+01  5.1213E-02  1.5554E+00   1.5898E-01
 1.3095E+01  5.0801E-02  1.5520E+00   1.5945E-01
 1.3128E+01  5.0376E-02  1.5482E+00   1.6087E-01
 1.3161E+01  4.9977E-02  1.5440E+00   1.6397E-01
 1.3195E+01  4.9809E-02  1.5402E+00   1.7048E-01
 1.3228E+01  5.0708E-02  1.5426E+00   1.8185E-01
 1.3262E+01  5.2629E-02  1.5568E+00   1.8374E-01
 1.3296E+01  5.2542E-02  1.5601E+00   1.7385E-01
 1.3330E+01  5.1792E-02  1.5560E+00   1.6939E-01
 1.3365E+01  5.1239E-02  1.5519E+00   1.6887E-01
 1.3399E+01  5.0892E-02  1.5488E+00   1.7000E-01
 1.3434E+01  5.0693E-02  1.5466E+00   1.7187E-01
 1.3469E+01  5.0604E-02  1.5450E+00   1.7408E-01
 1.3504E+01  5.0599E-02  1.5440E+00   1.7640E-01
 1.3539E+01  5.0658E-02  1.5436E+00   1.7868E-01
 1.3575E+01  5.0764E-02  1.5435E+00   1.8081E-01
 1.3610E+01  5.0900E-02  1.5438E+00   1.8268E-01
 1.3646E+01  5.1049E-02  1.5443E+00   1.8423E-01
 1.3682E+01  5.1192E-02  1.5449E+00   1.8541E-01
 1.3718E+01  5.1313E-02  1.5455E+00   1.8620E-01
 1.3755E+01  5.1397E-02  1.5460E+00   1.8661E-01
 1.3791E+01  5.1432E-02  1.5463E+00   1.8668E-01
 1.3828E+01  5.1407E-02  1.5461E+00   1.8649E-01
 1.3865E+01  5.1317E-02  1.5456E+00   1.8612E-01
 1.3902E+01  5.1161E-02  1.5446E+00   1.8570E-01
 1.3939E+01  5.0942E-02  1.5430E+00   1.8533E-01
 1.3977E+01  5.0665E-02  1.5409E+00   1.8516E-01
 1.4015E+01  5.0341E-02  1.5383E+00   1.8531E-01
 1.4053E+01  4.9983E-02  1.5352E+00   1.8592E-01
 1.4091E+01  4.9609E-02  1.5317E+00   1.8711E-01
 1.4129E+01  4.9239E-02  1.5280E+00   1.8901E-01
 1.4168E+01  4.8897E-02  1.5240E+00   1.9172E-01
 1.4207E+01  4.8613E-02  1.5201E+00   1.9534E-01
 1.4246E+01  4.8418E-02  1.5163E+00   1.9994E-01
 1.4285E+01  4.8348E-02  1.5130E+00   2.0555E-01
 1.4324E+01  4.8441E-02  1.5104E+00   2.1215E-01
 1.4364E+01  4.8734E-02  1.5088E+00   2.1965E-01
 1.4404E+01  4.9254E-02  1.5086E+00   2.2785E-01
 1.4444E+01  5.0018E-02  1.5099E+00   2.3640E-01
 1.4485E+01  5.1013E-02  1.5131E+00   2.4482E-01
 1.4525E+01  5.2196E-02  1.5182E+00   2.5253E-01
 1.4566E+01  5.3489E-02  1.5248E+00   2.5889E-01
 1.4607E+01  5.4788E-02  1.5327E+00   2.6335E-01
 1.4648E+01  5.5978E-02  1.5410E+00   2.6557E-01
 1.4690E+01  5.6959E-02  1.5490E+00   2.6553E-01
 1.4731E+01  5.7664E-02  1.5560E+00   2.6352E-01
 1.4773E+01  5.8074E-02  1.5613E+00   2.6008E-01
 1.4816E+01  5.8205E-02  1.5648E+00   2.5589E-01
 1.4858E+01  5.8105E-02  1.5665E+00   2.5157E-01
 1.4901E+01  5.7837E-02  1.5666E+00   2.4766E-01
 1.4944E+01  5.7467E-02  1.5654E+00   2.4451E-01
 1.4987E+01  5.7054E-02  1.5633E+00   2.4234E-01
 1.5030E+01  5.6650E-02  1.5607E+00   2.4121E-01
 1.5074E+01  5.6293E-02  1.5580E+00   2.4109E-01
 1.5118E+01  5.6010E-02  1.5553E+00   2.4184E-01
 1.5162E+01  5.5811E-02  1.5529E+00   2.4329E-01
 1.5207E+01  5.5698E-02  1.5509E+00   2.4520E-01
 1.5251E+01  5.5659E-02  1.5494E+00   2.4737E-01
 1.5296E+01  5.5672E-02  1.5482E+00   2.4955E-01
 1.5342E+01  5.5707E-02  1.5473E+00   2.5160E-01
 1.5387E+01  5.5735E-02  1.5465E+00   2.5338E-01
 1.5433E+01  5.5725E-02  1.5455E+00   2.5486E-01
 1.5479E+01  5.5651E-02  1.5442E+00   2.5608E-01
 1.5525E+01  5.5499E-02  1.5423E+00   2.5718E-01
 1.5572E+01  5.5265E-02  1.5397E+00   2.5836E-01
 1.5619E+01  5.4956E-02  1.5363E+00   2.5986E-01
 1.5666E+01  5.4596E-02  1.5320E+00   2.6198E-01
 1.5714E+01  5.4218E-02  1.5269E+00   2.6503E-01
 1.5761E+01  5.3869E-02  1.5213E+00   2.6929E-01
 1.5809E+01  5.3609E-02  1.5152E+00   2.7504E-01
 1.5858E+01  5.3505E-02  1.5091E+00   2.8252E-01
 1.5906E+01  5.3636E-02  1.5034E+00   2.9190E-01
 1.5955E+01  5.4083E-02  1.4985E+00   3.0325E-01
 1.6005E+01  5.4921E-02  1.4951E+00   3.1647E-01
 1.6054E+01  5.6206E-02  1.4937E+00   3.3127E-01
 1.6104E+01  5.7953E-02  1.4950E+00   3.4708E-01
 1.6154E+01  6.0116E-02  1.4993E+00   3.6310E-01
 1.6205E+01  6.2572E-02  1.5066E+00   3.7826E-01
 1.6255E+01  6.5138E-02  1.5165E+00   3.9153E-01
 1.6307E+01  6.7591E-02  1.5279E+00   4.0205E-01
 1.6358E+01  6.9738E-02  1.5397E+00   4.0954E-01
 1.6410E+01  7.1464E-02  1.5502E+00   4.1441E-01
 1.6462E+01  7.2765E-02  1.5585E+00   4.1770E-01
 1.6514E+01  7.3759E-02  1.5641E+00   4.2094E-01
 1.6567E+01  7.4657E-02  1.5671E+00   4.2575E-01
 1.6620E+01  7.5741E-02  1.5686E+00   4.3357E-01
 1.6674E+01  7.7325E-02  1.5700E+00   4.4545E-01
 1.6727E+01  7.9714E-02  1.5735E+00   4.6184E-01
 1.6781E+01  8.3141E-02  1.5812E+00   4.8233E-01
 1.6836E+01  8.7690E-02  1.5956E+00   5.0551E-01
 1.6891E+01  9.3195E-02  1.6184E+00   5.2871E-01
 1.6946E+01  9.9206E-02  1.6504E+00   5.4822E-01
 1.7002E+01  1.0504E-01  1.6903E+00   5.5986E-01
 1.7057E+01  1.0995E-01  1.7347E+00   5.6021E-01
 1.7114E+01  1.1340E-01  1.7785E+00   5.4788E-01
 1.7170E+01  1.1513E-01  1.8168E+00   5.2413E-01
 1.7227E+01  1.1523E-01  1.8460E+00   4.9236E-01
 1.7285E+01  1.1401E-01  1.8646E+00   4.5687E-01
 1.7343E+01  1.1184E-01  1.8732E+00   4.2143E-01
 1.7401E+01  1.0909E-01  1.8736E+00   3.8871E-01
 1.7459E+01  1.0603E-01  1.8677E+00   3.6019E-01
 1.7518E+01  1.0286E-01  1.8576E+00   3.3646E-01
 1.7578E+01  9.9741E-02  1.8446E+00   3.1753E-01
 1.7638E+01  9.6753E-02  1.8301E+00   3.0318E-01
 1.7698E+01  9.3960E-02  1.8147E+00   2.9304E-01
 1.7758E+01  9.1408E-02  1.7992E+00   2.8676E-01
 1.7820E+01  8.9134E-02  1.7839E+00   2.8404E-01
 1.7881E+01  8.7176E-02  1.7693E+00   2.8463E-01
 1.7943E+01  8.5571E-02  1.7557E+00   2.8831E-01
 1.8005E+01  8.4368E-02  1.7434E+00   2.9495E-01
 1.8068E+01  8.3620E-02  1.7327E+00   3.0439E-01
 1.8131E+01  8.3388E-02  1.7241E+00   3.1649E-01
 1.8195E+01  8.3737E-02  1.7179E+00   3.3106E-01
 1.8259E+01  8.4728E-02  1.7149E+00   3.4782E-01
 1.8323E+01  8.6409E-02  1.7153E+00   3.6635E-01
 1.8388E+01  8.8801E-02  1.7200E+00   3.8606E-01
 1.8454E+01  9.1881E-02  1.7292E+00   4.0616E-01
 1.8520E+01  9.5577E-02  1.7433E+00   4.2563E-01
 1.8586E+01  9.9746E-02  1.7624E+00   4.4326E-01
 1.8653E+01  1.0420E-01  1.7862E+00   4.5776E-01
 1.8720E+01  1.0870E-01  1.8139E+00   4.6790E-01
 1.8788E+01  1.1301E-01  1.8444E+00   4.7264E-01
 1.8856E+01  1.1690E-01  1.8762E+00   4.7136E-01
 1.8925E+01  1.2022E-01  1.9077E+00   4.6393E-01
 1.8994E+01  1.2285E-01  1.9373E+00   4.5077E-01
 1.9064E+01  1.2476E-01  1.9637E+00   4.3275E-01
 1.9135E+01  1.2597E-01  1.9861E+00   4.1102E-01
 1.9205E+01  1.2654E-01  2.0040E+00   3.8687E-01
 1.9277E+01  1.2658E-01  2.0174E+00   3.6147E-01
 1.9349E+01  1.2616E-01  2.0266E+00   3.3588E-01
 1.9421E+01  1.2539E-01  2.0320E+00   3.1085E-01
 1.9494E+01  1.2436E-01  2.0343E+00   2.8697E-01
 1.9568E+01  1.2314E-01  2.0339E+00   2.6455E-01
 1.9642E+01  1.2179E-01  2.0315E+00   2.4380E-01
 1.9717E+01  1.2036E-01  2.0274E+00   2.2475E-01
 1.9792E+01  1.1888E-01  2.0222E+00   2.0739E-01
 1.9868E+01  1.1739E-01  2.0160E+00   1.9163E-01
 1.9944E+01  1.1590E-01  2.0093E+00   1.7737E-01
 2.0021E+01  1.1443E-01  2.0022E+00   1.6447E-01
 2.0099E+01  1.1299E-01  1.9948E+00   1.5282E-01
 2.0177E+01  1.1158E-01  1.9873E+00   1.4229E-01
 2.0256E+01  1.1022E-01  1.9798E+00   1.3277E-01
 2.0335E+01  1.0889E-01  1.9723E+00   1.2416E-01
 2.0415E+01  1.0761E-01  1.9648E+00   1.1634E-01
 2.0496E+01  1.0637E-01  1.9575E+00   1.0925E-01
 2.0577E+01  1.0517E-01  1.9503E+00   1.0280E-01
 2.0659E+01  1.0402E-01  1.9433E+00   9.6921E-02
 2.0742E+01  1.0289E-01  1.9363E+00   9.1556E-02
 2.0825E+01  1.0181E-01  1.9296E+00   8.6657E-02
 2.0909E+01  1.0075E-01  1.9230E+00   8.2171E-02
 2.0994E+01  9.9730E-02  1.9165E+00   7.8062E-02
 2.1079E+01  9.8730E-02  1.9101E+00   7.4291E-02
 2.1165E+01  9.7754E-02  1.9038E+00   7.0833E-02
 2.1252E+01  9.6795E-02  1.8976E+00   6.7659E-02
 2.1339E+01  9.5850E-02  1.8915E+00   6.4751E-02
 2.1428E+01  9.4913E-02  1.8854E+00   6.2090E-02
 2.1516E+01  9.3979E-02  1.8792E+00   5.9670E-02
 2.1606E+01  9.3037E-02  1.8730E+00   5.7487E-02
 2.1697E+01  9.2076E-02  1.8666E+00   5.5549E-02
 2.1788E+01  9.1079E-02  1.8600E+00   5.3886E-02
 2.1880E+01  9.0020E-02  1.8529E+00   5.2563E-02
 2.1972E+01  8.8858E-02  1.8450E+00   5.1730E-02
 2.2066E+01  8.7512E-02  1.8358E+00   5.1742E-02
 2.2160E+01  8.5832E-02  1.8242E+00   5.3607E-02
 2.2255E+01  8.3514E-02  1.8076E+00   6.0962E-02
 2.2351E+01  8.0830E-02  1.7853E+00   9.2242E-02
 2.2448E+01  9.2671E-02  1.8540E+00   1.5830E-01
 2.2546E+01  9.5415E-02  1.8872E+00   7.7945E-02
 2.2644E+01  9.1545E-02  1.8632E+00   5.3598E-02
 2.2743E+01  8.9013E-02  1.8465E+00   4.6763E-02
 2.2844E+01  8.7108E-02  1.8336E+00   4.4322E-02
 2.2945E+01  8.5443E-02  1.8223E+00   4.3744E-02
 2.3047E+01  8.3826E-02  1.8112E+00   4.4527E-02
 2.3149E+01  8.2127E-02  1.7993E+00   4.6908E-02
 2.3253E+01  8.0242E-02  1.7860E+00   5.1810E-02
 2.3358E+01  7.8102E-02  1.7703E+00   6.1490E-02
 2.3464E+01  7.5926E-02  1.7528E+00   8.1341E-02
 2.3570E+01  7.5557E-02  1.7431E+00   1.2225E-01
 2.3678E+01  8.2823E-02  1.7808E+00   1.7525E-01
 2.3787E+01  9.1657E-02  1.8471E+00   1.5772E-01
 2.3896E+01  9.0668E-02  1.8494E+00   1.1448E-01
 2.4007E+01  8.6677E-02  1.8233E+00   1.0683E-01
 2.4118E+01  8.5308E-02  1.8065E+00   1.4351E-01
 2.4231E+01  9.6313E-02  1.8698E+00   1.9331E-01
 2.4345E+01  1.0402E-01  1.9376E+00   1.3182E-01
 2.4460E+01  1.0125E-01  1.9270E+00   7.6100E-02
 2.4576E+01  9.7893E-02  1.9065E+00   5.1745E-02
 2.4693E+01  9.5364E-02  1.8901E+00   4.0146E-02
 2.4811E+01  9.3471E-02  1.8776E+00   3.3732E-02
 2.4930E+01  9.1999E-02  1.8678E+00   2.9738E-02
