Calculated for E||b from oscillators in table 1 of Aronson et al., Appl. Opt. 22,
4093-4098, 1983.
  frequency  calc. ref.  real index  imag. index
 4.0112E+02  7.4331E-02  1.7496E+00   8.9782E-03
 4.0305E+02  7.4497E-02  1.7507E+00   9.1515E-03
 4.0498E+02  7.4667E-02  1.7519E+00   9.3297E-03
 4.0691E+02  7.4840E-02  1.7531E+00   9.5128E-03
 4.0883E+02  7.5016E-02  1.7543E+00   9.7012E-03
 4.1076E+02  7.5195E-02  1.7556E+00   9.8951E-03
 4.1269E+02  7.5378E-02  1.7568E+00   1.0095E-02
 4.1462E+02  7.5565E-02  1.7581E+00   1.0300E-02
 4.1655E+02  7.5756E-02  1.7594E+00   1.0512E-02
 4.1848E+02  7.5950E-02  1.7608E+00   1.0730E-02
 4.2040E+02  7.6148E-02  1.7621E+00   1.0954E-02
 4.2233E+02  7.6351E-02  1.7635E+00   1.1186E-02
 4.2426E+02  7.6557E-02  1.7650E+00   1.1425E-02
 4.2619E+02  7.6768E-02  1.7664E+00   1.1671E-02
 4.2812E+02  7.6983E-02  1.7679E+00   1.1925E-02
 4.3005E+02  7.7203E-02  1.7694E+00   1.2188E-02
 4.3198E+02  7.7428E-02  1.7709E+00   1.2459E-02
 4.3390E+02  7.7658E-02  1.7725E+00   1.2739E-02
 4.3583E+02  7.7893E-02  1.7741E+00   1.3028E-02
 4.3776E+02  7.8133E-02  1.7758E+00   1.3327E-02
 4.3969E+02  7.8378E-02  1.7775E+00   1.3637E-02
 4.4162E+02  7.8629E-02  1.7792E+00   1.3957E-02
 4.4355E+02  7.8886E-02  1.7810E+00   1.4289E-02
 4.4548E+02  7.9149E-02  1.7828E+00   1.4632E-02
 4.4740E+02  7.9419E-02  1.7846E+00   1.4988E-02
 4.4933E+02  7.9695E-02  1.7865E+00   1.5357E-02
 4.5126E+02  7.9977E-02  1.7884E+00   1.5740E-02
 4.5319E+02  8.0267E-02  1.7904E+00   1.6137E-02
 4.5512E+02  8.0564E-02  1.7924E+00   1.6549E-02
 4.5705E+02  8.0868E-02  1.7945E+00   1.6977E-02
 4.5898E+02  8.1181E-02  1.7967E+00   1.7422E-02
 4.6090E+02  8.1502E-02  1.7988E+00   1.7885E-02
 4.6283E+02  8.1831E-02  1.8011E+00   1.8366E-02
 4.6476E+02  8.2169E-02  1.8034E+00   1.8868E-02
 4.6669E+02  8.2516E-02  1.8058E+00   1.9389E-02
 4.6862E+02  8.2874E-02  1.8082E+00   1.9934E-02
 4.7055E+02  8.3241E-02  1.8107E+00   2.0501E-02
 4.7247E+02  8.3619E-02  1.8133E+00   2.1094E-02
 4.7440E+02  8.4008E-02  1.8159E+00   2.1713E-02
 4.7633E+02  8.4408E-02  1.8186E+00   2.2360E-02
 4.7826E+02  8.4821E-02  1.8214E+00   2.3037E-02
 4.8019E+02  8.5247E-02  1.8243E+00   2.3745E-02
 4.8212E+02  8.5686E-02  1.8273E+00   2.4488E-02
 4.8405E+02  8.6139E-02  1.8303E+00   2.5267E-02
 4.8597E+02  8.6607E-02  1.8335E+00   2.6084E-02
 4.8790E+02  8.7091E-02  1.8368E+00   2.6943E-02
 4.8983E+02  8.7592E-02  1.8401E+00   2.7846E-02
 4.9176E+02  8.8110E-02  1.8436E+00   2.8798E-02
 4.9369E+02  8.8647E-02  1.8473E+00   2.9801E-02
 4.9562E+02  8.9203E-02  1.8510E+00   3.0860E-02
 4.9754E+02  8.9781E-02  1.8549E+00   3.1980E-02
 4.9947E+02  9.0381E-02  1.8589E+00   3.3166E-02
 5.0140E+02  9.1005E-02  1.8631E+00   3.4424E-02
 5.0333E+02  9.1654E-02  1.8674E+00   3.5760E-02
 5.0526E+02  9.2332E-02  1.8720E+00   3.7183E-02
 5.0719E+02  9.3039E-02  1.8767E+00   3.8701E-02
 5.0912E+02  9.3779E-02  1.8816E+00   4.0326E-02
 5.1104E+02  9.4553E-02  1.8868E+00   4.2069E-02
 5.1297E+02  9.5367E-02  1.8922E+00   4.3948E-02
 5.1490E+02  9.6222E-02  1.8978E+00   4.5977E-02
 5.1683E+02  9.7124E-02  1.9038E+00   4.8184E-02
 5.1876E+02  9.8078E-02  1.9101E+00   5.0594E-02
 5.2069E+02  9.9091E-02  1.9168E+00   5.3248E-02
 5.2261E+02  1.0017E-01  1.9238E+00   5.6194E-02
 5.2454E+02  1.0132E-01  1.9314E+00   5.9503E-02
 5.2647E+02  1.0257E-01  1.9395E+00   6.3269E-02
 5.2840E+02  1.0391E-01  1.9482E+00   6.7633E-02
 5.3033E+02  1.0537E-01  1.9576E+00   7.2810E-02
 5.3226E+02  1.0697E-01  1.9678E+00   7.9121E-02
 5.3418E+02  1.0873E-01  1.9788E+00   8.7096E-02
 5.3611E+02  1.1064E-01  1.9904E+00   9.7568E-02
 5.3804E+02  1.1264E-01  2.0020E+00   1.1185E-01
 5.3997E+02  1.1447E-01  2.0113E+00   1.3152E-01
 5.4190E+02  1.1546E-01  2.0132E+00   1.5682E-01
 5.4383E+02  1.1446E-01  2.0009E+00   1.8112E-01
 5.4576E+02  1.1142E-01  1.9777E+00   1.8987E-01
 5.4768E+02  1.0874E-01  1.9617E+00   1.8008E-01
 5.4961E+02  1.0816E-01  1.9613E+00   1.6558E-01
 5.5154E+02  1.0926E-01  1.9710E+00   1.5571E-01
 5.5347E+02  1.1119E-01  1.9850E+00   1.5166E-01
 5.5540E+02  1.1348E-01  2.0006E+00   1.5220E-01
 5.5733E+02  1.1595E-01  2.0167E+00   1.5611E-01
 5.5925E+02  1.1853E-01  2.0330E+00   1.6263E-01
 5.6118E+02  1.2122E-01  2.0495E+00   1.7133E-01
 5.6311E+02  1.2402E-01  2.0663E+00   1.8206E-01
 5.6504E+02  1.2694E-01  2.0834E+00   1.9476E-01
 5.6697E+02  1.3002E-01  2.1009E+00   2.0953E-01
 5.6890E+02  1.3327E-01  2.1189E+00   2.2655E-01
 5.7083E+02  1.3671E-01  2.1372E+00   2.4606E-01
 5.7275E+02  1.4037E-01  2.1559E+00   2.6838E-01
 5.7468E+02  1.4427E-01  2.1749E+00   2.9392E-01
 5.7661E+02  1.4843E-01  2.1938E+00   3.2313E-01
 5.7854E+02  1.5289E-01  2.2125E+00   3.5657E-01
 5.8047E+02  1.5764E-01  2.2303E+00   3.9481E-01
 5.8240E+02  1.6271E-01  2.2466E+00   4.3855E-01
 5.8433E+02  1.6810E-01  2.2604E+00   4.8838E-01
 5.8625E+02  1.7381E-01  2.2702E+00   5.4489E-01
 5.8818E+02  1.7979E-01  2.2744E+00   6.0843E-01
 5.9011E+02  1.8599E-01  2.2705E+00   6.7886E-01
 5.9204E+02  1.9229E-01  2.2561E+00   7.5542E-01
 5.9397E+02  1.9853E-01  2.2283E+00   8.3621E-01
 5.9590E+02  2.0449E-01  2.1845E+00   9.1821E-01
 5.9782E+02  2.0985E-01  2.1232E+00   9.9696E-01
 5.9975E+02  2.1427E-01  2.0445E+00   1.0673E+00
 6.0168E+02  2.1736E-01  1.9507E+00   1.1239E+00
 6.0361E+02  2.1874E-01  1.8457E+00   1.1627E+00
 6.0554E+02  2.1809E-01  1.7353E+00   1.1813E+00
 6.0747E+02  2.1517E-01  1.6249E+00   1.1796E+00
 6.0939E+02  2.0985E-01  1.5195E+00   1.1595E+00
 6.1132E+02  2.0210E-01  1.4227E+00   1.1237E+00
 6.1325E+02  1.9202E-01  1.3368E+00   1.0758E+00
 6.1518E+02  1.7981E-01  1.2628E+00   1.0190E+00
 6.1711E+02  1.6577E-01  1.2008E+00   9.5610E-01
 6.1904E+02  1.5033E-01  1.1507E+00   8.8973E-01
 6.2097E+02  1.3397E-01  1.1117E+00   8.2184E-01
 6.2289E+02  1.1730E-01  1.0831E+00   7.5421E-01
 6.2482E+02  1.0092E-01  1.0640E+00   6.8819E-01
 6.2675E+02  8.5421E-02  1.0532E+00   6.2502E-01
 6.2868E+02  7.1292E-02  1.0497E+00   5.6555E-01
 6.3061E+02  5.8888E-02  1.0522E+00   5.1052E-01
 6.3254E+02  4.8362E-02  1.0595E+00   4.6026E-01
 6.3447E+02  3.9724E-02  1.0705E+00   4.1493E-01
 6.3639E+02  3.2837E-02  1.0841E+00   3.7438E-01
 6.3832E+02  2.7504E-02  1.0993E+00   3.3837E-01
 6.4025E+02  2.3485E-02  1.1157E+00   3.0651E-01
 6.4218E+02  2.0551E-02  1.1325E+00   2.7839E-01
 6.4411E+02  1.8490E-02  1.1493E+00   2.5358E-01
 6.4604E+02  1.7118E-02  1.1660E+00   2.3165E-01
 6.4796E+02  1.6288E-02  1.1824E+00   2.1226E-01
 6.4989E+02  1.5877E-02  1.1982E+00   1.9507E-01
 6.5182E+02  1.5789E-02  1.2134E+00   1.7979E-01
 6.5375E+02  1.5948E-02  1.2280E+00   1.6616E-01
 6.5568E+02  1.6292E-02  1.2420E+00   1.5398E-01
 6.5761E+02  1.6777E-02  1.2554E+00   1.4305E-01
 6.5953E+02  1.7365E-02  1.2681E+00   1.3322E-01
 6.6146E+02  1.8030E-02  1.2803E+00   1.2435E-01
 6.6339E+02  1.8747E-02  1.2919E+00   1.1633E-01
 6.6532E+02  1.9502E-02  1.3029E+00   1.0905E-01
 6.6725E+02  2.0280E-02  1.3135E+00   1.0243E-01
 6.6918E+02  2.1072E-02  1.3235E+00   9.6382E-02
 6.7111E+02  2.1869E-02  1.3331E+00   9.0859E-02
 6.7303E+02  2.2666E-02  1.3423E+00   8.5798E-02
 6.7496E+02  2.3458E-02  1.3510E+00   8.1146E-02
 6.7689E+02  2.4241E-02  1.3594E+00   7.6866E-02
 6.7882E+02  2.5015E-02  1.3674E+00   7.2916E-02
 6.8075E+02  2.5774E-02  1.3751E+00   6.9266E-02
 6.8268E+02  2.6520E-02  1.3825E+00   6.5886E-02
 6.8461E+02  2.7251E-02  1.3896E+00   6.2751E-02
 6.8653E+02  2.7966E-02  1.3964E+00   5.9836E-02
 6.8846E+02  2.8665E-02  1.4029E+00   5.7125E-02
 6.9039E+02  2.9348E-02  1.4092E+00   5.4596E-02
 6.9232E+02  3.0014E-02  1.4153E+00   5.2236E-02
 6.9425E+02  3.0665E-02  1.4211E+00   5.0029E-02
 6.9618E+02  3.1300E-02  1.4267E+00   4.7963E-02
 6.9811E+02  3.1919E-02  1.4322E+00   4.6025E-02
 7.0003E+02  3.2523E-02  1.4374E+00   4.4207E-02
 7.0196E+02  3.3113E-02  1.4425E+00   4.2498E-02
 7.0389E+02  3.3688E-02  1.4474E+00   4.0889E-02
 7.0582E+02  3.4249E-02  1.4522E+00   3.9374E-02
 7.0775E+02  3.4798E-02  1.4568E+00   3.7945E-02
 7.0967E+02  3.5332E-02  1.4612E+00   3.6596E-02
 7.1160E+02  3.5855E-02  1.4656E+00   3.5322E-02
 7.1353E+02  3.6366E-02  1.4698E+00   3.4116E-02
 7.1546E+02  3.6865E-02  1.4739E+00   3.2975E-02
 7.1739E+02  3.7352E-02  1.4779E+00   3.1893E-02
 7.1932E+02  3.7829E-02  1.4817E+00   3.0867E-02
 7.2125E+02  3.8296E-02  1.4855E+00   2.9894E-02
 7.2317E+02  3.8752E-02  1.4892E+00   2.8969E-02
 7.2510E+02  3.9199E-02  1.4928E+00   2.8090E-02
 7.2703E+02  3.9637E-02  1.4963E+00   2.7254E-02
 7.2896E+02  4.0066E-02  1.4997E+00   2.6458E-02
 7.3089E+02  4.0487E-02  1.5030E+00   2.5699E-02
 7.3282E+02  4.0900E-02  1.5063E+00   2.4976E-02
 7.3475E+02  4.1304E-02  1.5095E+00   2.4287E-02
 7.3667E+02  4.1702E-02  1.5126E+00   2.3628E-02
 7.3860E+02  4.2092E-02  1.5156E+00   2.3000E-02
 7.4053E+02  4.2475E-02  1.5186E+00   2.2399E-02
 7.4246E+02  4.2851E-02  1.5215E+00   2.1825E-02
 7.4439E+02  4.3222E-02  1.5244E+00   2.1275E-02
 7.4632E+02  4.3586E-02  1.5272E+00   2.0749E-02
 7.4825E+02  4.3944E-02  1.5300E+00   2.0246E-02
 7.5017E+02  4.4297E-02  1.5327E+00   1.9764E-02
 7.5210E+02  4.4644E-02  1.5354E+00   1.9301E-02
 7.5403E+02  4.4986E-02  1.5380E+00   1.8858E-02
 7.5596E+02  4.5324E-02  1.5406E+00   1.8433E-02
 7.5789E+02  4.5656E-02  1.5431E+00   1.8026E-02
 7.5982E+02  4.5984E-02  1.5456E+00   1.7634E-02
 7.6174E+02  4.6308E-02  1.5481E+00   1.7258E-02
 7.6367E+02  4.6628E-02  1.5505E+00   1.6898E-02
 7.6560E+02  4.6944E-02  1.5529E+00   1.6551E-02
 7.6753E+02  4.7256E-02  1.5552E+00   1.6217E-02
 7.6946E+02  4.7564E-02  1.5576E+00   1.5897E-02
 7.7139E+02  4.7869E-02  1.5599E+00   1.5589E-02
 7.7332E+02  4.8171E-02  1.5621E+00   1.5292E-02
 7.7524E+02  4.8469E-02  1.5644E+00   1.5007E-02
 7.7717E+02  4.8765E-02  1.5666E+00   1.4733E-02
 7.7910E+02  4.9058E-02  1.5688E+00   1.4469E-02
 7.8103E+02  4.9348E-02  1.5710E+00   1.4215E-02
 7.8296E+02  4.9636E-02  1.5731E+00   1.3970E-02
 7.8489E+02  4.9921E-02  1.5752E+00   1.3735E-02
 7.8681E+02  5.0204E-02  1.5773E+00   1.3508E-02
 7.8874E+02  5.0484E-02  1.5794E+00   1.3289E-02
 7.9067E+02  5.0763E-02  1.5815E+00   1.3079E-02
 7.9260E+02  5.1039E-02  1.5835E+00   1.2876E-02
 7.9453E+02  5.1314E-02  1.5856E+00   1.2681E-02
 7.9646E+02  5.1588E-02  1.5876E+00   1.2493E-02
 7.9838E+02  5.1859E-02  1.5896E+00   1.2312E-02
 8.0031E+02  5.2129E-02  1.5916E+00   1.2138E-02
 8.0224E+02  5.2398E-02  1.5936E+00   1.1970E-02
 8.0417E+02  5.2665E-02  1.5955E+00   1.1809E-02
 8.0610E+02  5.2932E-02  1.5975E+00   1.1653E-02
 8.0803E+02  5.3197E-02  1.5994E+00   1.1503E-02
 8.0996E+02  5.3461E-02  1.6014E+00   1.1359E-02
 8.1188E+02  5.3724E-02  1.6033E+00   1.1221E-02
 8.1381E+02  5.3987E-02  1.6052E+00   1.1087E-02
 8.1574E+02  5.4249E-02  1.6071E+00   1.0959E-02
 8.1767E+02  5.4510E-02  1.6091E+00   1.0836E-02
 8.1960E+02  5.4771E-02  1.6110E+00   1.0717E-02
 8.2153E+02  5.5031E-02  1.6129E+00   1.0604E-02
 8.2346E+02  5.5291E-02  1.6147E+00   1.0495E-02
 8.2538E+02  5.5550E-02  1.6166E+00   1.0390E-02
 8.2731E+02  5.5810E-02  1.6185E+00   1.0290E-02
 8.2924E+02  5.6069E-02  1.6204E+00   1.0193E-02
 8.3117E+02  5.6329E-02  1.6223E+00   1.0101E-02
 8.3310E+02  5.6588E-02  1.6242E+00   1.0013E-02
 8.3503E+02  5.6848E-02  1.6260E+00   9.9293E-03
 8.3695E+02  5.7107E-02  1.6279E+00   9.8490E-03
 8.3888E+02  5.7368E-02  1.6298E+00   9.7725E-03
 8.4081E+02  5.7628E-02  1.6317E+00   9.6997E-03
 8.4274E+02  5.7889E-02  1.6336E+00   9.6304E-03
 8.4467E+02  5.8151E-02  1.6355E+00   9.5647E-03
 8.4660E+02  5.8413E-02  1.6374E+00   9.5025E-03
 8.4852E+02  5.8676E-02  1.6392E+00   9.4436E-03
 8.5045E+02  5.8940E-02  1.6411E+00   9.3882E-03
 8.5238E+02  5.9205E-02  1.6430E+00   9.3359E-03
 8.5431E+02  5.9471E-02  1.6450E+00   9.2870E-03
 8.5624E+02  5.9738E-02  1.6469E+00   9.2413E-03
 8.5817E+02  6.0006E-02  1.6488E+00   9.1987E-03
 8.6010E+02  6.0275E-02  1.6507E+00   9.1592E-03
 8.6202E+02  6.0545E-02  1.6527E+00   9.1229E-03
 8.6395E+02  6.0818E-02  1.6546E+00   9.0896E-03
 8.6588E+02  6.1091E-02  1.6565E+00   9.0593E-03
 8.6781E+02  6.1366E-02  1.6585E+00   9.0320E-03
 8.6974E+02  6.1643E-02  1.6605E+00   9.0078E-03
 8.7167E+02  6.1921E-02  1.6625E+00   8.9865E-03
 8.7360E+02  6.2202E-02  1.6645E+00   8.9681E-03
 8.7552E+02  6.2484E-02  1.6665E+00   8.9527E-03
 8.7745E+02  6.2768E-02  1.6685E+00   8.9403E-03
 8.7938E+02  6.3055E-02  1.6705E+00   8.9308E-03
 8.8131E+02  6.3344E-02  1.6726E+00   8.9242E-03
 8.8324E+02  6.3635E-02  1.6746E+00   8.9205E-03
 8.8517E+02  6.3928E-02  1.6767E+00   8.9198E-03
 8.8709E+02  6.4224E-02  1.6788E+00   8.9220E-03
 8.8902E+02  6.4523E-02  1.6809E+00   8.9272E-03
 8.9095E+02  6.4824E-02  1.6831E+00   8.9354E-03
 8.9288E+02  6.5129E-02  1.6852E+00   8.9466E-03
 8.9481E+02  6.5436E-02  1.6874E+00   8.9607E-03
 8.9674E+02  6.5746E-02  1.6896E+00   8.9779E-03
 8.9866E+02  6.6060E-02  1.6918E+00   8.9982E-03
 9.0059E+02  6.6377E-02  1.6940E+00   9.0216E-03
 9.0252E+02  6.6697E-02  1.6963E+00   9.0480E-03
 9.0445E+02  6.7021E-02  1.6986E+00   9.0777E-03
 9.0638E+02  6.7349E-02  1.7009E+00   9.1106E-03
 9.0831E+02  6.7680E-02  1.7032E+00   9.1467E-03
 9.1024E+02  6.8016E-02  1.7055E+00   9.1861E-03
 9.1216E+02  6.8355E-02  1.7079E+00   9.2289E-03
 9.1409E+02  6.8699E-02  1.7103E+00   9.2752E-03
 9.1602E+02  6.9047E-02  1.7128E+00   9.3249E-03
 9.1795E+02  6.9400E-02  1.7152E+00   9.3782E-03
 9.1988E+02  6.9757E-02  1.7177E+00   9.4351E-03
 9.2181E+02  7.0120E-02  1.7203E+00   9.4957E-03
 9.2374E+02  7.0487E-02  1.7228E+00   9.5601E-03
 9.2566E+02  7.0860E-02  1.7254E+00   9.6284E-03
 9.2759E+02  7.1238E-02  1.7281E+00   9.7007E-03
 9.2952E+02  7.1622E-02  1.7308E+00   9.7771E-03
 9.3145E+02  7.2011E-02  1.7335E+00   9.8576E-03
 9.3338E+02  7.2407E-02  1.7362E+00   9.9424E-03
 9.3531E+02  7.2809E-02  1.7390E+00   1.0032E-02
 9.3723E+02  7.3217E-02  1.7418E+00   1.0126E-02
 9.3916E+02  7.3632E-02  1.7447E+00   1.0224E-02
 9.4109E+02  7.4053E-02  1.7476E+00   1.0327E-02
 9.4302E+02  7.4482E-02  1.7506E+00   1.0436E-02
 9.4495E+02  7.4918E-02  1.7536E+00   1.0549E-02
 9.4688E+02  7.5362E-02  1.7567E+00   1.0668E-02
 9.4880E+02  7.5813E-02  1.7598E+00   1.0792E-02
 9.5073E+02  7.6273E-02  1.7630E+00   1.0923E-02
 9.5266E+02  7.6741E-02  1.7662E+00   1.1059E-02
 9.5459E+02  7.7218E-02  1.7695E+00   1.1201E-02
 9.5652E+02  7.7704E-02  1.7729E+00   1.1349E-02
 9.5845E+02  7.8200E-02  1.7763E+00   1.1504E-02
 9.6038E+02  7.8705E-02  1.7798E+00   1.1666E-02
 9.6230E+02  7.9220E-02  1.7833E+00   1.1835E-02
 9.6423E+02  7.9746E-02  1.7869E+00   1.2012E-02
 9.6616E+02  8.0282E-02  1.7906E+00   1.2196E-02
 9.6809E+02  8.0830E-02  1.7944E+00   1.2388E-02
 9.7002E+02  8.1390E-02  1.7982E+00   1.2589E-02
 9.7195E+02  8.1961E-02  1.8021E+00   1.2799E-02
 9.7388E+02  8.2546E-02  1.8061E+00   1.3018E-02
 9.7580E+02  8.3143E-02  1.8102E+00   1.3246E-02
 9.7773E+02  8.3754E-02  1.8144E+00   1.3485E-02
 9.7966E+02  8.4379E-02  1.8187E+00   1.3734E-02
 9.8159E+02  8.5019E-02  1.8230E+00   1.3994E-02
 9.8352E+02  8.5674E-02  1.8275E+00   1.4266E-02
 9.8545E+02  8.6345E-02  1.8321E+00   1.4550E-02
 9.8738E+02  8.7033E-02  1.8368E+00   1.4847E-02
 9.8930E+02  8.7738E-02  1.8416E+00   1.5158E-02
 9.9123E+02  8.8461E-02  1.8465E+00   1.5483E-02
 9.9316E+02  8.9203E-02  1.8515E+00   1.5823E-02
 9.9509E+02  8.9964E-02  1.8567E+00   1.6178E-02
 9.9702E+02  9.0747E-02  1.8620E+00   1.6551E-02
 9.9895E+02  9.1550E-02  1.8675E+00   1.6941E-02
 1.0009E+03  9.2374E-02  1.8731E+00   1.7349E-02
 1.0028E+03  9.3223E-02  1.8788E+00   1.7778E-02
 1.0047E+03  9.4097E-02  1.8847E+00   1.8228E-02
 1.0066E+03  9.4992E-02  1.8908E+00   1.8698E-02
 1.0086E+03  9.5918E-02  1.8971E+00   1.9194E-02
 1.0105E+03  9.6873E-02  1.9035E+00   1.9715E-02
 1.0124E+03  9.7857E-02  1.9102E+00   2.0263E-02
 1.0144E+03  9.8871E-02  1.9170E+00   2.0840E-02
 1.0163E+03  9.9919E-02  1.9241E+00   2.1448E-02
 1.0182E+03  1.0100E-01  1.9314E+00   2.2088E-02
 1.0201E+03  1.0211E-01  1.9389E+00   2.2759E-02
 1.0221E+03  1.0327E-01  1.9466E+00   2.3472E-02
 1.0240E+03  1.0446E-01  1.9547E+00   2.4224E-02
 1.0259E+03  1.0570E-01  1.9630E+00   2.5020E-02
 1.0279E+03  1.0698E-01  1.9716E+00   2.5862E-02
 1.0298E+03  1.0830E-01  1.9806E+00   2.6754E-02
 1.0317E+03  1.0967E-01  1.9898E+00   2.7696E-02
 1.0337E+03  1.1110E-01  1.9994E+00   2.8700E-02
 1.0356E+03  1.1259E-01  2.0094E+00   2.9767E-02
 1.0375E+03  1.1413E-01  2.0198E+00   3.0903E-02
 1.0394E+03  1.1574E-01  2.0306E+00   3.2113E-02
 1.0414E+03  1.1741E-01  2.0418E+00   3.3404E-02
 1.0433E+03  1.1915E-01  2.0535E+00   3.4784E-02
 1.0452E+03  1.2096E-01  2.0657E+00   3.6252E-02
 1.0472E+03  1.2286E-01  2.0784E+00   3.7833E-02
 1.0491E+03  1.2484E-01  2.0918E+00   3.9530E-02
 1.0510E+03  1.2691E-01  2.1057E+00   4.1354E-02
 1.0529E+03  1.2909E-01  2.1204E+00   4.3320E-02
 1.0549E+03  1.3137E-01  2.1357E+00   4.5441E-02
 1.0568E+03  1.3375E-01  2.1518E+00   4.7722E-02
 1.0587E+03  1.3626E-01  2.1688E+00   5.0207E-02
 1.0607E+03  1.3891E-01  2.1866E+00   5.2906E-02
 1.0626E+03  1.4169E-01  2.2055E+00   5.5844E-02
 1.0645E+03  1.4464E-01  2.2255E+00   5.9053E-02
 1.0664E+03  1.4775E-01  2.2466E+00   6.2565E-02
 1.0684E+03  1.5104E-01  2.2690E+00   6.6422E-02
 1.0703E+03  1.5451E-01  2.2927E+00   7.0647E-02
 1.0722E+03  1.5822E-01  2.3180E+00   7.5341E-02
 1.0742E+03  1.6217E-01  2.3451E+00   8.0548E-02
 1.0761E+03  1.6638E-01  2.3740E+00   8.6348E-02
 1.0780E+03  1.7089E-01  2.4051E+00   9.2837E-02
 1.0799E+03  1.7571E-01  2.4385E+00   1.0013E-01
 1.0819E+03  1.8086E-01  2.4743E+00   1.0833E-01
 1.0838E+03  1.8644E-01  2.5133E+00   1.1768E-01
 1.0857E+03  1.9247E-01  2.5556E+00   1.2838E-01
 1.0877E+03  1.9900E-01  2.6018E+00   1.4070E-01
 1.0896E+03  2.0610E-01  2.6524E+00   1.5499E-01
 1.0915E+03  2.1386E-01  2.7080E+00   1.7171E-01
 1.0934E+03  2.2236E-01  2.7694E+00   1.9146E-01
 1.0954E+03  2.3167E-01  2.8373E+00   2.1493E-01
 1.0973E+03  2.4202E-01  2.9136E+00   2.4344E-01
 1.0992E+03  2.5355E-01  2.9995E+00   2.7841E-01
 1.1012E+03  2.6647E-01  3.0967E+00   3.2204E-01
 1.1031E+03  2.8105E-01  3.2075E+00   3.7751E-01
 1.1050E+03  2.9764E-01  3.3346E+00   4.4965E-01
 1.1069E+03  3.1668E-01  3.4808E+00   5.4594E-01
 1.1089E+03  3.3859E-01  3.6477E+00   6.7753E-01
 1.1108E+03  3.6427E-01  3.8363E+00   8.6505E-01
 1.1127E+03  3.9428E-01  4.0347E+00   1.1383E+00
 1.1147E+03  4.2878E-01  4.2030E+00   1.5364E+00
 1.1166E+03  4.6609E-01  4.2442E+00   2.0726E+00
 1.1185E+03  5.0099E-01  4.0459E+00   2.6401E+00
 1.1204E+03  5.2870E-01  3.6763E+00   3.0551E+00
 1.1224E+03  5.5633E-01  3.2952E+00   3.3556E+00
 1.1243E+03  5.9304E-01  2.8451E+00   3.6304E+00
 1.1262E+03  6.3362E-01  2.2777E+00   3.7582E+00
 1.1282E+03  6.6869E-01  1.7379E+00   3.6723E+00
 1.1301E+03  6.9529E-01  1.3261E+00   3.4636E+00
 1.1320E+03  7.1461E-01  1.0369E+00   3.2224E+00
 1.1339E+03  7.2846E-01  8.3597E-01   2.9906E+00
 1.1359E+03  7.3849E-01  6.9185E-01   2.7785E+00
 1.1378E+03  7.4564E-01  5.8614E-01   2.5887E+00
 1.1397E+03  7.5060E-01  5.0644E-01   2.4193E+00
 1.1417E+03  7.5382E-01  4.4488E-01   2.2674E+00
 1.1436E+03  7.5563E-01  3.9633E-01   2.1302E+00
 1.1455E+03  7.5622E-01  3.5755E-01   2.0059E+00
 1.1474E+03  7.5575E-01  3.2579E-01   1.8914E+00
 1.1494E+03  7.5429E-01  2.9963E-01   1.7857E+00
 1.1513E+03  7.5192E-01  2.7788E-01   1.6875E+00
 1.1532E+03  7.4865E-01  2.5966E-01   1.5955E+00
 1.1552E+03  7.4449E-01  2.4434E-01   1.5089E+00
 1.1571E+03  7.3942E-01  2.3143E-01   1.4269E+00
 1.1590E+03  7.3342E-01  2.2061E-01   1.3492E+00
 1.1609E+03  7.2637E-01  2.1151E-01   1.2744E+00
 1.1629E+03  7.1821E-01  2.0397E-01   1.2024E+00
 1.1648E+03  7.0881E-01  1.9786E-01   1.1328E+00
 1.1667E+03  6.9802E-01  1.9309E-01   1.0650E+00
 1.1687E+03  6.8564E-01  1.8960E-01   9.9865E-01
 1.1706E+03  6.7147E-01  1.8741E-01   9.3375E-01
 1.1725E+03  6.5504E-01  1.8658E-01   8.6919E-01
 1.1744E+03  6.3595E-01  1.8725E-01   8.0490E-01
 1.1764E+03  6.1362E-01  1.8968E-01   7.4045E-01
 1.1783E+03  5.8723E-01  1.9425E-01   6.7541E-01
 1.1802E+03  5.5570E-01  2.0162E-01   6.0930E-01
 1.1822E+03  5.1759E-01  2.1278E-01   5.4175E-01
 1.1841E+03  4.7144E-01  2.2923E-01   4.7300E-01
 1.1860E+03  4.1528E-01  2.5340E-01   4.0309E-01
 1.1879E+03  3.4998E-01  2.8771E-01   3.3506E-01
 1.1899E+03  2.8129E-01  3.3254E-01   2.7406E-01
 1.1918E+03  2.1871E-01  3.8400E-01   2.2473E-01
 1.1937E+03  1.6819E-01  4.3633E-01   1.8756E-01
 1.1956E+03  1.2998E-01  4.8563E-01   1.6009E-01
 1.1976E+03  1.0119E-01  5.3115E-01   1.3919E-01
 1.1995E+03  7.9497E-02  5.7259E-01   1.2295E-01
 1.2014E+03  6.2942E-02  6.1029E-01   1.0999E-01
 1.2034E+03  5.0133E-02  6.4471E-01   9.9382E-02
 1.2053E+03  4.0100E-02  6.7626E-01   9.0541E-02
 1.2072E+03  3.2156E-02  7.0532E-01   8.3048E-02
 1.2091E+03  2.5840E-02  7.3205E-01   7.6642E-02
 1.2111E+03  2.0729E-02  7.5700E-01   7.1046E-02
 1.2130E+03  1.6595E-02  7.8025E-01   6.6137E-02
 1.2149E+03  1.3238E-02  8.0197E-01   6.1794E-02
 1.2169E+03  1.0505E-02  8.2233E-01   5.7924E-02
 1.2188E+03  8.2786E-03  8.4147E-01   5.4455E-02
 1.2207E+03  6.4745E-03  8.5941E-01   5.1343E-02
 1.2226E+03  5.0011E-03  8.7644E-01   4.8507E-02
 1.2246E+03  3.8102E-03  8.9255E-01   4.5927E-02
 1.2265E+03  2.8546E-03  9.0782E-01   4.3569E-02
 1.2284E+03  2.0959E-03  9.2232E-01   4.1407E-02
 1.2304E+03  1.5027E-03  9.3611E-01   3.9419E-02
 1.2323E+03  1.0492E-03  9.4925E-01   3.7584E-02
 1.2342E+03  7.1531E-04  9.6172E-01   3.5894E-02
 1.2361E+03  4.7985E-04  9.7369E-01   3.4318E-02
 1.2381E+03  3.2982E-04  9.8514E-01   3.2853E-02
 1.2400E+03  2.5259E-04  9.9610E-01   3.1488E-02
 1.2419E+03  2.3751E-04  1.0066E+00   3.0213E-02
 1.2439E+03  2.7551E-04  1.0167E+00   2.9021E-02
 1.2458E+03  3.5837E-04  1.0263E+00   2.7909E-02
 1.2477E+03  4.8038E-04  1.0356E+00   2.6859E-02
 1.2496E+03  6.3558E-04  1.0446E+00   2.5872E-02
 1.2516E+03  8.1911E-04  1.0532E+00   2.4943E-02
 1.2535E+03  1.0268E-03  1.0615E+00   2.4066E-02
 1.2554E+03  1.2550E-03  1.0695E+00   2.3239E-02
 1.2574E+03  1.5006E-03  1.0773E+00   2.2457E-02
 1.2593E+03  1.7596E-03  1.0847E+00   2.1720E-02
 1.2612E+03  2.0322E-03  1.0919E+00   2.1018E-02
 1.2631E+03  2.3152E-03  1.0989E+00   2.0352E-02
 1.2651E+03  2.6066E-03  1.1057E+00   1.9719E-02
 1.2670E+03  2.9051E-03  1.1122E+00   1.9118E-02
 1.2689E+03  3.2091E-03  1.1186E+00   1.8545E-02
 1.2708E+03  3.5160E-03  1.1247E+00   1.8003E-02
 1.2728E+03  3.8278E-03  1.1307E+00   1.7483E-02
 1.2747E+03  4.1422E-03  1.1365E+00   1.6987E-02
 1.2766E+03  4.4582E-03  1.1421E+00   1.6514E-02
 1.2786E+03  4.7753E-03  1.1475E+00   1.6061E-02
 1.2805E+03  5.0927E-03  1.1528E+00   1.5628E-02
 1.2824E+03  5.4100E-03  1.1580E+00   1.5214E-02
 1.2843E+03  5.7251E-03  1.1630E+00   1.4819E-02
 1.2863E+03  6.0409E-03  1.1679E+00   1.4439E-02
 1.2882E+03  6.3553E-03  1.1726E+00   1.4074E-02
 1.2901E+03  6.6680E-03  1.1773E+00   1.3724E-02
 1.2921E+03  6.9788E-03  1.1818E+00   1.3388E-02
 1.2940E+03  7.2875E-03  1.1862E+00   1.3065E-02
 1.2959E+03  7.5923E-03  1.1904E+00   1.2757E-02
 1.2978E+03  7.8962E-03  1.1946E+00   1.2458E-02
 1.2998E+03  8.1974E-03  1.1987E+00   1.2171E-02
 1.3017E+03  8.4959E-03  1.2027E+00   1.1894E-02
 1.3036E+03  8.7915E-03  1.2066E+00   1.1627E-02
 1.3056E+03  9.0842E-03  1.2104E+00   1.1371E-02
 1.3075E+03  9.3738E-03  1.2141E+00   1.1123E-02
 1.3094E+03  9.6589E-03  1.2177E+00   1.0885E-02
 1.3113E+03  9.9424E-03  1.2212E+00   1.0654E-02
 1.3133E+03  1.0223E-02  1.2247E+00   1.0432E-02
 1.3152E+03  1.0500E-02  1.2281E+00   1.0216E-02
 1.3171E+03  1.0774E-02  1.2314E+00   1.0008E-02
 1.3191E+03  1.1045E-02  1.2346E+00   9.8073E-03
 1.3210E+03  1.1311E-02  1.2378E+00   9.6139E-03
 1.3229E+03  1.1575E-02  1.2409E+00   9.4257E-03
 1.3248E+03  1.1837E-02  1.2440E+00   9.2436E-03
 1.3268E+03  1.2095E-02  1.2469E+00   9.0672E-03
 1.3287E+03  1.2350E-02  1.2499E+00   8.8964E-03
 1.3306E+03  1.2601E-02  1.2527E+00   8.7309E-03
 1.3326E+03  1.2850E-02  1.2555E+00   8.5706E-03
 1.3345E+03  1.3095E-02  1.2583E+00   8.4158E-03
 1.3364E+03  1.3337E-02  1.2610E+00   8.2650E-03
 1.3383E+03  1.3577E-02  1.2636E+00   8.1187E-03
 1.3403E+03  1.3814E-02  1.2662E+00   7.9767E-03
 1.3422E+03  1.4047E-02  1.2688E+00   7.8389E-03
 1.3441E+03  1.4278E-02  1.2713E+00   7.7050E-03
 1.3461E+03  1.4505E-02  1.2737E+00   7.5757E-03
 1.3480E+03  1.4730E-02  1.2762E+00   7.4494E-03
 1.3499E+03  1.4953E-02  1.2785E+00   7.3267E-03
 1.3518E+03  1.5172E-02  1.2809E+00   7.2074E-03
 1.3538E+03  1.5389E-02  1.2831E+00   7.0914E-03
 1.3557E+03  1.5604E-02  1.2854E+00   6.9786E-03
 1.3576E+03  1.5815E-02  1.2876E+00   6.8689E-03
 1.3596E+03  1.6023E-02  1.2898E+00   6.7627E-03
 1.3615E+03  1.6230E-02  1.2919E+00   6.6588E-03
 1.3634E+03  1.6434E-02  1.2940E+00   6.5576E-03
 1.3653E+03  1.6635E-02  1.2961E+00   6.4592E-03
 1.3673E+03  1.6834E-02  1.2981E+00   6.3633E-03
 1.3692E+03  1.7031E-02  1.3001E+00   6.2700E-03
 1.3711E+03  1.7226E-02  1.3021E+00   6.1790E-03
 1.3731E+03  1.7417E-02  1.3040E+00   6.0909E-03
 1.3750E+03  1.7607E-02  1.3059E+00   6.0045E-03
 1.3769E+03  1.7794E-02  1.3078E+00   5.9203E-03
 1.3788E+03  1.7980E-02  1.3096E+00   5.8383E-03
 1.3808E+03  1.8163E-02  1.3115E+00   5.7583E-03
 1.3827E+03  1.8344E-02  1.3133E+00   5.6803E-03
 1.3846E+03  1.8522E-02  1.3150E+00   5.6046E-03
 1.3866E+03  1.8699E-02  1.3168E+00   5.5304E-03
 1.3885E+03  1.8874E-02  1.3185E+00   5.4580E-03
 1.3904E+03  1.9047E-02  1.3202E+00   5.3873E-03
 1.3923E+03  1.9218E-02  1.3218E+00   5.3184E-03
 1.3943E+03  1.9387E-02  1.3235E+00   5.2512E-03
 1.3962E+03  1.9555E-02  1.3251E+00   5.1855E-03
 1.3981E+03  1.9719E-02  1.3267E+00   5.1218E-03
 1.4001E+03  1.9883E-02  1.3283E+00   5.0592E-03
 1.4020E+03  2.0045E-02  1.3298E+00   4.9981E-03
 1.4039E+03  2.0205E-02  1.3314E+00   4.9385E-03
 1.4058E+03  2.0363E-02  1.3329E+00   4.8802E-03
 1.4078E+03  2.0520E-02  1.3344E+00   4.8234E-03
 1.4097E+03  2.0674E-02  1.3358E+00   4.7681E-03
 1.4116E+03  2.0828E-02  1.3373E+00   4.7139E-03
 1.4136E+03  2.0980E-02  1.3387E+00   4.6609E-03
 1.4155E+03  2.1130E-02  1.3401E+00   4.6092E-03
 1.4174E+03  2.1279E-02  1.3415E+00   4.5586E-03
 1.4193E+03  2.1426E-02  1.3429E+00   4.5093E-03
 1.4213E+03  2.1572E-02  1.3443E+00   4.4610E-03
 1.4232E+03  2.1716E-02  1.3456E+00   4.4142E-03
 1.4251E+03  2.1858E-02  1.3470E+00   4.3682E-03
 1.4271E+03  2.2000E-02  1.3483E+00   4.3232E-03
 1.4290E+03  2.2140E-02  1.3496E+00   4.2793E-03
 1.4309E+03  2.2279E-02  1.3509E+00   4.2364E-03
 1.4328E+03  2.2416E-02  1.3521E+00   4.1945E-03
 1.4348E+03  2.2552E-02  1.3534E+00   4.1539E-03
 1.4367E+03  2.2687E-02  1.3546E+00   4.1139E-03
 1.4386E+03  2.2821E-02  1.3559E+00   4.0749E-03
 1.4406E+03  2.2953E-02  1.3571E+00   4.0368E-03
 1.4425E+03  2.3084E-02  1.3583E+00   3.9996E-03
 1.4444E+03  2.3214E-02  1.3595E+00   3.9633E-03
 1.4463E+03  2.3343E-02  1.3607E+00   3.9279E-03
 1.4483E+03  2.3470E-02  1.3618E+00   3.8935E-03
 1.4502E+03  2.3597E-02  1.3630E+00   3.8598E-03
 1.4521E+03  2.3723E-02  1.3641E+00   3.8269E-03
 1.4541E+03  2.3847E-02  1.3652E+00   3.7948E-03
 1.4560E+03  2.3971E-02  1.3664E+00   3.7635E-03
 1.4579E+03  2.4093E-02  1.3675E+00   3.7330E-03
 1.4598E+03  2.4214E-02  1.3685E+00   3.7035E-03
 1.4618E+03  2.4335E-02  1.3696E+00   3.6745E-03
 1.4637E+03  2.4454E-02  1.3707E+00   3.6463E-03
 1.4656E+03  2.4573E-02  1.3718E+00   3.6189E-03
 1.4676E+03  2.4691E-02  1.3728E+00   3.5922E-03
 1.4695E+03  2.4808E-02  1.3739E+00   3.5663E-03
 1.4714E+03  2.4924E-02  1.3749E+00   3.5410E-03
 1.4733E+03  2.5038E-02  1.3759E+00   3.5167E-03
 1.4753E+03  2.5152E-02  1.3770E+00   3.4929E-03
 1.4772E+03  2.5266E-02  1.3780E+00   3.4698E-03
 1.4791E+03  2.5379E-02  1.3790E+00   3.4474E-03
 1.4811E+03  2.5491E-02  1.3800E+00   3.4258E-03
 1.4830E+03  2.5602E-02  1.3810E+00   3.4048E-03
 1.4849E+03  2.5712E-02  1.3819E+00   3.3846E-03
 1.4868E+03  2.5822E-02  1.3829E+00   3.3651E-03
 1.4888E+03  2.5931E-02  1.3839E+00   3.3462E-03
 1.4907E+03  2.6039E-02  1.3848E+00   3.3280E-03
 1.4926E+03  2.6147E-02  1.3858E+00   3.3105E-03
 1.4946E+03  2.6254E-02  1.3867E+00   3.2937E-03
 1.4965E+03  2.6361E-02  1.3876E+00   3.2776E-03
 1.4984E+03  2.6466E-02  1.3886E+00   3.2623E-03
 1.5003E+03  2.6572E-02  1.3895E+00   3.2477E-03
 1.5023E+03  2.6676E-02  1.3904E+00   3.2337E-03
 1.5042E+03  2.6781E-02  1.3913E+00   3.2205E-03
 1.5061E+03  2.6885E-02  1.3922E+00   3.2079E-03
 1.5081E+03  2.6988E-02  1.3931E+00   3.1962E-03
 1.5100E+03  2.7090E-02  1.3940E+00   3.1852E-03
 1.5119E+03  2.7193E-02  1.3949E+00   3.1749E-03
 1.5138E+03  2.7295E-02  1.3958E+00   3.1653E-03
 1.5158E+03  2.7397E-02  1.3967E+00   3.1566E-03
 1.5177E+03  2.7498E-02  1.3976E+00   3.1486E-03
 1.5196E+03  2.7599E-02  1.3984E+00   3.1414E-03
 1.5216E+03  2.7700E-02  1.3993E+00   3.1350E-03
 1.5235E+03  2.7800E-02  1.4002E+00   3.1295E-03
 1.5254E+03  2.7900E-02  1.4010E+00   3.1249E-03
 1.5273E+03  2.8000E-02  1.4019E+00   3.1211E-03
 1.5293E+03  2.8099E-02  1.4028E+00   3.1182E-03
 1.5312E+03  2.8199E-02  1.4036E+00   3.1162E-03
 1.5331E+03  2.8298E-02  1.4045E+00   3.1152E-03
 1.5350E+03  2.8397E-02  1.4053E+00   3.1151E-03
 1.5370E+03  2.8496E-02  1.4062E+00   3.1161E-03
 1.5389E+03  2.8595E-02  1.4070E+00   3.1181E-03
 1.5408E+03  2.8694E-02  1.4079E+00   3.1212E-03
 1.5428E+03  2.8793E-02  1.4087E+00   3.1254E-03
 1.5447E+03  2.8892E-02  1.4096E+00   3.1308E-03
 1.5466E+03  2.8991E-02  1.4104E+00   3.1374E-03
 1.5485E+03  2.9090E-02  1.4112E+00   3.1452E-03
 1.5505E+03  2.9189E-02  1.4121E+00   3.1543E-03
 1.5524E+03  2.9289E-02  1.4129E+00   3.1649E-03
 1.5543E+03  2.9389E-02  1.4138E+00   3.1768E-03
 1.5563E+03  2.9489E-02  1.4146E+00   3.1903E-03
 1.5582E+03  2.9589E-02  1.4155E+00   3.2053E-03
 1.5601E+03  2.9689E-02  1.4163E+00   3.2219E-03
 1.5620E+03  2.9790E-02  1.4172E+00   3.2404E-03
 1.5640E+03  2.9892E-02  1.4180E+00   3.2606E-03
 1.5659E+03  2.9994E-02  1.4189E+00   3.2828E-03
 1.5678E+03  3.0096E-02  1.4198E+00   3.3071E-03
 1.5698E+03  3.0199E-02  1.4206E+00   3.3335E-03
 1.5717E+03  3.0303E-02  1.4215E+00   3.3622E-03
 1.5736E+03  3.0408E-02  1.4224E+00   3.3932E-03
 1.5755E+03  3.0513E-02  1.4233E+00   3.4269E-03
 1.5775E+03  3.0620E-02  1.4242E+00   3.4634E-03
 1.5794E+03  3.0727E-02  1.4251E+00   3.5029E-03
 1.5813E+03  3.0836E-02  1.4260E+00   3.5455E-03
 1.5833E+03  3.0945E-02  1.4269E+00   3.5915E-03
 1.5852E+03  3.1056E-02  1.4278E+00   3.6408E-03
 1.5871E+03  3.1168E-02  1.4288E+00   3.6942E-03
 1.5890E+03  3.1282E-02  1.4297E+00   3.7519E-03
 1.5910E+03  3.1398E-02  1.4307E+00   3.8140E-03
 1.5929E+03  3.1515E-02  1.4317E+00   3.8810E-03
 1.5948E+03  3.1634E-02  1.4327E+00   3.9532E-03
 1.5968E+03  3.1756E-02  1.4337E+00   4.0312E-03
 1.5987E+03  3.1879E-02  1.4347E+00   4.1149E-03
 1.6006E+03  3.2005E-02  1.4357E+00   4.2057E-03
 1.6025E+03  3.2133E-02  1.4368E+00   4.3039E-03
 1.6045E+03  3.2265E-02  1.4379E+00   4.4102E-03
 1.6064E+03  3.2400E-02  1.4390E+00   4.5252E-03
 1.6083E+03  3.2538E-02  1.4401E+00   4.6498E-03
 1.6103E+03  3.2679E-02  1.4413E+00   4.7844E-03
 1.6122E+03  3.2824E-02  1.4425E+00   4.9314E-03
 1.6141E+03  3.2974E-02  1.4437E+00   5.0913E-03
 1.6160E+03  3.3129E-02  1.4450E+00   5.2656E-03
 1.6180E+03  3.3289E-02  1.4463E+00   5.4560E-03
 1.6199E+03  3.3454E-02  1.4477E+00   5.6642E-03
 1.6218E+03  3.3626E-02  1.4491E+00   5.8923E-03
 1.6238E+03  3.3803E-02  1.4505E+00   6.1416E-03
 1.6257E+03  3.3989E-02  1.4520E+00   6.4175E-03
 1.6276E+03  3.4182E-02  1.4536E+00   6.7220E-03
 1.6295E+03  3.4385E-02  1.4552E+00   7.0590E-03
 1.6315E+03  3.4598E-02  1.4569E+00   7.4331E-03
 1.6334E+03  3.4822E-02  1.4588E+00   7.8497E-03
 1.6353E+03  3.5056E-02  1.4606E+00   8.3127E-03
 1.6373E+03  3.5306E-02  1.4626E+00   8.8344E-03
 1.6392E+03  3.5571E-02  1.4648E+00   9.4220E-03
 1.6411E+03  3.5853E-02  1.4670E+00   1.0086E-02
 1.6430E+03  3.6154E-02  1.4694E+00   1.0841E-02
 1.6450E+03  3.6478E-02  1.4720E+00   1.1703E-02
 1.6469E+03  3.6826E-02  1.4747E+00   1.2693E-02
 1.6488E+03  3.7200E-02  1.4777E+00   1.3830E-02
 1.6508E+03  3.7608E-02  1.4809E+00   1.5158E-02
 1.6527E+03  3.8054E-02  1.4844E+00   1.6713E-02
 1.6546E+03  3.8542E-02  1.4881E+00   1.8549E-02
 1.6565E+03  3.9080E-02  1.4923E+00   2.0733E-02
 1.6585E+03  3.9676E-02  1.4968E+00   2.3358E-02
 1.6604E+03  4.0340E-02  1.5018E+00   2.6544E-02
 1.6623E+03  4.1078E-02  1.5073E+00   3.0432E-02
 1.6643E+03  4.1912E-02  1.5134E+00   3.5285E-02
 1.6662E+03  4.2852E-02  1.5201E+00   4.1395E-02
 1.6681E+03  4.3913E-02  1.5275E+00   4.9191E-02
 1.6700E+03  4.5108E-02  1.5353E+00   5.9279E-02
 1.6720E+03  4.6438E-02  1.5435E+00   7.2500E-02
 1.6739E+03  4.7870E-02  1.5513E+00   8.9882E-02
 1.6758E+03  4.9333E-02  1.5572E+00   1.1299E-01
 1.6778E+03  5.0606E-02  1.5584E+00   1.4301E-01
 1.6797E+03  5.1235E-02  1.5499E+00   1.7989E-01
 1.6816E+03  5.0439E-02  1.5252E+00   2.1956E-01
 1.6835E+03  4.7277E-02  1.4803E+00   2.5131E-01
 1.6855E+03  4.1428E-02  1.4213E+00   2.6121E-01
 1.6874E+03  3.4131E-02  1.3652E+00   2.4415E-01
 1.6893E+03  2.7470E-02  1.3258E+00   2.0893E-01
 1.6913E+03  2.2888E-02  1.3061E+00   1.6938E-01
 1.6932E+03  2.0422E-02  1.3008E+00   1.3423E-01
 1.6951E+03  1.9446E-02  1.3035E+00   1.0615E-01
 1.6970E+03  1.9340E-02  1.3101E+00   8.4675E-02
 1.6990E+03  1.9680E-02  1.3180E+00   6.8529E-02
 1.7009E+03  2.0229E-02  1.3261E+00   5.6220E-02
 1.7028E+03  2.0856E-02  1.3338E+00   4.6795E-02
 1.7048E+03  2.1494E-02  1.3410E+00   3.9481E-02
 1.7067E+03  2.2112E-02  1.3475E+00   3.3726E-02
 1.7086E+03  2.2694E-02  1.3534E+00   2.9135E-02
 1.7105E+03  2.3236E-02  1.3587E+00   2.5426E-02
 1.7125E+03  2.3735E-02  1.3634E+00   2.2406E-02
 1.7144E+03  2.4197E-02  1.3678E+00   1.9894E-02
 1.7163E+03  2.4624E-02  1.3718E+00   1.7795E-02
 1.7183E+03  2.5017E-02  1.3754E+00   1.6026E-02
 1.7202E+03  2.5381E-02  1.3787E+00   1.4521E-02
 1.7221E+03  2.5718E-02  1.3817E+00   1.3232E-02
 1.7240E+03  2.6029E-02  1.3845E+00   1.2124E-02
 1.7260E+03  2.6320E-02  1.3871E+00   1.1156E-02
 1.7279E+03  2.6592E-02  1.3895E+00   1.0310E-02
 1.7298E+03  2.6847E-02  1.3918E+00   9.5661E-03
 1.7318E+03  2.7086E-02  1.3939E+00   8.9088E-03
 1.7337E+03  2.7311E-02  1.3959E+00   8.3251E-03
 1.7356E+03  2.7523E-02  1.3977E+00   7.8045E-03
 1.7375E+03  2.7722E-02  1.3994E+00   7.3404E-03
 1.7395E+03  2.7912E-02  1.4011E+00   6.9209E-03
 1.7414E+03  2.8092E-02  1.4026E+00   6.5422E-03
 1.7433E+03  2.8263E-02  1.4041E+00   6.1993E-03
 1.7453E+03  2.8426E-02  1.4055E+00   5.8877E-03
 1.7472E+03  2.8581E-02  1.4069E+00   5.6038E-03
 1.7491E+03  2.8729E-02  1.4081E+00   5.3456E-03
 1.7510E+03  2.8872E-02  1.4094E+00   5.1077E-03
 1.7530E+03  2.9008E-02  1.4105E+00   4.8891E-03
 1.7549E+03  2.9139E-02  1.4116E+00   4.6877E-03
 1.7568E+03  2.9265E-02  1.4127E+00   4.5019E-03
 1.7588E+03  2.9387E-02  1.4138E+00   4.3299E-03
 1.7607E+03  2.9504E-02  1.4148E+00   4.1705E-03
 1.7626E+03  2.9616E-02  1.4157E+00   4.0231E-03
 1.7645E+03  2.9726E-02  1.4166E+00   3.8852E-03
 1.7665E+03  2.9831E-02  1.4175E+00   3.7566E-03
 1.7684E+03  2.9934E-02  1.4184E+00   3.6365E-03
 1.7703E+03  3.0033E-02  1.4192E+00   3.5241E-03
 1.7723E+03  3.0129E-02  1.4201E+00   3.4188E-03
 1.7742E+03  3.0222E-02  1.4208E+00   3.3205E-03
 1.7761E+03  3.0313E-02  1.4216E+00   3.2276E-03
 1.7780E+03  3.0402E-02  1.4224E+00   3.1402E-03
 1.7800E+03  3.0488E-02  1.4231E+00   3.0577E-03
 1.7819E+03  3.0572E-02  1.4238E+00   2.9800E-03
 1.7838E+03  3.0654E-02  1.4245E+00   2.9065E-03
 1.7858E+03  3.0734E-02  1.4251E+00   2.8370E-03
 1.7877E+03  3.0811E-02  1.4258E+00   2.7715E-03
 1.7896E+03  3.0887E-02  1.4264E+00   2.7090E-03
 1.7915E+03  3.0962E-02  1.4271E+00   2.6498E-03
 1.7935E+03  3.1035E-02  1.4277E+00   2.5935E-03
 1.7954E+03  3.1106E-02  1.4283E+00   2.5399E-03
 1.7973E+03  3.1176E-02  1.4288E+00   2.4889E-03
 1.7992E+03  3.1244E-02  1.4294E+00   2.4406E-03
 1.8012E+03  3.1311E-02  1.4300E+00   2.3942E-03
 1.8031E+03  3.1377E-02  1.4305E+00   2.3500E-03
 1.8050E+03  3.1442E-02  1.4311E+00   2.3077E-03
 1.8070E+03  3.1505E-02  1.4316E+00   2.2673E-03
 1.8089E+03  3.1567E-02  1.4321E+00   2.2286E-03
 1.8108E+03  3.1628E-02  1.4326E+00   2.1915E-03
 1.8128E+03  3.1688E-02  1.4331E+00   2.1562E-03
 1.8147E+03  3.1747E-02  1.4336E+00   2.1222E-03
 1.8166E+03  3.1805E-02  1.4341E+00   2.0895E-03
 1.8185E+03  3.1863E-02  1.4346E+00   2.0581E-03
 1.8205E+03  3.1919E-02  1.4350E+00   2.0279E-03
 1.8224E+03  3.1974E-02  1.4355E+00   1.9989E-03
 1.8243E+03  3.2029E-02  1.4359E+00   1.9711E-03
 1.8262E+03  3.2082E-02  1.4364E+00   1.9442E-03
 1.8282E+03  3.2135E-02  1.4368E+00   1.9183E-03
 1.8301E+03  3.2188E-02  1.4373E+00   1.8933E-03
 1.8320E+03  3.2239E-02  1.4377E+00   1.8692E-03
 1.8340E+03  3.2290E-02  1.4381E+00   1.8459E-03
 1.8359E+03  3.2340E-02  1.4385E+00   1.8235E-03
 1.8378E+03  3.2389E-02  1.4389E+00   1.8019E-03
 1.8398E+03  3.2438E-02  1.4393E+00   1.7809E-03
 1.8417E+03  3.2486E-02  1.4397E+00   1.7607E-03
 1.8436E+03  3.2534E-02  1.4401E+00   1.7411E-03
 1.8455E+03  3.2581E-02  1.4405E+00   1.7221E-03
 1.8475E+03  3.2627E-02  1.4409E+00   1.7037E-03
 1.8494E+03  3.2673E-02  1.4413E+00   1.6860E-03
 1.8513E+03  3.2718E-02  1.4416E+00   1.6687E-03
 1.8532E+03  3.2763E-02  1.4420E+00   1.6519E-03
 1.8552E+03  3.2808E-02  1.4424E+00   1.6357E-03
 1.8571E+03  3.2851E-02  1.4427E+00   1.6199E-03
 1.8590E+03  3.2895E-02  1.4431E+00   1.6046E-03
 1.8610E+03  3.2938E-02  1.4435E+00   1.5898E-03
 1.8629E+03  3.2980E-02  1.4438E+00   1.5754E-03
 1.8648E+03  3.3022E-02  1.4441E+00   1.5614E-03
 1.8668E+03  3.3064E-02  1.4445E+00   1.5478E-03
 1.8687E+03  3.3105E-02  1.4448E+00   1.5345E-03
 1.8706E+03  3.3145E-02  1.4452E+00   1.5216E-03
 1.8725E+03  3.3186E-02  1.4455E+00   1.5091E-03
 1.8745E+03  3.3225E-02  1.4458E+00   1.4969E-03
 1.8764E+03  3.3265E-02  1.4461E+00   1.4850E-03
 1.8783E+03  3.3304E-02  1.4465E+00   1.4734E-03
 1.8802E+03  3.3343E-02  1.4468E+00   1.4621E-03
 1.8822E+03  3.3381E-02  1.4471E+00   1.4511E-03
 1.8841E+03  3.3420E-02  1.4474E+00   1.4404E-03
 1.8860E+03  3.3457E-02  1.4477E+00   1.4300E-03
 1.8880E+03  3.3495E-02  1.4480E+00   1.4198E-03
 1.8899E+03  3.3532E-02  1.4483E+00   1.4099E-03
 1.8918E+03  3.3568E-02  1.4486E+00   1.4001E-03
 1.8938E+03  3.3605E-02  1.4489E+00   1.3907E-03
 1.8957E+03  3.3641E-02  1.4492E+00   1.3814E-03
 1.8976E+03  3.3677E-02  1.4495E+00   1.3724E-03
 1.8995E+03  3.3712E-02  1.4498E+00   1.3636E-03
 1.9015E+03  3.3748E-02  1.4501E+00   1.3550E-03
 1.9034E+03  3.3783E-02  1.4504E+00   1.3466E-03
 1.9053E+03  3.3817E-02  1.4507E+00   1.3383E-03
 1.9072E+03  3.3852E-02  1.4509E+00   1.3303E-03
 1.9092E+03  3.3886E-02  1.4512E+00   1.3224E-03
 1.9111E+03  3.3920E-02  1.4515E+00   1.3147E-03
 1.9130E+03  3.3953E-02  1.4518E+00   1.3072E-03
 1.9150E+03  3.3987E-02  1.4520E+00   1.2999E-03
 1.9169E+03  3.4020E-02  1.4523E+00   1.2927E-03
 1.9188E+03  3.4053E-02  1.4526E+00   1.2856E-03
 1.9208E+03  3.4086E-02  1.4529E+00   1.2787E-03
 1.9227E+03  3.4118E-02  1.4531E+00   1.2720E-03
 1.9246E+03  3.4150E-02  1.4534E+00   1.2654E-03
 1.9265E+03  3.4182E-02  1.4536E+00   1.2589E-03
 1.9285E+03  3.4214E-02  1.4539E+00   1.2526E-03
 1.9304E+03  3.4245E-02  1.4542E+00   1.2464E-03
 1.9323E+03  3.4277E-02  1.4544E+00   1.2403E-03
 1.9342E+03  3.4308E-02  1.4547E+00   1.2343E-03
 1.9362E+03  3.4339E-02  1.4549E+00   1.2285E-03
 1.9381E+03  3.4369E-02  1.4552E+00   1.2228E-03
 1.9400E+03  3.4400E-02  1.4554E+00   1.2172E-03
 1.9420E+03  3.4430E-02  1.4557E+00   1.2117E-03
 1.9439E+03  3.4460E-02  1.4559E+00   1.2063E-03
 1.9458E+03  3.4490E-02  1.4561E+00   1.2010E-03
 1.9478E+03  3.4520E-02  1.4564E+00   1.1959E-03
 1.9497E+03  3.4550E-02  1.4566E+00   1.1908E-03
 1.9516E+03  3.4579E-02  1.4569E+00   1.1858E-03
 1.9535E+03  3.4608E-02  1.4571E+00   1.1809E-03
 1.9555E+03  3.4637E-02  1.4573E+00   1.1761E-03
 1.9574E+03  3.4666E-02  1.4576E+00   1.1714E-03
 1.9593E+03  3.4694E-02  1.4578E+00   1.1668E-03
 1.9612E+03  3.4723E-02  1.4580E+00   1.1623E-03
 1.9632E+03  3.4751E-02  1.4583E+00   1.1579E-03
 1.9651E+03  3.4779E-02  1.4585E+00   1.1535E-03
 1.9670E+03  3.4807E-02  1.4587E+00   1.1492E-03
 1.9690E+03  3.4835E-02  1.4589E+00   1.1451E-03
 1.9709E+03  3.4863E-02  1.4592E+00   1.1409E-03
 1.9728E+03  3.4890E-02  1.4594E+00   1.1369E-03
 1.9748E+03  3.4918E-02  1.4596E+00   1.1329E-03
 1.9767E+03  3.4945E-02  1.4598E+00   1.1290E-03
 1.9786E+03  3.4972E-02  1.4600E+00   1.1252E-03
 1.9805E+03  3.4999E-02  1.4603E+00   1.1215E-03
 1.9825E+03  3.5026E-02  1.4605E+00   1.1178E-03
 1.9844E+03  3.5052E-02  1.4607E+00   1.1142E-03
 1.9863E+03  3.5079E-02  1.4609E+00   1.1106E-03
 1.9882E+03  3.5105E-02  1.4611E+00   1.1071E-03
 1.9902E+03  3.5131E-02  1.4613E+00   1.1037E-03
 1.9921E+03  3.5157E-02  1.4615E+00   1.1003E-03
 1.9940E+03  3.5183E-02  1.4618E+00   1.0970E-03
 1.9960E+03  3.5209E-02  1.4620E+00   1.0938E-03
 1.9979E+03  3.5235E-02  1.4622E+00   1.0906E-03
 1.9998E+03  3.5260E-02  1.4624E+00   1.0875E-03
 2.0017E+03  3.5285E-02  1.4626E+00   1.0844E-03
 2.0037E+03  3.5311E-02  1.4628E+00   1.0814E-03
 2.0056E+03  3.5336E-02  1.4630E+00   1.0785E-03
 2.0075E+03  3.5361E-02  1.4632E+00   1.0755E-03
 2.0095E+03  3.5386E-02  1.4634E+00   1.0727E-03
 2.0114E+03  3.5411E-02  1.4636E+00   1.0699E-03
 2.0133E+03  3.5435E-02  1.4638E+00   1.0672E-03
 2.0152E+03  3.5460E-02  1.4640E+00   1.0644E-03
 2.0172E+03  3.5484E-02  1.4642E+00   1.0618E-03
 2.0191E+03  3.5509E-02  1.4644E+00   1.0592E-03
 2.0210E+03  3.5533E-02  1.4646E+00   1.0566E-03
 2.0230E+03  3.5557E-02  1.4648E+00   1.0541E-03
 2.0249E+03  3.5581E-02  1.4650E+00   1.0516E-03
 2.0268E+03  3.5605E-02  1.4652E+00   1.0492E-03
 2.0287E+03  3.5629E-02  1.4653E+00   1.0469E-03
 2.0307E+03  3.5652E-02  1.4655E+00   1.0445E-03
 2.0326E+03  3.5676E-02  1.4657E+00   1.0422E-03
 2.0345E+03  3.5699E-02  1.4659E+00   1.0400E-03
 2.0365E+03  3.5723E-02  1.4661E+00   1.0378E-03
 2.0384E+03  3.5746E-02  1.4663E+00   1.0356E-03
 2.0403E+03  3.5769E-02  1.4665E+00   1.0335E-03
 2.0422E+03  3.5792E-02  1.4667E+00   1.0314E-03
 2.0442E+03  3.5815E-02  1.4668E+00   1.0294E-03
 2.0461E+03  3.5838E-02  1.4670E+00   1.0274E-03
 2.0480E+03  3.5861E-02  1.4672E+00   1.0254E-03
 2.0500E+03  3.5884E-02  1.4674E+00   1.0235E-03
 2.0519E+03  3.5906E-02  1.4676E+00   1.0216E-03
 2.0538E+03  3.5929E-02  1.4678E+00   1.0197E-03
 2.0557E+03  3.5951E-02  1.4679E+00   1.0179E-03
 2.0577E+03  3.5973E-02  1.4681E+00   1.0161E-03
 2.0596E+03  3.5996E-02  1.4683E+00   1.0144E-03
 2.0615E+03  3.6018E-02  1.4685E+00   1.0127E-03
 2.0634E+03  3.6040E-02  1.4687E+00   1.0110E-03
 2.0654E+03  3.6062E-02  1.4688E+00   1.0093E-03
 2.0673E+03  3.6084E-02  1.4690E+00   1.0077E-03
 2.0692E+03  3.6105E-02  1.4692E+00   1.0061E-03
 2.0712E+03  3.6127E-02  1.4694E+00   1.0046E-03
 2.0731E+03  3.6149E-02  1.4695E+00   1.0031E-03
 2.0750E+03  3.6170E-02  1.4697E+00   1.0016E-03
 2.0769E+03  3.6192E-02  1.4699E+00   1.0001E-03
 2.0789E+03  3.6213E-02  1.4700E+00   9.9872E-04
 2.0808E+03  3.6234E-02  1.4702E+00   9.9733E-04
 2.0827E+03  3.6255E-02  1.4704E+00   9.9597E-04
 2.0847E+03  3.6277E-02  1.4706E+00   9.9464E-04
 2.0866E+03  3.6298E-02  1.4707E+00   9.9334E-04
 2.0885E+03  3.6319E-02  1.4709E+00   9.9207E-04
 2.0904E+03  3.6340E-02  1.4711E+00   9.9083E-04
 2.0924E+03  3.6360E-02  1.4712E+00   9.8961E-04
 2.0943E+03  3.6381E-02  1.4714E+00   9.8843E-04
 2.0962E+03  3.6402E-02  1.4716E+00   9.8727E-04
 2.0982E+03  3.6423E-02  1.4717E+00   9.8614E-04
 2.1001E+03  3.6443E-02  1.4719E+00   9.8504E-04
 2.1020E+03  3.6463E-02  1.4720E+00   9.8397E-04
 2.1039E+03  3.6484E-02  1.4722E+00   9.8292E-04
 2.1059E+03  3.6504E-02  1.4724E+00   9.8190E-04
 2.1078E+03  3.6524E-02  1.4725E+00   9.8090E-04
 2.1097E+03  3.6545E-02  1.4727E+00   9.7993E-04
 2.1117E+03  3.6565E-02  1.4729E+00   9.7899E-04
 2.1136E+03  3.6585E-02  1.4730E+00   9.7808E-04
 2.1155E+03  3.6605E-02  1.4732E+00   9.7719E-04
 2.1174E+03  3.6625E-02  1.4733E+00   9.7632E-04
 2.1194E+03  3.6645E-02  1.4735E+00   9.7548E-04
 2.1213E+03  3.6664E-02  1.4737E+00   9.7466E-04
 2.1232E+03  3.6684E-02  1.4738E+00   9.7387E-04
 2.1252E+03  3.6704E-02  1.4740E+00   9.7310E-04
 2.1271E+03  3.6723E-02  1.4741E+00   9.7236E-04
 2.1290E+03  3.6743E-02  1.4743E+00   9.7164E-04
 2.1309E+03  3.6763E-02  1.4744E+00   9.7095E-04
 2.1329E+03  3.6782E-02  1.4746E+00   9.7027E-04
 2.1348E+03  3.6801E-02  1.4747E+00   9.6962E-04
 2.1367E+03  3.6821E-02  1.4749E+00   9.6900E-04
 2.1387E+03  3.6840E-02  1.4751E+00   9.6840E-04
 2.1406E+03  3.6859E-02  1.4752E+00   9.6782E-04
 2.1425E+03  3.6878E-02  1.4754E+00   9.6726E-04
 2.1444E+03  3.6897E-02  1.4755E+00   9.6673E-04
 2.1464E+03  3.6916E-02  1.4757E+00   9.6621E-04
 2.1483E+03  3.6935E-02  1.4758E+00   9.6572E-04
 2.1502E+03  3.6954E-02  1.4760E+00   9.6525E-04
 2.1522E+03  3.6973E-02  1.4761E+00   9.6481E-04
 2.1541E+03  3.6992E-02  1.4763E+00   9.6438E-04
 2.1560E+03  3.7011E-02  1.4764E+00   9.6398E-04
 2.1579E+03  3.7029E-02  1.4766E+00   9.6360E-04
 2.1599E+03  3.7048E-02  1.4767E+00   9.6324E-04
 2.1618E+03  3.7067E-02  1.4769E+00   9.6290E-04
 2.1637E+03  3.7085E-02  1.4770E+00   9.6258E-04
 2.1657E+03  3.7104E-02  1.4772E+00   9.6228E-04
 2.1676E+03  3.7122E-02  1.4773E+00   9.6201E-04
 2.1695E+03  3.7140E-02  1.4774E+00   9.6175E-04
 2.1714E+03  3.7159E-02  1.4776E+00   9.6152E-04
 2.1734E+03  3.7177E-02  1.4777E+00   9.6130E-04
 2.1753E+03  3.7195E-02  1.4779E+00   9.6111E-04
 2.1772E+03  3.7213E-02  1.4780E+00   9.6093E-04
 2.1792E+03  3.7232E-02  1.4782E+00   9.6078E-04
 2.1811E+03  3.7250E-02  1.4783E+00   9.6064E-04
 2.1830E+03  3.7268E-02  1.4785E+00   9.6053E-04
 2.1849E+03  3.7286E-02  1.4786E+00   9.6043E-04
 2.1869E+03  3.7304E-02  1.4787E+00   9.6035E-04
 2.1888E+03  3.7322E-02  1.4789E+00   9.6030E-04
 2.1907E+03  3.7340E-02  1.4790E+00   9.6026E-04
 2.1927E+03  3.7357E-02  1.4792E+00   9.6024E-04
 2.1946E+03  3.7375E-02  1.4793E+00   9.6025E-04
 2.1965E+03  3.7393E-02  1.4795E+00   9.6027E-04
 2.1984E+03  3.7411E-02  1.4796E+00   9.6031E-04
 2.2004E+03  3.7428E-02  1.4797E+00   9.6037E-04
 2.2023E+03  3.7446E-02  1.4799E+00   9.6044E-04
 2.2042E+03  3.7463E-02  1.4800E+00   9.6054E-04
 2.2062E+03  3.7481E-02  1.4802E+00   9.6066E-04
 2.2081E+03  3.7499E-02  1.4803E+00   9.6079E-04
 2.2100E+03  3.7516E-02  1.4804E+00   9.6094E-04
 2.2119E+03  3.7533E-02  1.4806E+00   9.6111E-04
 2.2139E+03  3.7551E-02  1.4807E+00   9.6130E-04
 2.2158E+03  3.7568E-02  1.4808E+00   9.6151E-04
 2.2177E+03  3.7585E-02  1.4810E+00   9.6174E-04
 2.2197E+03  3.7603E-02  1.4811E+00   9.6198E-04
 2.2216E+03  3.7620E-02  1.4813E+00   9.6224E-04
 2.2235E+03  3.7637E-02  1.4814E+00   9.6253E-04
 2.2254E+03  3.7654E-02  1.4815E+00   9.6283E-04
 2.2274E+03  3.7671E-02  1.4817E+00   9.6314E-04
 2.2293E+03  3.7688E-02  1.4818E+00   9.6348E-04
 2.2312E+03  3.7705E-02  1.4819E+00   9.6383E-04
 2.2332E+03  3.7722E-02  1.4821E+00   9.6420E-04
 2.2351E+03  3.7739E-02  1.4822E+00   9.6459E-04
 2.2370E+03  3.7756E-02  1.4823E+00   9.6500E-04
 2.2389E+03  3.7773E-02  1.4825E+00   9.6542E-04
 2.2409E+03  3.7790E-02  1.4826E+00   9.6586E-04
 2.2428E+03  3.7807E-02  1.4827E+00   9.6632E-04
 2.2447E+03  3.7824E-02  1.4829E+00   9.6680E-04
 2.2467E+03  3.7841E-02  1.4830E+00   9.6729E-04
 2.2486E+03  3.7857E-02  1.4831E+00   9.6781E-04
 2.2505E+03  3.7874E-02  1.4833E+00   9.6834E-04
 2.2524E+03  3.7891E-02  1.4834E+00   9.6888E-04
 2.2544E+03  3.7907E-02  1.4835E+00   9.6945E-04
 2.2563E+03  3.7924E-02  1.4837E+00   9.7003E-04
 2.2582E+03  3.7940E-02  1.4838E+00   9.7063E-04
 2.2602E+03  3.7957E-02  1.4839E+00   9.7125E-04
 2.2621E+03  3.7974E-02  1.4841E+00   9.7188E-04
 2.2640E+03  3.7990E-02  1.4842E+00   9.7253E-04
 2.2659E+03  3.8006E-02  1.4843E+00   9.7320E-04
 2.2679E+03  3.8023E-02  1.4845E+00   9.7389E-04
 2.2698E+03  3.8039E-02  1.4846E+00   9.7459E-04
 2.2717E+03  3.8056E-02  1.4847E+00   9.7531E-04
 2.2737E+03  3.8072E-02  1.4848E+00   9.7605E-04
 2.2756E+03  3.8088E-02  1.4850E+00   9.7680E-04
 2.2775E+03  3.8105E-02  1.4851E+00   9.7757E-04
 2.2794E+03  3.8121E-02  1.4852E+00   9.7836E-04
 2.2814E+03  3.8137E-02  1.4854E+00   9.7917E-04
 2.2833E+03  3.8153E-02  1.4855E+00   9.7999E-04
 2.2852E+03  3.8170E-02  1.4856E+00   9.8084E-04
 2.2872E+03  3.8186E-02  1.4857E+00   9.8169E-04
 2.2891E+03  3.8202E-02  1.4859E+00   9.8257E-04
 2.2910E+03  3.8218E-02  1.4860E+00   9.8346E-04
 2.2929E+03  3.8234E-02  1.4861E+00   9.8437E-04
 2.2949E+03  3.8250E-02  1.4863E+00   9.8529E-04
 2.2968E+03  3.8266E-02  1.4864E+00   9.8624E-04
 2.2987E+03  3.8282E-02  1.4865E+00   9.8720E-04
 2.3007E+03  3.8298E-02  1.4866E+00   9.8818E-04
 2.3026E+03  3.8314E-02  1.4868E+00   9.8917E-04
 2.3045E+03  3.8330E-02  1.4869E+00   9.9018E-04
 2.3064E+03  3.8346E-02  1.4870E+00   9.9121E-04
 2.3084E+03  3.8362E-02  1.4871E+00   9.9226E-04
 2.3103E+03  3.8378E-02  1.4873E+00   9.9332E-04
 2.3122E+03  3.8394E-02  1.4874E+00   9.9440E-04
 2.3142E+03  3.8410E-02  1.4875E+00   9.9550E-04
 2.3161E+03  3.8425E-02  1.4876E+00   9.9661E-04
 2.3180E+03  3.8441E-02  1.4878E+00   9.9774E-04
 2.3199E+03  3.8457E-02  1.4879E+00   9.9889E-04
 2.3219E+03  3.8473E-02  1.4880E+00   1.0001E-03
 2.3238E+03  3.8489E-02  1.4881E+00   1.0012E-03
 2.3257E+03  3.8504E-02  1.4883E+00   1.0024E-03
 2.3277E+03  3.8520E-02  1.4884E+00   1.0037E-03
 2.3296E+03  3.8536E-02  1.4885E+00   1.0049E-03
 2.3315E+03  3.8551E-02  1.4886E+00   1.0061E-03
 2.3334E+03  3.8567E-02  1.4888E+00   1.0074E-03
 2.3354E+03  3.8583E-02  1.4889E+00   1.0087E-03
 2.3373E+03  3.8598E-02  1.4890E+00   1.0100E-03
 2.3392E+03  3.8614E-02  1.4891E+00   1.0113E-03
 2.3412E+03  3.8629E-02  1.4892E+00   1.0127E-03
 2.3431E+03  3.8645E-02  1.4894E+00   1.0140E-03
 2.3450E+03  3.8661E-02  1.4895E+00   1.0154E-03
 2.3469E+03  3.8676E-02  1.4896E+00   1.0168E-03
 2.3489E+03  3.8692E-02  1.4897E+00   1.0182E-03
 2.3508E+03  3.8707E-02  1.4899E+00   1.0196E-03
 2.3527E+03  3.8723E-02  1.4900E+00   1.0211E-03
 2.3547E+03  3.8738E-02  1.4901E+00   1.0225E-03
 2.3566E+03  3.8753E-02  1.4902E+00   1.0240E-03
 2.3585E+03  3.8769E-02  1.4903E+00   1.0255E-03
 2.3604E+03  3.8784E-02  1.4905E+00   1.0270E-03
 2.3624E+03  3.8800E-02  1.4906E+00   1.0286E-03
 2.3643E+03  3.8815E-02  1.4907E+00   1.0301E-03
 2.3662E+03  3.8831E-02  1.4908E+00   1.0317E-03
 2.3682E+03  3.8846E-02  1.4909E+00   1.0333E-03
 2.3701E+03  3.8861E-02  1.4911E+00   1.0349E-03
 2.3720E+03  3.8877E-02  1.4912E+00   1.0365E-03
 2.3739E+03  3.8892E-02  1.4913E+00   1.0381E-03
 2.3759E+03  3.8907E-02  1.4914E+00   1.0398E-03
 2.3778E+03  3.8923E-02  1.4916E+00   1.0414E-03
 2.3797E+03  3.8938E-02  1.4917E+00   1.0431E-03
 2.3817E+03  3.8953E-02  1.4918E+00   1.0449E-03
 2.3836E+03  3.8969E-02  1.4919E+00   1.0466E-03
 2.3855E+03  3.8984E-02  1.4920E+00   1.0483E-03
 2.3874E+03  3.8999E-02  1.4922E+00   1.0501E-03
 2.3894E+03  3.9014E-02  1.4923E+00   1.0519E-03
 2.3913E+03  3.9030E-02  1.4924E+00   1.0537E-03
 2.3932E+03  3.9045E-02  1.4925E+00   1.0555E-03
 2.3952E+03  3.9060E-02  1.4926E+00   1.0574E-03
 2.3971E+03  3.9075E-02  1.4928E+00   1.0592E-03
 2.3990E+03  3.9090E-02  1.4929E+00   1.0611E-03
 2.4009E+03  3.9106E-02  1.4930E+00   1.0630E-03
 2.4029E+03  3.9121E-02  1.4931E+00   1.0649E-03
 2.4048E+03  3.9136E-02  1.4932E+00   1.0668E-03
 2.4067E+03  3.9151E-02  1.4933E+00   1.0688E-03
 2.4087E+03  3.9166E-02  1.4935E+00   1.0708E-03
 2.4106E+03  3.9182E-02  1.4936E+00   1.0728E-03
 2.4125E+03  3.9197E-02  1.4937E+00   1.0748E-03
 2.4144E+03  3.9212E-02  1.4938E+00   1.0768E-03
 2.4164E+03  3.9227E-02  1.4939E+00   1.0788E-03
 2.4183E+03  3.9242E-02  1.4941E+00   1.0809E-03
 2.4202E+03  3.9257E-02  1.4942E+00   1.0830E-03
 2.4222E+03  3.9272E-02  1.4943E+00   1.0851E-03
 2.4241E+03  3.9288E-02  1.4944E+00   1.0872E-03
 2.4260E+03  3.9303E-02  1.4945E+00   1.0894E-03
 2.4279E+03  3.9318E-02  1.4947E+00   1.0915E-03
 2.4299E+03  3.9333E-02  1.4948E+00   1.0937E-03
 2.4318E+03  3.9348E-02  1.4949E+00   1.0959E-03
 2.4337E+03  3.9363E-02  1.4950E+00   1.0982E-03
 2.4357E+03  3.9378E-02  1.4951E+00   1.1004E-03
 2.4376E+03  3.9393E-02  1.4953E+00   1.1027E-03
 2.4395E+03  3.9408E-02  1.4954E+00   1.1050E-03
 2.4414E+03  3.9423E-02  1.4955E+00   1.1073E-03
 2.4434E+03  3.9439E-02  1.4956E+00   1.1096E-03
 2.4453E+03  3.9454E-02  1.4957E+00   1.1119E-03
 2.4472E+03  3.9469E-02  1.4958E+00   1.1143E-03
 2.4492E+03  3.9484E-02  1.4960E+00   1.1167E-03
 2.4511E+03  3.9499E-02  1.4961E+00   1.1191E-03
 2.4530E+03  3.9514E-02  1.4962E+00   1.1215E-03
 2.4549E+03  3.9529E-02  1.4963E+00   1.1240E-03
 2.4569E+03  3.9544E-02  1.4964E+00   1.1265E-03
 2.4588E+03  3.9559E-02  1.4966E+00   1.1290E-03
 2.4607E+03  3.9574E-02  1.4967E+00   1.1315E-03
 2.4627E+03  3.9589E-02  1.4968E+00   1.1340E-03
 2.4646E+03  3.9605E-02  1.4969E+00   1.1366E-03
 2.4665E+03  3.9620E-02  1.4970E+00   1.1391E-03
 2.4684E+03  3.9635E-02  1.4971E+00   1.1417E-03
 2.4704E+03  3.9650E-02  1.4973E+00   1.1444E-03
 2.4723E+03  3.9665E-02  1.4974E+00   1.1470E-03
 2.4742E+03  3.9680E-02  1.4975E+00   1.1497E-03
 2.4762E+03  3.9695E-02  1.4976E+00   1.1524E-03
 2.4781E+03  3.9710E-02  1.4977E+00   1.1551E-03
 2.4800E+03  3.9725E-02  1.4979E+00   1.1578E-03
 2.4819E+03  3.9740E-02  1.4980E+00   1.1606E-03
 2.4839E+03  3.9756E-02  1.4981E+00   1.1633E-03
 2.4858E+03  3.9771E-02  1.4982E+00   1.1661E-03
 2.4877E+03  3.9786E-02  1.4983E+00   1.1690E-03
 2.4897E+03  3.9801E-02  1.4984E+00   1.1718E-03
 2.4916E+03  3.9816E-02  1.4986E+00   1.1747E-03
 2.4935E+03  3.9831E-02  1.4987E+00   1.1776E-03
 2.4954E+03  3.9846E-02  1.4988E+00   1.1805E-03
 2.4974E+03  3.9861E-02  1.4989E+00   1.1834E-03
 2.4993E+03  3.9877E-02  1.4990E+00   1.1864E-03
 2.5012E+03  3.9892E-02  1.4992E+00   1.1894E-03
 2.5032E+03  3.9907E-02  1.4993E+00   1.1924E-03
 2.5051E+03  3.9922E-02  1.4994E+00   1.1954E-03
 2.5070E+03  3.9937E-02  1.4995E+00   1.1985E-03
 2.5089E+03  3.9952E-02  1.4996E+00   1.2015E-03
 2.5109E+03  3.9968E-02  1.4997E+00   1.2047E-03
 2.5128E+03  3.9983E-02  1.4999E+00   1.2078E-03
 2.5147E+03  3.9998E-02  1.5000E+00   1.2109E-03
 2.5166E+03  4.0013E-02  1.5001E+00   1.2141E-03
 2.5186E+03  4.0028E-02  1.5002E+00   1.2173E-03
 2.5205E+03  4.0044E-02  1.5003E+00   1.2205E-03
 2.5224E+03  4.0059E-02  1.5005E+00   1.2238E-03
 2.5244E+03  4.0074E-02  1.5006E+00   1.2271E-03
 2.5263E+03  4.0089E-02  1.5007E+00   1.2304E-03
 2.5282E+03  4.0105E-02  1.5008E+00   1.2337E-03
 2.5301E+03  4.0120E-02  1.5009E+00   1.2371E-03
 2.5321E+03  4.0135E-02  1.5011E+00   1.2404E-03
 2.5340E+03  4.0150E-02  1.5012E+00   1.2439E-03
 2.5359E+03  4.0166E-02  1.5013E+00   1.2473E-03
 2.5379E+03  4.0181E-02  1.5014E+00   1.2508E-03
 2.5398E+03  4.0196E-02  1.5015E+00   1.2543E-03
 2.5417E+03  4.0212E-02  1.5017E+00   1.2577E-03
 2.5436E+03  4.0227E-02  1.5018E+00   1.2613E-03
 2.5456E+03  4.0242E-02  1.5019E+00   1.2649E-03
 2.5475E+03  4.0258E-02  1.5020E+00   1.2685E-03
 2.5494E+03  4.0273E-02  1.5021E+00   1.2721E-03
 2.5514E+03  4.0289E-02  1.5023E+00   1.2757E-03
 2.5533E+03  4.0304E-02  1.5024E+00   1.2794E-03
 2.5552E+03  4.0319E-02  1.5025E+00   1.2831E-03
 2.5571E+03  4.0335E-02  1.5026E+00   1.2868E-03
 2.5591E+03  4.0350E-02  1.5027E+00   1.2906E-03
 2.5610E+03  4.0366E-02  1.5029E+00   1.2944E-03
 2.5629E+03  4.0381E-02  1.5030E+00   1.2982E-03
 2.5649E+03  4.0397E-02  1.5031E+00   1.3021E-03
 2.5668E+03  4.0412E-02  1.5032E+00   1.3059E-03
 2.5687E+03  4.0428E-02  1.5033E+00   1.3099E-03
 2.5706E+03  4.0443E-02  1.5035E+00   1.3138E-03
 2.5726E+03  4.0459E-02  1.5036E+00   1.3178E-03
 2.5745E+03  4.0475E-02  1.5037E+00   1.3218E-03
 2.5764E+03  4.0490E-02  1.5038E+00   1.3258E-03
 2.5784E+03  4.0506E-02  1.5039E+00   1.3298E-03
 2.5803E+03  4.0521E-02  1.5041E+00   1.3339E-03
 2.5822E+03  4.0537E-02  1.5042E+00   1.3380E-03
 2.5841E+03  4.0553E-02  1.5043E+00   1.3422E-03
 2.5861E+03  4.0568E-02  1.5044E+00   1.3464E-03
 2.5880E+03  4.0584E-02  1.5046E+00   1.3506E-03
 2.5899E+03  4.0600E-02  1.5047E+00   1.3548E-03
 2.5918E+03  4.0616E-02  1.5048E+00   1.3591E-03
 2.5938E+03  4.0631E-02  1.5049E+00   1.3634E-03
 2.5957E+03  4.0647E-02  1.5050E+00   1.3677E-03
 2.5976E+03  4.0663E-02  1.5052E+00   1.3721E-03
 2.5996E+03  4.0679E-02  1.5053E+00   1.3765E-03
 2.6015E+03  4.0695E-02  1.5054E+00   1.3810E-03
 2.6034E+03  4.0711E-02  1.5055E+00   1.3854E-03
 2.6053E+03  4.0727E-02  1.5057E+00   1.3899E-03
 2.6073E+03  4.0742E-02  1.5058E+00   1.3944E-03
 2.6092E+03  4.0758E-02  1.5059E+00   1.3990E-03
 2.6111E+03  4.0774E-02  1.5060E+00   1.4036E-03
 2.6131E+03  4.0790E-02  1.5062E+00   1.4083E-03
 2.6150E+03  4.0806E-02  1.5063E+00   1.4130E-03
 2.6169E+03  4.0822E-02  1.5064E+00   1.4176E-03
 2.6188E+03  4.0838E-02  1.5065E+00   1.4224E-03
 2.6208E+03  4.0855E-02  1.5067E+00   1.4272E-03
 2.6227E+03  4.0871E-02  1.5068E+00   1.4320E-03
 2.6246E+03  4.0887E-02  1.5069E+00   1.4368E-03
 2.6266E+03  4.0903E-02  1.5070E+00   1.4417E-03
 2.6285E+03  4.0919E-02  1.5072E+00   1.4467E-03
 2.6304E+03  4.0935E-02  1.5073E+00   1.4516E-03
 2.6323E+03  4.0952E-02  1.5074E+00   1.4566E-03
 2.6343E+03  4.0968E-02  1.5075E+00   1.4616E-03
 2.6362E+03  4.0984E-02  1.5077E+00   1.4667E-03
 2.6381E+03  4.1001E-02  1.5078E+00   1.4718E-03
 2.6401E+03  4.1017E-02  1.5079E+00   1.4770E-03
 2.6420E+03  4.1033E-02  1.5080E+00   1.4821E-03
 2.6439E+03  4.1050E-02  1.5082E+00   1.4874E-03
 2.6458E+03  4.1066E-02  1.5083E+00   1.4926E-03
 2.6478E+03  4.1083E-02  1.5084E+00   1.4980E-03
 2.6497E+03  4.1099E-02  1.5086E+00   1.5033E-03
 2.6516E+03  4.1116E-02  1.5087E+00   1.5087E-03
 2.6536E+03  4.1132E-02  1.5088E+00   1.5141E-03
 2.6555E+03  4.1149E-02  1.5089E+00   1.5196E-03
 2.6574E+03  4.1165E-02  1.5091E+00   1.5251E-03
 2.6593E+03  4.1182E-02  1.5092E+00   1.5306E-03
 2.6613E+03  4.1199E-02  1.5093E+00   1.5362E-03
 2.6632E+03  4.1216E-02  1.5095E+00   1.5419E-03
 2.6651E+03  4.1232E-02  1.5096E+00   1.5475E-03
 2.6671E+03  4.1249E-02  1.5097E+00   1.5532E-03
 2.6690E+03  4.1266E-02  1.5098E+00   1.5590E-03
 2.6709E+03  4.1283E-02  1.5100E+00   1.5648E-03
 2.6728E+03  4.1300E-02  1.5101E+00   1.5707E-03
 2.6748E+03  4.1317E-02  1.5102E+00   1.5766E-03
 2.6767E+03  4.1334E-02  1.5104E+00   1.5825E-03
 2.6786E+03  4.1351E-02  1.5105E+00   1.5885E-03
 2.6806E+03  4.1368E-02  1.5106E+00   1.5945E-03
 2.6825E+03  4.1385E-02  1.5108E+00   1.6006E-03
 2.6844E+03  4.1402E-02  1.5109E+00   1.6067E-03
 2.6863E+03  4.1419E-02  1.5110E+00   1.6129E-03
 2.6883E+03  4.1436E-02  1.5112E+00   1.6191E-03
 2.6902E+03  4.1454E-02  1.5113E+00   1.6253E-03
 2.6921E+03  4.1471E-02  1.5114E+00   1.6316E-03
 2.6941E+03  4.1488E-02  1.5116E+00   1.6380E-03
 2.6960E+03  4.1505E-02  1.5117E+00   1.6444E-03
 2.6979E+03  4.1523E-02  1.5118E+00   1.6508E-03
 2.6998E+03  4.1540E-02  1.5120E+00   1.6574E-03
 2.7018E+03  4.1558E-02  1.5121E+00   1.6639E-03
 2.7037E+03  4.1575E-02  1.5122E+00   1.6705E-03
 2.7056E+03  4.1593E-02  1.5124E+00   1.6771E-03
 2.7076E+03  4.1610E-02  1.5125E+00   1.6839E-03
 2.7095E+03  4.1628E-02  1.5127E+00   1.6906E-03
 2.7114E+03  4.1646E-02  1.5128E+00   1.6974E-03
 2.7133E+03  4.1664E-02  1.5129E+00   1.7043E-03
 2.7153E+03  4.1681E-02  1.5131E+00   1.7112E-03
 2.7172E+03  4.1699E-02  1.5132E+00   1.7181E-03
 2.7191E+03  4.1717E-02  1.5133E+00   1.7252E-03
 2.7211E+03  4.1735E-02  1.5135E+00   1.7323E-03
 2.7230E+03  4.1753E-02  1.5136E+00   1.7394E-03
 2.7249E+03  4.1771E-02  1.5138E+00   1.7466E-03
 2.7268E+03  4.1789E-02  1.5139E+00   1.7538E-03
 2.7288E+03  4.1807E-02  1.5140E+00   1.7611E-03
 2.7307E+03  4.1825E-02  1.5142E+00   1.7685E-03
 2.7326E+03  4.1843E-02  1.5143E+00   1.7759E-03
 2.7346E+03  4.1862E-02  1.5145E+00   1.7833E-03
 2.7365E+03  4.1880E-02  1.5146E+00   1.7909E-03
 2.7384E+03  4.1898E-02  1.5147E+00   1.7985E-03
 2.7403E+03  4.1917E-02  1.5149E+00   1.8061E-03
 2.7423E+03  4.1935E-02  1.5150E+00   1.8138E-03
 2.7442E+03  4.1954E-02  1.5152E+00   1.8216E-03
 2.7461E+03  4.1972E-02  1.5153E+00   1.8294E-03
 2.7481E+03  4.1991E-02  1.5155E+00   1.8373E-03
 2.7500E+03  4.2010E-02  1.5156E+00   1.8453E-03
 2.7519E+03  4.2028E-02  1.5157E+00   1.8533E-03
 2.7538E+03  4.2047E-02  1.5159E+00   1.8614E-03
 2.7558E+03  4.2066E-02  1.5160E+00   1.8695E-03
 2.7577E+03  4.2085E-02  1.5162E+00   1.8777E-03
 2.7596E+03  4.2104E-02  1.5163E+00   1.8860E-03
 2.7616E+03  4.2123E-02  1.5165E+00   1.8943E-03
 2.7635E+03  4.2142E-02  1.5166E+00   1.9027E-03
 2.7654E+03  4.2161E-02  1.5168E+00   1.9112E-03
 2.7673E+03  4.2180E-02  1.5169E+00   1.9198E-03
 2.7693E+03  4.2199E-02  1.5171E+00   1.9283E-03
 2.7712E+03  4.2219E-02  1.5172E+00   1.9370E-03
 2.7731E+03  4.2238E-02  1.5174E+00   1.9458E-03
 2.7751E+03  4.2257E-02  1.5175E+00   1.9546E-03
 2.7770E+03  4.2277E-02  1.5177E+00   1.9635E-03
 2.7789E+03  4.2297E-02  1.5178E+00   1.9725E-03
 2.7808E+03  4.2316E-02  1.5180E+00   1.9815E-03
 2.7828E+03  4.2336E-02  1.5181E+00   1.9906E-03
 2.7847E+03  4.2355E-02  1.5183E+00   1.9998E-03
 2.7866E+03  4.2375E-02  1.5184E+00   2.0091E-03
 2.7886E+03  4.2395E-02  1.5186E+00   2.0184E-03
 2.7905E+03  4.2415E-02  1.5187E+00   2.0278E-03
 2.7924E+03  4.2435E-02  1.5189E+00   2.0373E-03
 2.7943E+03  4.2455E-02  1.5190E+00   2.0469E-03
 2.7963E+03  4.2475E-02  1.5192E+00   2.0565E-03
 2.7982E+03  4.2496E-02  1.5193E+00   2.0662E-03
 2.8001E+03  4.2516E-02  1.5195E+00   2.0761E-03
 2.8021E+03  4.2536E-02  1.5197E+00   2.0860E-03
 2.8040E+03  4.2557E-02  1.5198E+00   2.0959E-03
 2.8059E+03  4.2577E-02  1.5200E+00   2.1059E-03
 2.8078E+03  4.2598E-02  1.5201E+00   2.1161E-03
 2.8098E+03  4.2618E-02  1.5203E+00   2.1263E-03
 2.8117E+03  4.2639E-02  1.5204E+00   2.1366E-03
 2.8136E+03  4.2660E-02  1.5206E+00   2.1470E-03
 2.8156E+03  4.2681E-02  1.5208E+00   2.1575E-03
 2.8175E+03  4.2702E-02  1.5209E+00   2.1681E-03
 2.8194E+03  4.2723E-02  1.5211E+00   2.1787E-03
 2.8213E+03  4.2744E-02  1.5213E+00   2.1895E-03
 2.8233E+03  4.2765E-02  1.5214E+00   2.2003E-03
 2.8252E+03  4.2786E-02  1.5216E+00   2.2113E-03
 2.8271E+03  4.2808E-02  1.5217E+00   2.2223E-03
 2.8291E+03  4.2829E-02  1.5219E+00   2.2334E-03
 2.8310E+03  4.2851E-02  1.5221E+00   2.2446E-03
 2.8329E+03  4.2872E-02  1.5222E+00   2.2559E-03
 2.8348E+03  4.2894E-02  1.5224E+00   2.2673E-03
 2.8368E+03  4.2916E-02  1.5226E+00   2.2788E-03
 2.8387E+03  4.2937E-02  1.5227E+00   2.2905E-03
 2.8406E+03  4.2959E-02  1.5229E+00   2.3022E-03
 2.8426E+03  4.2981E-02  1.5231E+00   2.3140E-03
 2.8445E+03  4.3003E-02  1.5232E+00   2.3258E-03
 2.8464E+03  4.3026E-02  1.5234E+00   2.3379E-03
 2.8483E+03  4.3048E-02  1.5236E+00   2.3500E-03
 2.8503E+03  4.3070E-02  1.5238E+00   2.3622E-03
 2.8522E+03  4.3093E-02  1.5239E+00   2.3746E-03
 2.8541E+03  4.3115E-02  1.5241E+00   2.3870E-03
 2.8561E+03  4.3138E-02  1.5243E+00   2.3995E-03
 2.8580E+03  4.3161E-02  1.5245E+00   2.4122E-03
 2.8599E+03  4.3184E-02  1.5246E+00   2.4250E-03
 2.8618E+03  4.3207E-02  1.5248E+00   2.4379E-03
 2.8638E+03  4.3230E-02  1.5250E+00   2.4509E-03
 2.8657E+03  4.3253E-02  1.5252E+00   2.4640E-03
 2.8676E+03  4.3276E-02  1.5253E+00   2.4772E-03
 2.8696E+03  4.3299E-02  1.5255E+00   2.4905E-03
 2.8715E+03  4.3323E-02  1.5257E+00   2.5040E-03
 2.8734E+03  4.3346E-02  1.5259E+00   2.5176E-03
 2.8753E+03  4.3370E-02  1.5261E+00   2.5313E-03
 2.8773E+03  4.3394E-02  1.5262E+00   2.5452E-03
 2.8792E+03  4.3418E-02  1.5264E+00   2.5592E-03
 2.8811E+03  4.3442E-02  1.5266E+00   2.5732E-03
 2.8831E+03  4.3466E-02  1.5268E+00   2.5874E-03
 2.8850E+03  4.3490E-02  1.5270E+00   2.6018E-03
 2.8869E+03  4.3514E-02  1.5272E+00   2.6163E-03
 2.8888E+03  4.3539E-02  1.5273E+00   2.6309E-03
 2.8908E+03  4.3563E-02  1.5275E+00   2.6456E-03
 2.8927E+03  4.3588E-02  1.5277E+00   2.6605E-03
 2.8946E+03  4.3612E-02  1.5279E+00   2.6755E-03
 2.8966E+03  4.3637E-02  1.5281E+00   2.6907E-03
 2.8985E+03  4.3662E-02  1.5283E+00   2.7060E-03
 2.9004E+03  4.3687E-02  1.5285E+00   2.7214E-03
 2.9023E+03  4.3713E-02  1.5287E+00   2.7370E-03
 2.9043E+03  4.3738E-02  1.5289E+00   2.7528E-03
 2.9062E+03  4.3763E-02  1.5291E+00   2.7686E-03
 2.9081E+03  4.3789E-02  1.5293E+00   2.7846E-03
 2.9101E+03  4.3815E-02  1.5295E+00   2.8008E-03
 2.9120E+03  4.3841E-02  1.5297E+00   2.8172E-03
 2.9139E+03  4.3866E-02  1.5299E+00   2.8337E-03
 2.9158E+03  4.3893E-02  1.5301E+00   2.8503E-03
 2.9178E+03  4.3919E-02  1.5303E+00   2.8672E-03
 2.9197E+03  4.3945E-02  1.5305E+00   2.8841E-03
 2.9216E+03  4.3972E-02  1.5307E+00   2.9012E-03
 2.9236E+03  4.3998E-02  1.5309E+00   2.9185E-03
 2.9255E+03  4.4025E-02  1.5311E+00   2.9360E-03
 2.9274E+03  4.4052E-02  1.5313E+00   2.9536E-03
 2.9293E+03  4.4079E-02  1.5315E+00   2.9715E-03
 2.9313E+03  4.4106E-02  1.5317E+00   2.9894E-03
 2.9332E+03  4.4133E-02  1.5319E+00   3.0075E-03
 2.9351E+03  4.4161E-02  1.5321E+00   3.0259E-03
 2.9371E+03  4.4188E-02  1.5323E+00   3.0444E-03
 2.9390E+03  4.4216E-02  1.5325E+00   3.0631E-03
 2.9409E+03  4.4244E-02  1.5327E+00   3.0820E-03
 2.9428E+03  4.4272E-02  1.5329E+00   3.1011E-03
 2.9448E+03  4.4300E-02  1.5332E+00   3.1203E-03
 2.9467E+03  4.4329E-02  1.5334E+00   3.1397E-03
 2.9486E+03  4.4357E-02  1.5336E+00   3.1594E-03
 2.9506E+03  4.4386E-02  1.5338E+00   3.1792E-03
 2.9525E+03  4.4415E-02  1.5340E+00   3.1993E-03
 2.9544E+03  4.4444E-02  1.5343E+00   3.2195E-03
 2.9563E+03  4.4473E-02  1.5345E+00   3.2399E-03
 2.9583E+03  4.4502E-02  1.5347E+00   3.2606E-03
 2.9602E+03  4.4531E-02  1.5349E+00   3.2815E-03
 2.9621E+03  4.4561E-02  1.5351E+00   3.3026E-03
 2.9641E+03  4.4591E-02  1.5354E+00   3.3239E-03
 2.9660E+03  4.4621E-02  1.5356E+00   3.3454E-03
 2.9679E+03  4.4651E-02  1.5358E+00   3.3671E-03
 2.9698E+03  4.4681E-02  1.5361E+00   3.3890E-03
 2.9718E+03  4.4711E-02  1.5363E+00   3.4112E-03
 2.9737E+03  4.4742E-02  1.5365E+00   3.4337E-03
 2.9756E+03  4.4773E-02  1.5368E+00   3.4563E-03
 2.9776E+03  4.4804E-02  1.5370E+00   3.4792E-03
 2.9795E+03  4.4835E-02  1.5372E+00   3.5024E-03
 2.9814E+03  4.4866E-02  1.5375E+00   3.5257E-03
 2.9833E+03  4.4898E-02  1.5377E+00   3.5493E-03
 2.9853E+03  4.4930E-02  1.5379E+00   3.5732E-03
 2.9872E+03  4.4962E-02  1.5382E+00   3.5973E-03
 2.9891E+03  4.4994E-02  1.5384E+00   3.6217E-03
 2.9911E+03  4.5026E-02  1.5387E+00   3.6464E-03
 2.9930E+03  4.5059E-02  1.5389E+00   3.6713E-03
 2.9949E+03  4.5091E-02  1.5392E+00   3.6964E-03
 2.9968E+03  4.5124E-02  1.5394E+00   3.7219E-03
 2.9988E+03  4.5158E-02  1.5397E+00   3.7476E-03
 3.0007E+03  4.5191E-02  1.5399E+00   3.7737E-03
 3.0026E+03  4.5225E-02  1.5402E+00   3.8000E-03
 3.0046E+03  4.5258E-02  1.5404E+00   3.8266E-03
 3.0065E+03  4.5292E-02  1.5407E+00   3.8535E-03
 3.0084E+03  4.5326E-02  1.5410E+00   3.8806E-03
 3.0103E+03  4.5361E-02  1.5412E+00   3.9081E-03
 3.0123E+03  4.5395E-02  1.5415E+00   3.9359E-03
 3.0142E+03  4.5430E-02  1.5417E+00   3.9640E-03
 3.0161E+03  4.5465E-02  1.5420E+00   3.9924E-03
 3.0181E+03  4.5501E-02  1.5423E+00   4.0212E-03
 3.0200E+03  4.5536E-02  1.5425E+00   4.0501E-03
 3.0219E+03  4.5572E-02  1.5428E+00   4.0795E-03
 3.0238E+03  4.5608E-02  1.5431E+00   4.1092E-03
 3.0258E+03  4.5644E-02  1.5434E+00   4.1393E-03
 3.0277E+03  4.5681E-02  1.5436E+00   4.1697E-03
 3.0296E+03  4.5718E-02  1.5439E+00   4.2005E-03
 3.0316E+03  4.5755E-02  1.5442E+00   4.2316E-03
 3.0335E+03  4.5792E-02  1.5445E+00   4.2630E-03
 3.0354E+03  4.5829E-02  1.5448E+00   4.2948E-03
 3.0373E+03  4.5867E-02  1.5450E+00   4.3271E-03
 3.0393E+03  4.5905E-02  1.5453E+00   4.3597E-03
 3.0412E+03  4.5943E-02  1.5456E+00   4.3926E-03
 3.0431E+03  4.5982E-02  1.5459E+00   4.4260E-03
 3.0450E+03  4.6021E-02  1.5462E+00   4.4596E-03
 3.0470E+03  4.6060E-02  1.5465E+00   4.4938E-03
 3.0489E+03  4.6099E-02  1.5468E+00   4.5284E-03
 3.0508E+03  4.6139E-02  1.5471E+00   4.5634E-03
 3.0528E+03  4.6179E-02  1.5474E+00   4.5988E-03
 3.0547E+03  4.6219E-02  1.5477E+00   4.6346E-03
 3.0566E+03  4.6260E-02  1.5480E+00   4.6709E-03
 3.0585E+03  4.6300E-02  1.5483E+00   4.7074E-03
 3.0605E+03  4.6342E-02  1.5486E+00   4.7446E-03
 3.0624E+03  4.6383E-02  1.5489E+00   4.7822E-03
 3.0643E+03  4.6425E-02  1.5493E+00   4.8203E-03
 3.0663E+03  4.6467E-02  1.5496E+00   4.8589E-03
 3.0682E+03  4.6509E-02  1.5499E+00   4.8979E-03
 3.0701E+03  4.6552E-02  1.5502E+00   4.9372E-03
 3.0720E+03  4.6595E-02  1.5505E+00   4.9772E-03
 3.0740E+03  4.6638E-02  1.5509E+00   5.0177E-03
 3.0759E+03  4.6682E-02  1.5512E+00   5.0588E-03
 3.0778E+03  4.6726E-02  1.5515E+00   5.1003E-03
 3.0798E+03  4.6770E-02  1.5519E+00   5.1424E-03
 3.0817E+03  4.6815E-02  1.5522E+00   5.1850E-03
 3.0836E+03  4.6860E-02  1.5525E+00   5.2279E-03
 3.0855E+03  4.6906E-02  1.5529E+00   5.2716E-03
 3.0875E+03  4.6951E-02  1.5532E+00   5.3159E-03
 3.0894E+03  4.6997E-02  1.5536E+00   5.3608E-03
 3.0913E+03  4.7044E-02  1.5539E+00   5.4062E-03
 3.0933E+03  4.7091E-02  1.5543E+00   5.4522E-03
 3.0952E+03  4.7138E-02  1.5546E+00   5.4986E-03
 3.0971E+03  4.7186E-02  1.5550E+00   5.5459E-03
 3.0990E+03  4.7234E-02  1.5553E+00   5.5937E-03
 3.1010E+03  4.7282E-02  1.5557E+00   5.6422E-03
 3.1029E+03  4.7331E-02  1.5561E+00   5.6914E-03
 3.1048E+03  4.7380E-02  1.5564E+00   5.7412E-03
 3.1068E+03  4.7430E-02  1.5568E+00   5.7917E-03
 3.1087E+03  4.7480E-02  1.5572E+00   5.8426E-03
 3.1106E+03  4.7530E-02  1.5576E+00   5.8945E-03
 3.1125E+03  4.7581E-02  1.5579E+00   5.9471E-03
 3.1145E+03  4.7633E-02  1.5583E+00   6.0004E-03
 3.1164E+03  4.7684E-02  1.5587E+00   6.0544E-03
 3.1183E+03  4.7737E-02  1.5591E+00   6.1092E-03
 3.1202E+03  4.7789E-02  1.5595E+00   6.1644E-03
 3.1222E+03  4.7842E-02  1.5599E+00   6.2208E-03
 3.1241E+03  4.7896E-02  1.5603E+00   6.2779E-03
 3.1260E+03  4.7950E-02  1.5607E+00   6.3358E-03
 3.1280E+03  4.8005E-02  1.5611E+00   6.3945E-03
 3.1299E+03  4.8060E-02  1.5615E+00   6.4541E-03
 3.1318E+03  4.8115E-02  1.5619E+00   6.5145E-03
 3.1338E+03  4.8171E-02  1.5623E+00   6.5755E-03
 3.1357E+03  4.8228E-02  1.5628E+00   6.6377E-03
 3.1376E+03  4.8285E-02  1.5632E+00   6.7007E-03
 3.1395E+03  4.8343E-02  1.5636E+00   6.7647E-03
 3.1415E+03  4.8401E-02  1.5641E+00   6.8297E-03
 3.1434E+03  4.8459E-02  1.5645E+00   6.8955E-03
 3.1453E+03  4.8518E-02  1.5649E+00   6.9621E-03
 3.1472E+03  4.8578E-02  1.5654E+00   7.0299E-03
 3.1492E+03  4.8639E-02  1.5658E+00   7.0988E-03
 3.1511E+03  4.8700E-02  1.5663E+00   7.1687E-03
 3.1530E+03  4.8761E-02  1.5667E+00   7.2396E-03
 3.1550E+03  4.8823E-02  1.5672E+00   7.3116E-03
 3.1569E+03  4.8886E-02  1.5677E+00   7.3847E-03
 3.1588E+03  4.8949E-02  1.5681E+00   7.4586E-03
 3.1608E+03  4.9013E-02  1.5686E+00   7.5340E-03
 3.1627E+03  4.9078E-02  1.5691E+00   7.6105E-03
 3.1646E+03  4.9143E-02  1.5696E+00   7.6882E-03
 3.1665E+03  4.9209E-02  1.5701E+00   7.7672E-03
 3.1685E+03  4.9275E-02  1.5706E+00   7.8474E-03
 3.1704E+03  4.9342E-02  1.5711E+00   7.9284E-03
 3.1723E+03  4.9410E-02  1.5716E+00   8.0111E-03
 3.1742E+03  4.9479E-02  1.5721E+00   8.0951E-03
 3.1762E+03  4.9548E-02  1.5726E+00   8.1805E-03
 3.1781E+03  4.9618E-02  1.5731E+00   8.2673E-03
 3.1800E+03  4.9689E-02  1.5736E+00   8.3555E-03
 3.1820E+03  4.9760E-02  1.5742E+00   8.4451E-03
 3.1839E+03  4.9832E-02  1.5747E+00   8.5357E-03
 3.1858E+03  4.9905E-02  1.5752E+00   8.6283E-03
 3.1878E+03  4.9979E-02  1.5758E+00   8.7224E-03
 3.1897E+03  5.0053E-02  1.5763E+00   8.8180E-03
 3.1916E+03  5.0129E-02  1.5769E+00   8.9153E-03
 3.1935E+03  5.0205E-02  1.5774E+00   9.0142E-03
 3.1955E+03  5.0281E-02  1.5780E+00   9.1142E-03
 3.1974E+03  5.0359E-02  1.5786E+00   9.2165E-03
 3.1993E+03  5.0438E-02  1.5792E+00   9.3205E-03
 3.2012E+03  5.0518E-02  1.5798E+00   9.4263E-03
 3.2032E+03  5.0598E-02  1.5803E+00   9.5339E-03
 3.2051E+03  5.0679E-02  1.5809E+00   9.6434E-03
 3.2070E+03  5.0762E-02  1.5816E+00   9.7549E-03
 3.2090E+03  5.0844E-02  1.5822E+00   9.8677E-03
 3.2109E+03  5.0929E-02  1.5828E+00   9.9830E-03
 3.2128E+03  5.1014E-02  1.5834E+00   1.0100E-02
 3.2148E+03  5.1100E-02  1.5840E+00   1.0220E-02
 3.2167E+03  5.1187E-02  1.5847E+00   1.0342E-02
 3.2186E+03  5.1275E-02  1.5853E+00   1.0466E-02
 3.2205E+03  5.1364E-02  1.5860E+00   1.0591E-02
 3.2225E+03  5.1454E-02  1.5867E+00   1.0720E-02
 3.2244E+03  5.1546E-02  1.5873E+00   1.0850E-02
 3.2263E+03  5.1638E-02  1.5880E+00   1.0984E-02
 3.2282E+03  5.1732E-02  1.5887E+00   1.1119E-02
 3.2302E+03  5.1827E-02  1.5894E+00   1.1258E-02
 3.2321E+03  5.1922E-02  1.5901E+00   1.1398E-02
 3.2340E+03  5.2019E-02  1.5908E+00   1.1541E-02
 3.2360E+03  5.2117E-02  1.5915E+00   1.1688E-02
 3.2379E+03  5.2217E-02  1.5922E+00   1.1837E-02
 3.2398E+03  5.2318E-02  1.5930E+00   1.1989E-02
 3.2418E+03  5.2420E-02  1.5937E+00   1.2144E-02
 3.2437E+03  5.2523E-02  1.5945E+00   1.2302E-02
 3.2456E+03  5.2627E-02  1.5952E+00   1.2462E-02
 3.2475E+03  5.2734E-02  1.5960E+00   1.2626E-02
 3.2495E+03  5.2841E-02  1.5968E+00   1.2794E-02
 3.2514E+03  5.2950E-02  1.5976E+00   1.2965E-02
 3.2533E+03  5.3060E-02  1.5984E+00   1.3139E-02
 3.2552E+03  5.3172E-02  1.5992E+00   1.3317E-02
 3.2572E+03  5.3286E-02  1.6000E+00   1.3499E-02
 3.2591E+03  5.3400E-02  1.6009E+00   1.3683E-02
 3.2610E+03  5.3516E-02  1.6017E+00   1.3873E-02
 3.2630E+03  5.3634E-02  1.6026E+00   1.4066E-02
 3.2649E+03  5.3754E-02  1.6034E+00   1.4263E-02
 3.2668E+03  5.3875E-02  1.6043E+00   1.4465E-02
 3.2688E+03  5.3998E-02  1.6052E+00   1.4671E-02
 3.2707E+03  5.4123E-02  1.6061E+00   1.4880E-02
 3.2726E+03  5.4249E-02  1.6070E+00   1.5095E-02
 3.2745E+03  5.4378E-02  1.6080E+00   1.5314E-02
 3.2765E+03  5.4508E-02  1.6089E+00   1.5539E-02
 3.2784E+03  5.4640E-02  1.6099E+00   1.5768E-02
 3.2803E+03  5.4774E-02  1.6108E+00   1.6002E-02
 3.2822E+03  5.4910E-02  1.6118E+00   1.6242E-02
 3.2842E+03  5.5048E-02  1.6128E+00   1.6486E-02
 3.2861E+03  5.5188E-02  1.6138E+00   1.6737E-02
 3.2880E+03  5.5331E-02  1.6149E+00   1.6993E-02
 3.2900E+03  5.5475E-02  1.6159E+00   1.7256E-02
 3.2919E+03  5.5622E-02  1.6170E+00   1.7524E-02
 3.2938E+03  5.5771E-02  1.6180E+00   1.7799E-02
 3.2958E+03  5.5922E-02  1.6191E+00   1.8081E-02
 3.2977E+03  5.6075E-02  1.6202E+00   1.8367E-02
 3.2996E+03  5.6232E-02  1.6213E+00   1.8663E-02
 3.3015E+03  5.6390E-02  1.6225E+00   1.8965E-02
 3.3035E+03  5.6552E-02  1.6236E+00   1.9275E-02
 3.3054E+03  5.6716E-02  1.6248E+00   1.9592E-02
 3.3073E+03  5.6882E-02  1.6260E+00   1.9917E-02
 3.3092E+03  5.7051E-02  1.6272E+00   2.0249E-02
 3.3112E+03  5.7223E-02  1.6284E+00   2.0591E-02
 3.3131E+03  5.7398E-02  1.6297E+00   2.0941E-02
 3.3150E+03  5.7576E-02  1.6310E+00   2.1301E-02
 3.3170E+03  5.7758E-02  1.6323E+00   2.1670E-02
 3.3189E+03  5.7942E-02  1.6336E+00   2.2048E-02
 3.3208E+03  5.8129E-02  1.6349E+00   2.2437E-02
 3.3227E+03  5.8319E-02  1.6363E+00   2.2834E-02
 3.3247E+03  5.8514E-02  1.6376E+00   2.3243E-02
 3.3266E+03  5.8711E-02  1.6390E+00   2.3664E-02
 3.3285E+03  5.8913E-02  1.6405E+00   2.4096E-02
 3.3305E+03  5.9118E-02  1.6419E+00   2.4540E-02
 3.3324E+03  5.9326E-02  1.6434E+00   2.4997E-02
 3.3343E+03  5.9538E-02  1.6449E+00   2.5464E-02
 3.3362E+03  5.9754E-02  1.6464E+00   2.5946E-02
 3.3382E+03  5.9975E-02  1.6480E+00   2.6442E-02
 3.3401E+03  6.0200E-02  1.6496E+00   2.6953E-02
 3.3420E+03  6.0429E-02  1.6512E+00   2.7479E-02
 3.3440E+03  6.0663E-02  1.6528E+00   2.8020E-02
 3.3459E+03  6.0901E-02  1.6545E+00   2.8577E-02
 3.3478E+03  6.1143E-02  1.6562E+00   2.9148E-02
 3.3497E+03  6.1391E-02  1.6579E+00   2.9739E-02
 3.3517E+03  6.1644E-02  1.6597E+00   3.0348E-02
 3.3536E+03  6.1902E-02  1.6615E+00   3.0976E-02
 3.3555E+03  6.2165E-02  1.6633E+00   3.1624E-02
 3.3575E+03  6.2434E-02  1.6652E+00   3.2292E-02
 3.3594E+03  6.2707E-02  1.6671E+00   3.2977E-02
 3.3613E+03  6.2988E-02  1.6691E+00   3.3689E-02
 3.3632E+03  6.3274E-02  1.6711E+00   3.4423E-02
 3.3652E+03  6.3567E-02  1.6731E+00   3.5182E-02
 3.3671E+03  6.3866E-02  1.6752E+00   3.5966E-02
 3.3690E+03  6.4171E-02  1.6773E+00   3.6776E-02
 3.3710E+03  6.4484E-02  1.6794E+00   3.7614E-02
 3.3729E+03  6.4801E-02  1.6816E+00   3.8476E-02
 3.3748E+03  6.5128E-02  1.6839E+00   3.9372E-02
 3.3767E+03  6.5463E-02  1.6862E+00   4.0300E-02
 3.3787E+03  6.5805E-02  1.6885E+00   4.1260E-02
 3.3806E+03  6.6155E-02  1.6909E+00   4.2256E-02
 3.3825E+03  6.6514E-02  1.6934E+00   4.3287E-02
 3.3844E+03  6.6879E-02  1.6959E+00   4.4350E-02
 3.3864E+03  6.7255E-02  1.6984E+00   4.5459E-02
 3.3883E+03  6.7640E-02  1.7010E+00   4.6609E-02
 3.3902E+03  6.8035E-02  1.7037E+00   4.7803E-02
 3.3922E+03  6.8440E-02  1.7065E+00   4.9043E-02
 3.3941E+03  6.8856E-02  1.7093E+00   5.0332E-02
 3.3960E+03  6.9282E-02  1.7121E+00   5.1671E-02
 3.3979E+03  6.9717E-02  1.7151E+00   5.3056E-02
 3.3999E+03  7.0166E-02  1.7181E+00   5.4505E-02
 3.4018E+03  7.0626E-02  1.7211E+00   5.6013E-02
 3.4037E+03  7.1100E-02  1.7243E+00   5.7584E-02
 3.4057E+03  7.1586E-02  1.7275E+00   5.9221E-02
 3.4076E+03  7.2086E-02  1.7308E+00   6.0927E-02
 3.4095E+03  7.2597E-02  1.7342E+00   6.2698E-02
 3.4114E+03  7.3125E-02  1.7377E+00   6.4556E-02
 3.4134E+03  7.3668E-02  1.7413E+00   6.6496E-02
 3.4153E+03  7.4228E-02  1.7449E+00   6.8523E-02
 3.4172E+03  7.4804E-02  1.7487E+00   7.0643E-02
 3.4192E+03  7.5397E-02  1.7526E+00   7.2861E-02
 3.4211E+03  7.6008E-02  1.7565E+00   7.5182E-02
 3.4230E+03  7.6634E-02  1.7606E+00   7.7601E-02
 3.4249E+03  7.7283E-02  1.7647E+00   8.0150E-02
 3.4269E+03  7.7953E-02  1.7690E+00   8.2824E-02
 3.4288E+03  7.8644E-02  1.7734E+00   8.5630E-02
 3.4307E+03  7.9357E-02  1.7779E+00   8.8578E-02
 3.4327E+03  8.0094E-02  1.7826E+00   9.1677E-02
 3.4346E+03  8.0851E-02  1.7873E+00   9.4919E-02
 3.4365E+03  8.1638E-02  1.7922E+00   9.8350E-02
 3.4384E+03  8.2451E-02  1.7973E+00   1.0196E-01
 3.4404E+03  8.3293E-02  1.8024E+00   1.0578E-01
 3.4423E+03  8.4163E-02  1.8077E+00   1.0980E-01
 3.4442E+03  8.5065E-02  1.8132E+00   1.1404E-01
 3.4462E+03  8.5999E-02  1.8188E+00   1.1853E-01
 3.4481E+03  8.6962E-02  1.8246E+00   1.2326E-01
 3.4500E+03  8.7965E-02  1.8305E+00   1.2828E-01
 3.4519E+03  8.9006E-02  1.8366E+00   1.3361E-01
 3.4539E+03  9.0086E-02  1.8429E+00   1.3926E-01
 3.4558E+03  9.1207E-02  1.8493E+00   1.4526E-01
 3.4577E+03  9.2372E-02  1.8559E+00   1.5163E-01
 3.4597E+03  9.3576E-02  1.8626E+00   1.5837E-01
 3.4616E+03  9.4833E-02  1.8695E+00   1.6559E-01
 3.4635E+03  9.6141E-02  1.8766E+00   1.7328E-01
 3.4654E+03  9.7502E-02  1.8838E+00   1.8148E-01
 3.4674E+03  9.8919E-02  1.8912E+00   1.9023E-01
 3.4693E+03  1.0039E-01  1.8987E+00   1.9958E-01
 3.4712E+03  1.0193E-01  1.9064E+00   2.0958E-01
 3.4732E+03  1.0352E-01  1.9141E+00   2.2023E-01
 3.4751E+03  1.0519E-01  1.9220E+00   2.3169E-01
 3.4770E+03  1.0692E-01  1.9299E+00   2.4398E-01
 3.4789E+03  1.0873E-01  1.9378E+00   2.5716E-01
 3.4809E+03  1.1062E-01  1.9458E+00   2.7130E-01
 3.4828E+03  1.1259E-01  1.9536E+00   2.8648E-01
 3.4847E+03  1.1462E-01  1.9613E+00   3.0271E-01
 3.4867E+03  1.1676E-01  1.9687E+00   3.2022E-01
 3.4886E+03  1.1897E-01  1.9759E+00   3.3903E-01
 3.4905E+03  1.2128E-01  1.9826E+00   3.5922E-01
 3.4924E+03  1.2368E-01  1.9888E+00   3.8088E-01
 3.4944E+03  1.2616E-01  1.9942E+00   4.0409E-01
 3.4963E+03  1.2873E-01  1.9986E+00   4.2893E-01
 3.4982E+03  1.3138E-01  2.0019E+00   4.5530E-01
 3.5002E+03  1.3411E-01  2.0038E+00   4.8352E-01
 3.5021E+03  1.3692E-01  2.0040E+00   5.1346E-01
 3.5040E+03  1.3979E-01  2.0022E+00   5.4507E-01
 3.5059E+03  1.4271E-01  1.9980E+00   5.7827E-01
 3.5079E+03  1.4566E-01  1.9911E+00   6.1289E-01
 3.5098E+03  1.4860E-01  1.9810E+00   6.4852E-01
 3.5117E+03  1.5153E-01  1.9675E+00   6.8520E-01
 3.5137E+03  1.5442E-01  1.9501E+00   7.2232E-01
 3.5156E+03  1.5721E-01  1.9286E+00   7.5937E-01
 3.5175E+03  1.5986E-01  1.9028E+00   7.9574E-01
 3.5194E+03  1.6234E-01  1.8727E+00   8.3074E-01
 3.5214E+03  1.6457E-01  1.8381E+00   8.6366E-01
 3.5233E+03  1.6650E-01  1.7997E+00   8.9362E-01
 3.5252E+03  1.6810E-01  1.7574E+00   9.2022E-01
 3.5272E+03  1.6929E-01  1.7118E+00   9.4271E-01
 3.5291E+03  1.7002E-01  1.6637E+00   9.6059E-01
 3.5310E+03  1.7025E-01  1.6138E+00   9.7350E-01
 3.5329E+03  1.6993E-01  1.5629E+00   9.8129E-01
 3.5349E+03  1.6903E-01  1.5120E+00   9.8392E-01
 3.5368E+03  1.6752E-01  1.4613E+00   9.8156E-01
 3.5387E+03  1.6540E-01  1.4118E+00   9.7444E-01
 3.5407E+03  1.6264E-01  1.3640E+00   9.6293E-01
 3.5426E+03  1.5927E-01  1.3184E+00   9.4745E-01
 3.5445E+03  1.5529E-01  1.2753E+00   9.2845E-01
 3.5464E+03  1.5073E-01  1.2351E+00   9.0641E-01
 3.5484E+03  1.4566E-01  1.1981E+00   8.8193E-01
 3.5503E+03  1.4005E-01  1.1640E+00   8.5521E-01
 3.5522E+03  1.3400E-01  1.1331E+00   8.2680E-01
 3.5542E+03  1.2756E-01  1.1053E+00   7.9707E-01
 3.5561E+03  1.2079E-01  1.0807E+00   7.6640E-01
 3.5580E+03  1.1378E-01  1.0590E+00   7.3510E-01
 3.5599E+03  1.0660E-01  1.0403E+00   7.0348E-01
 3.5619E+03  9.9368E-02  1.0245E+00   6.7198E-01
 3.5638E+03  9.2098E-02  1.0113E+00   6.4049E-01
 3.5657E+03  8.4907E-02  1.0007E+00   6.0941E-01
 3.5677E+03  7.7874E-02  9.9235E-01   5.7893E-01
 3.5696E+03  7.1070E-02  9.8626E-01   5.4921E-01
 3.5715E+03  6.4559E-02  9.8219E-01   5.2041E-01
 3.5734E+03  5.8425E-02  9.7997E-01   4.9277E-01
 3.5754E+03  5.2643E-02  9.7939E-01   4.6612E-01
 3.5773E+03  4.7275E-02  9.8028E-01   4.4066E-01
 3.5792E+03  4.2337E-02  9.8246E-01   4.1644E-01
 3.5812E+03  3.7832E-02  9.8575E-01   3.9349E-01
 3.5831E+03  3.3756E-02  9.8999E-01   3.7181E-01
 3.5850E+03  3.0094E-02  9.9502E-01   3.5138E-01
 3.5869E+03  2.6843E-02  1.0007E+00   3.3228E-01
 3.5889E+03  2.3945E-02  1.0069E+00   3.1426E-01
 3.5908E+03  2.1392E-02  1.0135E+00   2.9738E-01
 3.5927E+03  1.9154E-02  1.0204E+00   2.8159E-01
 3.5947E+03  1.7205E-02  1.0275E+00   2.6682E-01
 3.5966E+03  1.5515E-02  1.0348E+00   2.5302E-01
 3.5985E+03  1.4065E-02  1.0422E+00   2.4019E-01
 3.6004E+03  1.2817E-02  1.0496E+00   2.2814E-01
 3.6024E+03  1.1754E-02  1.0570E+00   2.1688E-01
 3.6043E+03  1.0857E-02  1.0644E+00   2.0635E-01
 3.6062E+03  1.0105E-02  1.0717E+00   1.9651E-01
 3.6082E+03  9.4822E-03  1.0790E+00   1.8730E-01
 3.6101E+03  8.9726E-03  1.0861E+00   1.7867E-01
 3.6120E+03  8.5646E-03  1.0930E+00   1.7063E-01
 3.6139E+03  8.2418E-03  1.0999E+00   1.6305E-01
 3.6159E+03  7.9959E-03  1.1066E+00   1.5593E-01
 3.6178E+03  7.8171E-03  1.1132E+00   1.4925E-01
 3.6197E+03  7.6973E-03  1.1196E+00   1.4296E-01
 3.6217E+03  7.6288E-03  1.1258E+00   1.3705E-01
 3.6236E+03  7.6052E-03  1.1319E+00   1.3151E-01
 3.6255E+03  7.6206E-03  1.1379E+00   1.2626E-01
 3.6274E+03  7.6700E-03  1.1437E+00   1.2131E-01
 3.6294E+03  7.7490E-03  1.1493E+00   1.1663E-01
 3.6313E+03  7.8537E-03  1.1548E+00   1.1221E-01
 3.6332E+03  7.9806E-03  1.1602E+00   1.0803E-01
 3.6352E+03  8.1266E-03  1.1654E+00   1.0407E-01
 3.6371E+03  8.2883E-03  1.1705E+00   1.0034E-01
 3.6390E+03  8.4648E-03  1.1754E+00   9.6779E-02
 3.6409E+03  8.6535E-03  1.1802E+00   9.3403E-02
 3.6429E+03  8.8523E-03  1.1849E+00   9.0197E-02
 3.6448E+03  9.0597E-03  1.1895E+00   8.7150E-02
 3.6467E+03  9.2743E-03  1.1939E+00   8.4251E-02
 3.6487E+03  9.4937E-03  1.1982E+00   8.1506E-02
 3.6506E+03  9.7190E-03  1.2024E+00   7.8877E-02
 3.6525E+03  9.9482E-03  1.2065E+00   7.6372E-02
 3.6544E+03  1.0180E-02  1.2105E+00   7.3981E-02
 3.6564E+03  1.0415E-02  1.2144E+00   7.1700E-02
 3.6583E+03  1.0651E-02  1.2182E+00   6.9521E-02
 3.6602E+03  1.0888E-02  1.2219E+00   6.7438E-02
 3.6622E+03  1.1124E-02  1.2255E+00   6.5456E-02
 3.6641E+03  1.1362E-02  1.2290E+00   6.3550E-02
 3.6660E+03  1.1599E-02  1.2325E+00   6.1724E-02
 3.6679E+03  1.1835E-02  1.2358E+00   5.9975E-02
 3.6699E+03  1.2071E-02  1.2391E+00   5.8299E-02
 3.6718E+03  1.2305E-02  1.2423E+00   5.6691E-02
 3.6737E+03  1.2536E-02  1.2454E+00   5.5156E-02
 3.6757E+03  1.2767E-02  1.2484E+00   5.3674E-02
 3.6776E+03  1.2996E-02  1.2514E+00   5.2251E-02
 3.6795E+03  1.3223E-02  1.2542E+00   5.0882E-02
 3.6814E+03  1.3448E-02  1.2571E+00   4.9567E-02
 3.6834E+03  1.3671E-02  1.2598E+00   4.8301E-02
 3.6853E+03  1.3892E-02  1.2625E+00   4.7083E-02
 3.6872E+03  1.4109E-02  1.2652E+00   4.5916E-02
 3.6892E+03  1.4324E-02  1.2677E+00   4.4785E-02
 3.6911E+03  1.4537E-02  1.2703E+00   4.3696E-02
 3.6930E+03  1.4748E-02  1.2727E+00   4.2645E-02
 3.6949E+03  1.4956E-02  1.2752E+00   4.1632E-02
 3.6969E+03  1.5162E-02  1.2775E+00   4.0654E-02
 3.6988E+03  1.5363E-02  1.2798E+00   3.9714E-02
 3.7007E+03  1.5564E-02  1.2821E+00   3.8802E-02
 3.7027E+03  1.5761E-02  1.2843E+00   3.7921E-02
 3.7046E+03  1.5956E-02  1.2865E+00   3.7070E-02
 3.7065E+03  1.6149E-02  1.2886E+00   3.6246E-02
 3.7084E+03  1.6339E-02  1.2907E+00   3.5450E-02
 3.7104E+03  1.6526E-02  1.2927E+00   3.4679E-02
 3.7123E+03  1.6710E-02  1.2947E+00   3.3937E-02
 3.7142E+03  1.6892E-02  1.2967E+00   3.3214E-02
 3.7162E+03  1.7072E-02  1.2986E+00   3.2515E-02
 3.7181E+03  1.7249E-02  1.3005E+00   3.1837E-02
 3.7200E+03  1.7424E-02  1.3023E+00   3.1180E-02
 3.7219E+03  1.7596E-02  1.3041E+00   3.0543E-02
 3.7239E+03  1.7765E-02  1.3059E+00   2.9928E-02
 3.7258E+03  1.7933E-02  1.3077E+00   2.9328E-02
 3.7277E+03  1.8098E-02  1.3094E+00   2.8747E-02
 3.7297E+03  1.8261E-02  1.3110E+00   2.8182E-02
 3.7316E+03  1.8422E-02  1.3127E+00   2.7634E-02
 3.7335E+03  1.8580E-02  1.3143E+00   2.7101E-02
 3.7354E+03  1.8737E-02  1.3159E+00   2.6584E-02
 3.7374E+03  1.8890E-02  1.3175E+00   2.6084E-02
 3.7393E+03  1.9042E-02  1.3190E+00   2.5595E-02
 3.7412E+03  1.9192E-02  1.3205E+00   2.5120E-02
 3.7432E+03  1.9340E-02  1.3220E+00   2.4658E-02
 3.7451E+03  1.9486E-02  1.3234E+00   2.4209E-02
 3.7470E+03  1.9630E-02  1.3249E+00   2.3772E-02
 3.7489E+03  1.9771E-02  1.3263E+00   2.3348E-02
 3.7509E+03  1.9911E-02  1.3277E+00   2.2934E-02
 3.7528E+03  2.0049E-02  1.3290E+00   2.2530E-02
 3.7547E+03  2.0185E-02  1.3304E+00   2.2137E-02
 3.7567E+03  2.0319E-02  1.3317E+00   2.1754E-02
 3.7586E+03  2.0452E-02  1.3330E+00   2.1381E-02
 3.7605E+03  2.0582E-02  1.3342E+00   2.1018E-02
 3.7624E+03  2.0711E-02  1.3355E+00   2.0665E-02
 3.7644E+03  2.0838E-02  1.3367E+00   2.0320E-02
 3.7663E+03  2.0964E-02  1.3379E+00   1.9983E-02
 3.7682E+03  2.1088E-02  1.3391E+00   1.9654E-02
 3.7702E+03  2.1210E-02  1.3403E+00   1.9334E-02
 3.7721E+03  2.1331E-02  1.3415E+00   1.9021E-02
 3.7740E+03  2.1449E-02  1.3426E+00   1.8717E-02
 3.7759E+03  2.1567E-02  1.3437E+00   1.8419E-02
 3.7779E+03  2.1683E-02  1.3448E+00   1.8128E-02
 3.7798E+03  2.1797E-02  1.3459E+00   1.7844E-02
 3.7817E+03  2.1910E-02  1.3470E+00   1.7566E-02
 3.7837E+03  2.2022E-02  1.3480E+00   1.7295E-02
 3.7856E+03  2.2132E-02  1.3491E+00   1.7030E-02
 3.7875E+03  2.2241E-02  1.3501E+00   1.6772E-02
 3.7894E+03  2.2348E-02  1.3511E+00   1.6519E-02
 3.7914E+03  2.2454E-02  1.3521E+00   1.6272E-02
 3.7933E+03  2.2559E-02  1.3531E+00   1.6030E-02
 3.7952E+03  2.2663E-02  1.3540E+00   1.5793E-02
 3.7972E+03  2.2765E-02  1.3550E+00   1.5562E-02
 3.7991E+03  2.2865E-02  1.3559E+00   1.5336E-02
