Calcite Extraordinary ray calculated from values derived from Table 2 
of Long et al., IR Physics, 34, 191, 1993.

high frequency dielectric constant=2.1700
 oscillator  frequency    gamma       strength
      1     9.4600E+01 7.1800E-02  4.6412E+00
      2     3.0490E+02 3.4300E-02  1.3350E+00
      3     8.7080E+02 1.8000E-03  8.1700E-02
  frequency  Reflectance real index   imag. index
 4.0000E+03  3.5981E-02  1.4682E+00   9.0597E-06
 3.9960E+03  3.5980E-02  1.4682E+00   9.0873E-06
 3.9920E+03  3.5979E-02  1.4682E+00   9.1150E-06
 3.9880E+03  3.5977E-02  1.4682E+00   9.1428E-06
 3.9840E+03  3.5976E-02  1.4681E+00   9.1707E-06
 3.9800E+03  3.5975E-02  1.4681E+00   9.1987E-06
 3.9760E+03  3.5974E-02  1.4681E+00   9.2269E-06
 3.9720E+03  3.5972E-02  1.4681E+00   9.2551E-06
 3.9680E+03  3.5971E-02  1.4681E+00   9.2835E-06
 3.9640E+03  3.5970E-02  1.4681E+00   9.3120E-06
 3.9600E+03  3.5969E-02  1.4681E+00   9.3406E-06
 3.9560E+03  3.5967E-02  1.4681E+00   9.3693E-06
 3.9520E+03  3.5966E-02  1.4681E+00   9.3982E-06
 3.9480E+03  3.5965E-02  1.4680E+00   9.4271E-06
 3.9440E+03  3.5963E-02  1.4680E+00   9.4562E-06
 3.9400E+03  3.5962E-02  1.4680E+00   9.4854E-06
 3.9360E+03  3.5961E-02  1.4680E+00   9.5148E-06
 3.9320E+03  3.5959E-02  1.4680E+00   9.5442E-06
 3.9280E+03  3.5958E-02  1.4680E+00   9.5738E-06
 3.9240E+03  3.5957E-02  1.4680E+00   9.6035E-06
 3.9200E+03  3.5955E-02  1.4680E+00   9.6333E-06
 3.9160E+03  3.5954E-02  1.4680E+00   9.6632E-06
 3.9120E+03  3.5953E-02  1.4680E+00   9.6933E-06
 3.9080E+03  3.5951E-02  1.4679E+00   9.7235E-06
 3.9040E+03  3.5950E-02  1.4679E+00   9.7538E-06
 3.9000E+03  3.5949E-02  1.4679E+00   9.7842E-06
 3.8960E+03  3.5947E-02  1.4679E+00   9.8148E-06
 3.8920E+03  3.5946E-02  1.4679E+00   9.8455E-06
 3.8880E+03  3.5945E-02  1.4679E+00   9.8763E-06
 3.8840E+03  3.5943E-02  1.4679E+00   9.9073E-06
 3.8800E+03  3.5942E-02  1.4679E+00   9.9383E-06
 3.8760E+03  3.5941E-02  1.4679E+00   9.9696E-06
 3.8720E+03  3.5939E-02  1.4678E+00   1.0001E-05
 3.8680E+03  3.5938E-02  1.4678E+00   1.0032E-05
 3.8640E+03  3.5936E-02  1.4678E+00   1.0064E-05
 3.8600E+03  3.5935E-02  1.4678E+00   1.0096E-05
 3.8560E+03  3.5934E-02  1.4678E+00   1.0128E-05
 3.8520E+03  3.5932E-02  1.4678E+00   1.0160E-05
 3.8480E+03  3.5931E-02  1.4678E+00   1.0192E-05
 3.8440E+03  3.5929E-02  1.4678E+00   1.0224E-05
 3.8400E+03  3.5928E-02  1.4678E+00   1.0256E-05
 3.8360E+03  3.5927E-02  1.4677E+00   1.0289E-05
 3.8320E+03  3.5925E-02  1.4677E+00   1.0322E-05
 3.8280E+03  3.5924E-02  1.4677E+00   1.0355E-05
 3.8240E+03  3.5922E-02  1.4677E+00   1.0388E-05
 3.8200E+03  3.5921E-02  1.4677E+00   1.0421E-05
 3.8160E+03  3.5919E-02  1.4677E+00   1.0454E-05
 3.8120E+03  3.5918E-02  1.4677E+00   1.0487E-05
 3.8080E+03  3.5917E-02  1.4677E+00   1.0521E-05
 3.8040E+03  3.5915E-02  1.4677E+00   1.0555E-05
 3.8000E+03  3.5914E-02  1.4676E+00   1.0588E-05
 3.7960E+03  3.5912E-02  1.4676E+00   1.0622E-05
 3.7920E+03  3.5911E-02  1.4676E+00   1.0657E-05
 3.7880E+03  3.5909E-02  1.4676E+00   1.0691E-05
 3.7840E+03  3.5908E-02  1.4676E+00   1.0725E-05
 3.7800E+03  3.5906E-02  1.4676E+00   1.0760E-05
 3.7760E+03  3.5905E-02  1.4676E+00   1.0794E-05
 3.7720E+03  3.5903E-02  1.4676E+00   1.0829E-05
 3.7680E+03  3.5902E-02  1.4675E+00   1.0864E-05
 3.7640E+03  3.5900E-02  1.4675E+00   1.0900E-05
 3.7600E+03  3.5899E-02  1.4675E+00   1.0935E-05
 3.7560E+03  3.5897E-02  1.4675E+00   1.0970E-05
 3.7520E+03  3.5896E-02  1.4675E+00   1.1006E-05
 3.7480E+03  3.5894E-02  1.4675E+00   1.1042E-05
 3.7440E+03  3.5893E-02  1.4675E+00   1.1078E-05
 3.7400E+03  3.5891E-02  1.4675E+00   1.1114E-05
 3.7360E+03  3.5890E-02  1.4674E+00   1.1150E-05
 3.7320E+03  3.5888E-02  1.4674E+00   1.1186E-05
 3.7280E+03  3.5887E-02  1.4674E+00   1.1223E-05
 3.7240E+03  3.5885E-02  1.4674E+00   1.1260E-05
 3.7200E+03  3.5883E-02  1.4674E+00   1.1297E-05
 3.7160E+03  3.5882E-02  1.4674E+00   1.1334E-05
 3.7120E+03  3.5880E-02  1.4674E+00   1.1371E-05
 3.7080E+03  3.5879E-02  1.4674E+00   1.1408E-05
 3.7040E+03  3.5877E-02  1.4673E+00   1.1446E-05
 3.7000E+03  3.5876E-02  1.4673E+00   1.1484E-05
 3.6960E+03  3.5874E-02  1.4673E+00   1.1521E-05
 3.6920E+03  3.5872E-02  1.4673E+00   1.1560E-05
 3.6880E+03  3.5871E-02  1.4673E+00   1.1598E-05
 3.6840E+03  3.5869E-02  1.4673E+00   1.1636E-05
 3.6800E+03  3.5868E-02  1.4673E+00   1.1675E-05
 3.6760E+03  3.5866E-02  1.4673E+00   1.1713E-05
 3.6720E+03  3.5864E-02  1.4672E+00   1.1752E-05
 3.6680E+03  3.5863E-02  1.4672E+00   1.1791E-05
 3.6640E+03  3.5861E-02  1.4672E+00   1.1831E-05
 3.6600E+03  3.5859E-02  1.4672E+00   1.1870E-05
 3.6560E+03  3.5858E-02  1.4672E+00   1.1910E-05
 3.6520E+03  3.5856E-02  1.4672E+00   1.1949E-05
 3.6480E+03  3.5855E-02  1.4672E+00   1.1989E-05
 3.6440E+03  3.5853E-02  1.4672E+00   1.2029E-05
 3.6400E+03  3.5851E-02  1.4671E+00   1.2070E-05
 3.6360E+03  3.5850E-02  1.4671E+00   1.2110E-05
 3.6320E+03  3.5848E-02  1.4671E+00   1.2151E-05
 3.6280E+03  3.5846E-02  1.4671E+00   1.2192E-05
 3.6240E+03  3.5844E-02  1.4671E+00   1.2233E-05
 3.6200E+03  3.5843E-02  1.4671E+00   1.2274E-05
 3.6160E+03  3.5841E-02  1.4671E+00   1.2315E-05
 3.6120E+03  3.5839E-02  1.4670E+00   1.2357E-05
 3.6080E+03  3.5838E-02  1.4670E+00   1.2399E-05
 3.6040E+03  3.5836E-02  1.4670E+00   1.2441E-05
 3.6000E+03  3.5834E-02  1.4670E+00   1.2483E-05
 3.5960E+03  3.5832E-02  1.4670E+00   1.2525E-05
 3.5920E+03  3.5831E-02  1.4670E+00   1.2568E-05
 3.5880E+03  3.5829E-02  1.4670E+00   1.2611E-05
 3.5840E+03  3.5827E-02  1.4669E+00   1.2654E-05
 3.5800E+03  3.5826E-02  1.4669E+00   1.2697E-05
 3.5760E+03  3.5824E-02  1.4669E+00   1.2740E-05
 3.5720E+03  3.5822E-02  1.4669E+00   1.2784E-05
 3.5680E+03  3.5820E-02  1.4669E+00   1.2827E-05
 3.5640E+03  3.5818E-02  1.4669E+00   1.2871E-05
 3.5600E+03  3.5817E-02  1.4669E+00   1.2915E-05
 3.5560E+03  3.5815E-02  1.4668E+00   1.2960E-05
 3.5520E+03  3.5813E-02  1.4668E+00   1.3004E-05
 3.5480E+03  3.5811E-02  1.4668E+00   1.3049E-05
 3.5440E+03  3.5809E-02  1.4668E+00   1.3094E-05
 3.5400E+03  3.5808E-02  1.4668E+00   1.3139E-05
 3.5360E+03  3.5806E-02  1.4668E+00   1.3185E-05
 3.5320E+03  3.5804E-02  1.4668E+00   1.3230E-05
 3.5280E+03  3.5802E-02  1.4667E+00   1.3276E-05
 3.5240E+03  3.5800E-02  1.4667E+00   1.3322E-05
 3.5200E+03  3.5798E-02  1.4667E+00   1.3368E-05
 3.5160E+03  3.5797E-02  1.4667E+00   1.3415E-05
 3.5120E+03  3.5795E-02  1.4667E+00   1.3461E-05
 3.5080E+03  3.5793E-02  1.4667E+00   1.3508E-05
 3.5040E+03  3.5791E-02  1.4667E+00   1.3555E-05
 3.5000E+03  3.5789E-02  1.4666E+00   1.3602E-05
 3.4960E+03  3.5787E-02  1.4666E+00   1.3650E-05
 3.4920E+03  3.5785E-02  1.4666E+00   1.3698E-05
 3.4880E+03  3.5783E-02  1.4666E+00   1.3746E-05
 3.4840E+03  3.5782E-02  1.4666E+00   1.3794E-05
 3.4800E+03  3.5780E-02  1.4666E+00   1.3842E-05
 3.4760E+03  3.5778E-02  1.4665E+00   1.3891E-05
 3.4720E+03  3.5776E-02  1.4665E+00   1.3940E-05
 3.4680E+03  3.5774E-02  1.4665E+00   1.3989E-05
 3.4640E+03  3.5772E-02  1.4665E+00   1.4038E-05
 3.4600E+03  3.5770E-02  1.4665E+00   1.4088E-05
 3.4560E+03  3.5768E-02  1.4665E+00   1.4138E-05
 3.4520E+03  3.5766E-02  1.4665E+00   1.4188E-05
 3.4480E+03  3.5764E-02  1.4664E+00   1.4238E-05
 3.4440E+03  3.5762E-02  1.4664E+00   1.4289E-05
 3.4400E+03  3.5760E-02  1.4664E+00   1.4339E-05
 3.4360E+03  3.5758E-02  1.4664E+00   1.4390E-05
 3.4320E+03  3.5756E-02  1.4664E+00   1.4442E-05
 3.4280E+03  3.5754E-02  1.4664E+00   1.4493E-05
 3.4240E+03  3.5752E-02  1.4663E+00   1.4545E-05
 3.4200E+03  3.5750E-02  1.4663E+00   1.4597E-05
 3.4160E+03  3.5748E-02  1.4663E+00   1.4649E-05
 3.4120E+03  3.5746E-02  1.4663E+00   1.4702E-05
 3.4080E+03  3.5744E-02  1.4663E+00   1.4754E-05
 3.4040E+03  3.5742E-02  1.4663E+00   1.4807E-05
 3.4000E+03  3.5740E-02  1.4662E+00   1.4861E-05
 3.3960E+03  3.5738E-02  1.4662E+00   1.4914E-05
 3.3920E+03  3.5736E-02  1.4662E+00   1.4968E-05
 3.3880E+03  3.5734E-02  1.4662E+00   1.5022E-05
 3.3840E+03  3.5732E-02  1.4662E+00   1.5076E-05
 3.3800E+03  3.5730E-02  1.4662E+00   1.5131E-05
 3.3760E+03  3.5727E-02  1.4661E+00   1.5186E-05
 3.3720E+03  3.5725E-02  1.4661E+00   1.5241E-05
 3.3680E+03  3.5723E-02  1.4661E+00   1.5296E-05
 3.3640E+03  3.5721E-02  1.4661E+00   1.5352E-05
 3.3600E+03  3.5719E-02  1.4661E+00   1.5408E-05
 3.3560E+03  3.5717E-02  1.4661E+00   1.5464E-05
 3.3520E+03  3.5715E-02  1.4660E+00   1.5520E-05
 3.3480E+03  3.5712E-02  1.4660E+00   1.5577E-05
 3.3440E+03  3.5710E-02  1.4660E+00   1.5634E-05
 3.3400E+03  3.5708E-02  1.4660E+00   1.5691E-05
 3.3360E+03  3.5706E-02  1.4660E+00   1.5749E-05
 3.3320E+03  3.5704E-02  1.4660E+00   1.5807E-05
 3.3280E+03  3.5702E-02  1.4659E+00   1.5865E-05
 3.3240E+03  3.5699E-02  1.4659E+00   1.5923E-05
 3.3200E+03  3.5697E-02  1.4659E+00   1.5982E-05
 3.3160E+03  3.5695E-02  1.4659E+00   1.6041E-05
 3.3120E+03  3.5693E-02  1.4659E+00   1.6100E-05
 3.3080E+03  3.5690E-02  1.4658E+00   1.6160E-05
 3.3040E+03  3.5688E-02  1.4658E+00   1.6219E-05
 3.3000E+03  3.5686E-02  1.4658E+00   1.6280E-05
 3.2960E+03  3.5684E-02  1.4658E+00   1.6340E-05
 3.2920E+03  3.5681E-02  1.4658E+00   1.6401E-05
 3.2880E+03  3.5679E-02  1.4658E+00   1.6462E-05
 3.2840E+03  3.5677E-02  1.4657E+00   1.6523E-05
 3.2800E+03  3.5675E-02  1.4657E+00   1.6585E-05
 3.2760E+03  3.5672E-02  1.4657E+00   1.6647E-05
 3.2720E+03  3.5670E-02  1.4657E+00   1.6709E-05
 3.2680E+03  3.5668E-02  1.4657E+00   1.6772E-05
 3.2640E+03  3.5665E-02  1.4656E+00   1.6835E-05
 3.2600E+03  3.5663E-02  1.4656E+00   1.6898E-05
 3.2560E+03  3.5661E-02  1.4656E+00   1.6962E-05
 3.2520E+03  3.5658E-02  1.4656E+00   1.7026E-05
 3.2480E+03  3.5656E-02  1.4656E+00   1.7090E-05
 3.2440E+03  3.5653E-02  1.4655E+00   1.7154E-05
 3.2400E+03  3.5651E-02  1.4655E+00   1.7219E-05
 3.2360E+03  3.5649E-02  1.4655E+00   1.7284E-05
 3.2320E+03  3.5646E-02  1.4655E+00   1.7350E-05
 3.2280E+03  3.5644E-02  1.4655E+00   1.7416E-05
 3.2240E+03  3.5641E-02  1.4655E+00   1.7482E-05
 3.2200E+03  3.5639E-02  1.4654E+00   1.7549E-05
 3.2160E+03  3.5637E-02  1.4654E+00   1.7615E-05
 3.2120E+03  3.5634E-02  1.4654E+00   1.7683E-05
 3.2080E+03  3.5632E-02  1.4654E+00   1.7750E-05
 3.2040E+03  3.5629E-02  1.4654E+00   1.7818E-05
 3.2000E+03  3.5627E-02  1.4653E+00   1.7886E-05
 3.1960E+03  3.5624E-02  1.4653E+00   1.7955E-05
 3.1920E+03  3.5622E-02  1.4653E+00   1.8024E-05
 3.1880E+03  3.5619E-02  1.4653E+00   1.8093E-05
 3.1840E+03  3.5617E-02  1.4653E+00   1.8163E-05
 3.1800E+03  3.5614E-02  1.4652E+00   1.8233E-05
 3.1760E+03  3.5612E-02  1.4652E+00   1.8303E-05
 3.1720E+03  3.5609E-02  1.4652E+00   1.8374E-05
 3.1680E+03  3.5607E-02  1.4652E+00   1.8445E-05
 3.1640E+03  3.5604E-02  1.4651E+00   1.8517E-05
 3.1600E+03  3.5601E-02  1.4651E+00   1.8589E-05
 3.1560E+03  3.5599E-02  1.4651E+00   1.8661E-05
 3.1520E+03  3.5596E-02  1.4651E+00   1.8734E-05
 3.1480E+03  3.5594E-02  1.4651E+00   1.8807E-05
 3.1440E+03  3.5591E-02  1.4650E+00   1.8880E-05
 3.1400E+03  3.5588E-02  1.4650E+00   1.8954E-05
 3.1360E+03  3.5586E-02  1.4650E+00   1.9028E-05
 3.1320E+03  3.5583E-02  1.4650E+00   1.9102E-05
 3.1280E+03  3.5580E-02  1.4650E+00   1.9177E-05
 3.1240E+03  3.5578E-02  1.4649E+00   1.9253E-05
 3.1200E+03  3.5575E-02  1.4649E+00   1.9328E-05
 3.1160E+03  3.5572E-02  1.4649E+00   1.9405E-05
 3.1120E+03  3.5570E-02  1.4649E+00   1.9481E-05
 3.1080E+03  3.5567E-02  1.4649E+00   1.9558E-05
 3.1040E+03  3.5564E-02  1.4648E+00   1.9635E-05
 3.1000E+03  3.5561E-02  1.4648E+00   1.9713E-05
 3.0960E+03  3.5559E-02  1.4648E+00   1.9791E-05
 3.0920E+03  3.5556E-02  1.4648E+00   1.9870E-05
 3.0880E+03  3.5553E-02  1.4647E+00   1.9949E-05
 3.0840E+03  3.5550E-02  1.4647E+00   2.0028E-05
 3.0800E+03  3.5548E-02  1.4647E+00   2.0108E-05
 3.0760E+03  3.5545E-02  1.4647E+00   2.0188E-05
 3.0720E+03  3.5542E-02  1.4646E+00   2.0269E-05
 3.0680E+03  3.5539E-02  1.4646E+00   2.0350E-05
 3.0640E+03  3.5536E-02  1.4646E+00   2.0432E-05
 3.0600E+03  3.5533E-02  1.4646E+00   2.0514E-05
 3.0560E+03  3.5531E-02  1.4646E+00   2.0596E-05
 3.0520E+03  3.5528E-02  1.4645E+00   2.0679E-05
 3.0480E+03  3.5525E-02  1.4645E+00   2.0763E-05
 3.0440E+03  3.5522E-02  1.4645E+00   2.0846E-05
 3.0400E+03  3.5519E-02  1.4645E+00   2.0931E-05
 3.0360E+03  3.5516E-02  1.4644E+00   2.1015E-05
 3.0320E+03  3.5513E-02  1.4644E+00   2.1101E-05
 3.0280E+03  3.5510E-02  1.4644E+00   2.1186E-05
 3.0240E+03  3.5507E-02  1.4644E+00   2.1272E-05
 3.0200E+03  3.5504E-02  1.4643E+00   2.1359E-05
 3.0160E+03  3.5501E-02  1.4643E+00   2.1446E-05
 3.0120E+03  3.5498E-02  1.4643E+00   2.1534E-05
 3.0080E+03  3.5495E-02  1.4643E+00   2.1622E-05
 3.0040E+03  3.5492E-02  1.4642E+00   2.1710E-05
 3.0000E+03  3.5489E-02  1.4642E+00   2.1799E-05
 2.9960E+03  3.5486E-02  1.4642E+00   2.1889E-05
 2.9920E+03  3.5483E-02  1.4642E+00   2.1979E-05
 2.9880E+03  3.5480E-02  1.4642E+00   2.2069E-05
 2.9840E+03  3.5477E-02  1.4641E+00   2.2160E-05
 2.9800E+03  3.5474E-02  1.4641E+00   2.2251E-05
 2.9760E+03  3.5471E-02  1.4641E+00   2.2343E-05
 2.9720E+03  3.5468E-02  1.4641E+00   2.2436E-05
 2.9680E+03  3.5464E-02  1.4640E+00   2.2529E-05
 2.9640E+03  3.5461E-02  1.4640E+00   2.2622E-05
 2.9600E+03  3.5458E-02  1.4640E+00   2.2716E-05
 2.9560E+03  3.5455E-02  1.4639E+00   2.2811E-05
 2.9520E+03  3.5452E-02  1.4639E+00   2.2906E-05
 2.9480E+03  3.5449E-02  1.4639E+00   2.3002E-05
 2.9440E+03  3.5445E-02  1.4639E+00   2.3098E-05
 2.9400E+03  3.5442E-02  1.4638E+00   2.3195E-05
 2.9360E+03  3.5439E-02  1.4638E+00   2.3292E-05
 2.9320E+03  3.5436E-02  1.4638E+00   2.3390E-05
 2.9280E+03  3.5432E-02  1.4638E+00   2.3488E-05
 2.9240E+03  3.5429E-02  1.4637E+00   2.3587E-05
 2.9200E+03  3.5426E-02  1.4637E+00   2.3686E-05
 2.9160E+03  3.5422E-02  1.4637E+00   2.3786E-05
 2.9120E+03  3.5419E-02  1.4637E+00   2.3887E-05
 2.9080E+03  3.5416E-02  1.4636E+00   2.3988E-05
 2.9040E+03  3.5412E-02  1.4636E+00   2.4090E-05
 2.9000E+03  3.5409E-02  1.4636E+00   2.4192E-05
 2.8960E+03  3.5406E-02  1.4636E+00   2.4295E-05
 2.8920E+03  3.5402E-02  1.4635E+00   2.4399E-05
 2.8880E+03  3.5399E-02  1.4635E+00   2.4503E-05
 2.8840E+03  3.5395E-02  1.4635E+00   2.4608E-05
 2.8800E+03  3.5392E-02  1.4634E+00   2.4713E-05
 2.8760E+03  3.5388E-02  1.4634E+00   2.4819E-05
 2.8720E+03  3.5385E-02  1.4634E+00   2.4925E-05
 2.8680E+03  3.5381E-02  1.4634E+00   2.5032E-05
 2.8640E+03  3.5378E-02  1.4633E+00   2.5140E-05
 2.8600E+03  3.5374E-02  1.4633E+00   2.5249E-05
 2.8560E+03  3.5371E-02  1.4633E+00   2.5358E-05
 2.8520E+03  3.5367E-02  1.4632E+00   2.5467E-05
 2.8480E+03  3.5364E-02  1.4632E+00   2.5577E-05
 2.8440E+03  3.5360E-02  1.4632E+00   2.5688E-05
 2.8400E+03  3.5357E-02  1.4632E+00   2.5800E-05
 2.8360E+03  3.5353E-02  1.4631E+00   2.5912E-05
 2.8320E+03  3.5349E-02  1.4631E+00   2.6025E-05
 2.8280E+03  3.5346E-02  1.4631E+00   2.6139E-05
 2.8240E+03  3.5342E-02  1.4630E+00   2.6253E-05
 2.8200E+03  3.5338E-02  1.4630E+00   2.6368E-05
 2.8160E+03  3.5335E-02  1.4630E+00   2.6483E-05
 2.8120E+03  3.5331E-02  1.4629E+00   2.6599E-05
 2.8080E+03  3.5327E-02  1.4629E+00   2.6716E-05
 2.8040E+03  3.5323E-02  1.4629E+00   2.6834E-05
 2.8000E+03  3.5320E-02  1.4629E+00   2.6952E-05
 2.7960E+03  3.5316E-02  1.4628E+00   2.7071E-05
 2.7920E+03  3.5312E-02  1.4628E+00   2.7191E-05
 2.7880E+03  3.5308E-02  1.4628E+00   2.7311E-05
 2.7840E+03  3.5304E-02  1.4627E+00   2.7432E-05
 2.7800E+03  3.5301E-02  1.4627E+00   2.7554E-05
 2.7760E+03  3.5297E-02  1.4627E+00   2.7677E-05
 2.7720E+03  3.5293E-02  1.4626E+00   2.7800E-05
 2.7680E+03  3.5289E-02  1.4626E+00   2.7924E-05
 2.7640E+03  3.5285E-02  1.4626E+00   2.8049E-05
 2.7600E+03  3.5281E-02  1.4625E+00   2.8175E-05
 2.7560E+03  3.5277E-02  1.4625E+00   2.8301E-05
 2.7520E+03  3.5273E-02  1.4625E+00   2.8428E-05
 2.7480E+03  3.5269E-02  1.4624E+00   2.8556E-05
 2.7440E+03  3.5265E-02  1.4624E+00   2.8685E-05
 2.7400E+03  3.5261E-02  1.4624E+00   2.8814E-05
 2.7360E+03  3.5257E-02  1.4624E+00   2.8944E-05
 2.7320E+03  3.5253E-02  1.4623E+00   2.9075E-05
 2.7280E+03  3.5249E-02  1.4623E+00   2.9207E-05
 2.7240E+03  3.5245E-02  1.4623E+00   2.9340E-05
 2.7200E+03  3.5241E-02  1.4622E+00   2.9473E-05
 2.7160E+03  3.5236E-02  1.4622E+00   2.9607E-05
 2.7120E+03  3.5232E-02  1.4622E+00   2.9742E-05
 2.7080E+03  3.5228E-02  1.4621E+00   2.9878E-05
 2.7040E+03  3.5224E-02  1.4621E+00   3.0015E-05
 2.7000E+03  3.5220E-02  1.4621E+00   3.0152E-05
 2.6960E+03  3.5215E-02  1.4620E+00   3.0291E-05
 2.6920E+03  3.5211E-02  1.4620E+00   3.0430E-05
 2.6880E+03  3.5207E-02  1.4619E+00   3.0570E-05
 2.6840E+03  3.5202E-02  1.4619E+00   3.0711E-05
 2.6800E+03  3.5198E-02  1.4619E+00   3.0853E-05
 2.6760E+03  3.5194E-02  1.4618E+00   3.0996E-05
 2.6720E+03  3.5189E-02  1.4618E+00   3.1139E-05
 2.6680E+03  3.5185E-02  1.4618E+00   3.1284E-05
 2.6640E+03  3.5181E-02  1.4617E+00   3.1429E-05
 2.6600E+03  3.5176E-02  1.4617E+00   3.1576E-05
 2.6560E+03  3.5172E-02  1.4617E+00   3.1723E-05
 2.6520E+03  3.5167E-02  1.4616E+00   3.1871E-05
 2.6480E+03  3.5163E-02  1.4616E+00   3.2020E-05
 2.6440E+03  3.5158E-02  1.4616E+00   3.2170E-05
 2.6400E+03  3.5154E-02  1.4615E+00   3.2321E-05
 2.6360E+03  3.5149E-02  1.4615E+00   3.2473E-05
 2.6320E+03  3.5145E-02  1.4614E+00   3.2626E-05
 2.6280E+03  3.5140E-02  1.4614E+00   3.2780E-05
 2.6240E+03  3.5135E-02  1.4614E+00   3.2935E-05
 2.6200E+03  3.5131E-02  1.4613E+00   3.3091E-05
 2.6160E+03  3.5126E-02  1.4613E+00   3.3247E-05
 2.6120E+03  3.5121E-02  1.4613E+00   3.3405E-05
 2.6080E+03  3.5117E-02  1.4612E+00   3.3564E-05
 2.6040E+03  3.5112E-02  1.4612E+00   3.3724E-05
 2.6000E+03  3.5107E-02  1.4611E+00   3.3885E-05
 2.5960E+03  3.5102E-02  1.4611E+00   3.4047E-05
 2.5920E+03  3.5098E-02  1.4611E+00   3.4210E-05
 2.5880E+03  3.5093E-02  1.4610E+00   3.4374E-05
 2.5840E+03  3.5088E-02  1.4610E+00   3.4539E-05
 2.5800E+03  3.5083E-02  1.4609E+00   3.4705E-05
 2.5760E+03  3.5078E-02  1.4609E+00   3.4872E-05
 2.5720E+03  3.5073E-02  1.4609E+00   3.5041E-05
 2.5680E+03  3.5068E-02  1.4608E+00   3.5210E-05
 2.5640E+03  3.5063E-02  1.4608E+00   3.5381E-05
 2.5600E+03  3.5058E-02  1.4607E+00   3.5552E-05
 2.5560E+03  3.5053E-02  1.4607E+00   3.5725E-05
 2.5520E+03  3.5048E-02  1.4607E+00   3.5899E-05
 2.5480E+03  3.5043E-02  1.4606E+00   3.6074E-05
 2.5440E+03  3.5038E-02  1.4606E+00   3.6250E-05
 2.5400E+03  3.5033E-02  1.4605E+00   3.6428E-05
 2.5360E+03  3.5028E-02  1.4605E+00   3.6606E-05
 2.5320E+03  3.5022E-02  1.4605E+00   3.6786E-05
 2.5280E+03  3.5017E-02  1.4604E+00   3.6967E-05
 2.5240E+03  3.5012E-02  1.4604E+00   3.7149E-05
 2.5200E+03  3.5007E-02  1.4603E+00   3.7332E-05
 2.5160E+03  3.5001E-02  1.4603E+00   3.7517E-05
 2.5120E+03  3.4996E-02  1.4602E+00   3.7703E-05
 2.5080E+03  3.4991E-02  1.4602E+00   3.7890E-05
 2.5040E+03  3.4985E-02  1.4602E+00   3.8078E-05
 2.5000E+03  3.4980E-02  1.4601E+00   3.8267E-05
 2.4960E+03  3.4975E-02  1.4601E+00   3.8458E-05
 2.4920E+03  3.4969E-02  1.4600E+00   3.8650E-05
 2.4880E+03  3.4964E-02  1.4600E+00   3.8844E-05
 2.4840E+03  3.4958E-02  1.4599E+00   3.9038E-05
 2.4800E+03  3.4953E-02  1.4599E+00   3.9234E-05
 2.4760E+03  3.4947E-02  1.4598E+00   3.9432E-05
 2.4720E+03  3.4941E-02  1.4598E+00   3.9630E-05
 2.4680E+03  3.4936E-02  1.4598E+00   3.9830E-05
 2.4640E+03  3.4930E-02  1.4597E+00   4.0032E-05
 2.4600E+03  3.4924E-02  1.4597E+00   4.0234E-05
 2.4560E+03  3.4919E-02  1.4596E+00   4.0439E-05
 2.4520E+03  3.4913E-02  1.4596E+00   4.0644E-05
 2.4480E+03  3.4907E-02  1.4595E+00   4.0851E-05
 2.4440E+03  3.4901E-02  1.4595E+00   4.1059E-05
 2.4400E+03  3.4896E-02  1.4594E+00   4.1269E-05
 2.4360E+03  3.4890E-02  1.4594E+00   4.1480E-05
 2.4320E+03  3.4884E-02  1.4593E+00   4.1693E-05
 2.4280E+03  3.4878E-02  1.4593E+00   4.1907E-05
 2.4240E+03  3.4872E-02  1.4592E+00   4.2123E-05
 2.4200E+03  3.4866E-02  1.4592E+00   4.2340E-05
 2.4160E+03  3.4860E-02  1.4591E+00   4.2559E-05
 2.4120E+03  3.4854E-02  1.4591E+00   4.2779E-05
 2.4080E+03  3.4848E-02  1.4590E+00   4.3001E-05
 2.4040E+03  3.4842E-02  1.4590E+00   4.3224E-05
 2.4000E+03  3.4835E-02  1.4589E+00   4.3449E-05
 2.3960E+03  3.4829E-02  1.4589E+00   4.3676E-05
 2.3920E+03  3.4823E-02  1.4588E+00   4.3904E-05
 2.3880E+03  3.4817E-02  1.4588E+00   4.4133E-05
 2.3840E+03  3.4810E-02  1.4587E+00   4.4365E-05
 2.3800E+03  3.4804E-02  1.4587E+00   4.4597E-05
 2.3760E+03  3.4798E-02  1.4586E+00   4.4832E-05
 2.3720E+03  3.4791E-02  1.4586E+00   4.5068E-05
 2.3680E+03  3.4785E-02  1.4585E+00   4.5306E-05
 2.3640E+03  3.4779E-02  1.4585E+00   4.5546E-05
 2.3600E+03  3.4772E-02  1.4584E+00   4.5787E-05
 2.3560E+03  3.4765E-02  1.4584E+00   4.6030E-05
 2.3520E+03  3.4759E-02  1.4583E+00   4.6275E-05
 2.3480E+03  3.4752E-02  1.4583E+00   4.6522E-05
 2.3440E+03  3.4746E-02  1.4582E+00   4.6770E-05
 2.3400E+03  3.4739E-02  1.4582E+00   4.7020E-05
 2.3360E+03  3.4732E-02  1.4581E+00   4.7272E-05
 2.3320E+03  3.4726E-02  1.4581E+00   4.7526E-05
 2.3280E+03  3.4719E-02  1.4580E+00   4.7782E-05
 2.3240E+03  3.4712E-02  1.4579E+00   4.8039E-05
 2.3200E+03  3.4705E-02  1.4579E+00   4.8298E-05
 2.3160E+03  3.4698E-02  1.4578E+00   4.8560E-05
 2.3120E+03  3.4691E-02  1.4578E+00   4.8823E-05
 2.3080E+03  3.4684E-02  1.4577E+00   4.9088E-05
 2.3040E+03  3.4677E-02  1.4577E+00   4.9355E-05
 2.3000E+03  3.4670E-02  1.4576E+00   4.9624E-05
 2.2960E+03  3.4663E-02  1.4575E+00   4.9895E-05
 2.2920E+03  3.4656E-02  1.4575E+00   5.0168E-05
 2.2880E+03  3.4649E-02  1.4574E+00   5.0443E-05
 2.2840E+03  3.4641E-02  1.4574E+00   5.0720E-05
 2.2800E+03  3.4634E-02  1.4573E+00   5.0999E-05
 2.2760E+03  3.4627E-02  1.4573E+00   5.1281E-05
 2.2720E+03  3.4620E-02  1.4572E+00   5.1564E-05
 2.2680E+03  3.4612E-02  1.4571E+00   5.1849E-05
 2.2640E+03  3.4605E-02  1.4571E+00   5.2137E-05
 2.2600E+03  3.4597E-02  1.4570E+00   5.2427E-05
 2.2560E+03  3.4590E-02  1.4570E+00   5.2719E-05
 2.2520E+03  3.4582E-02  1.4569E+00   5.3013E-05
 2.2480E+03  3.4575E-02  1.4568E+00   5.3309E-05
 2.2440E+03  3.4567E-02  1.4568E+00   5.3608E-05
 2.2400E+03  3.4559E-02  1.4567E+00   5.3909E-05
 2.2360E+03  3.4551E-02  1.4566E+00   5.4212E-05
 2.2320E+03  3.4544E-02  1.4566E+00   5.4517E-05
 2.2280E+03  3.4536E-02  1.4565E+00   5.4825E-05
 2.2240E+03  3.4528E-02  1.4564E+00   5.5135E-05
 2.2200E+03  3.4520E-02  1.4564E+00   5.5448E-05
 2.2160E+03  3.4512E-02  1.4563E+00   5.5763E-05
 2.2120E+03  3.4504E-02  1.4563E+00   5.6080E-05
 2.2080E+03  3.4496E-02  1.4562E+00   5.6400E-05
 2.2040E+03  3.4488E-02  1.4561E+00   5.6722E-05
 2.2000E+03  3.4480E-02  1.4561E+00   5.7047E-05
 2.1960E+03  3.4471E-02  1.4560E+00   5.7374E-05
 2.1920E+03  3.4463E-02  1.4559E+00   5.7704E-05
 2.1880E+03  3.4455E-02  1.4559E+00   5.8036E-05
 2.1840E+03  3.4446E-02  1.4558E+00   5.8371E-05
 2.1800E+03  3.4438E-02  1.4557E+00   5.8709E-05
 2.1760E+03  3.4430E-02  1.4557E+00   5.9049E-05
 2.1720E+03  3.4421E-02  1.4556E+00   5.9392E-05
 2.1680E+03  3.4413E-02  1.4555E+00   5.9738E-05
 2.1640E+03  3.4404E-02  1.4554E+00   6.0086E-05
 2.1600E+03  3.4395E-02  1.4554E+00   6.0438E-05
 2.1560E+03  3.4387E-02  1.4553E+00   6.0792E-05
 2.1520E+03  3.4378E-02  1.4552E+00   6.1148E-05
 2.1480E+03  3.4369E-02  1.4552E+00   6.1508E-05
 2.1440E+03  3.4360E-02  1.4551E+00   6.1870E-05
 2.1400E+03  3.4351E-02  1.4550E+00   6.2236E-05
 2.1360E+03  3.4342E-02  1.4549E+00   6.2604E-05
 2.1320E+03  3.4333E-02  1.4549E+00   6.2975E-05
 2.1280E+03  3.4324E-02  1.4548E+00   6.3350E-05
 2.1240E+03  3.4315E-02  1.4547E+00   6.3727E-05
 2.1200E+03  3.4306E-02  1.4546E+00   6.4107E-05
 2.1160E+03  3.4296E-02  1.4546E+00   6.4491E-05
 2.1120E+03  3.4287E-02  1.4545E+00   6.4877E-05
 2.1080E+03  3.4277E-02  1.4544E+00   6.5267E-05
 2.1040E+03  3.4268E-02  1.4543E+00   6.5660E-05
 2.1000E+03  3.4259E-02  1.4543E+00   6.6056E-05
 2.0960E+03  3.4249E-02  1.4542E+00   6.6455E-05
 2.0920E+03  3.4239E-02  1.4541E+00   6.6858E-05
 2.0880E+03  3.4230E-02  1.4540E+00   6.7264E-05
 2.0840E+03  3.4220E-02  1.4539E+00   6.7673E-05
 2.0800E+03  3.4210E-02  1.4539E+00   6.8086E-05
 2.0760E+03  3.4200E-02  1.4538E+00   6.8502E-05
 2.0720E+03  3.4190E-02  1.4537E+00   6.8922E-05
 2.0680E+03  3.4180E-02  1.4536E+00   6.9345E-05
 2.0640E+03  3.4170E-02  1.4535E+00   6.9771E-05
 2.0600E+03  3.4160E-02  1.4535E+00   7.0201E-05
 2.0560E+03  3.4150E-02  1.4534E+00   7.0635E-05
 2.0520E+03  3.4139E-02  1.4533E+00   7.1073E-05
 2.0480E+03  3.4129E-02  1.4532E+00   7.1514E-05
 2.0440E+03  3.4119E-02  1.4531E+00   7.1959E-05
 2.0400E+03  3.4108E-02  1.4530E+00   7.2407E-05
 2.0360E+03  3.4098E-02  1.4530E+00   7.2860E-05
 2.0320E+03  3.4087E-02  1.4529E+00   7.3316E-05
 2.0280E+03  3.4076E-02  1.4528E+00   7.3776E-05
 2.0240E+03  3.4066E-02  1.4527E+00   7.4240E-05
 2.0200E+03  3.4055E-02  1.4526E+00   7.4708E-05
 2.0160E+03  3.4044E-02  1.4525E+00   7.5181E-05
 2.0120E+03  3.4033E-02  1.4524E+00   7.5657E-05
 2.0080E+03  3.4022E-02  1.4523E+00   7.6137E-05
 2.0040E+03  3.4011E-02  1.4522E+00   7.6622E-05
 2.0000E+03  3.3999E-02  1.4522E+00   7.7110E-05
 1.9980E+03  3.3994E-02  1.4521E+00   7.7356E-05
 1.9960E+03  3.3988E-02  1.4521E+00   7.7603E-05
 1.9940E+03  3.3983E-02  1.4520E+00   7.7851E-05
 1.9920E+03  3.3977E-02  1.4520E+00   7.8100E-05
 1.9900E+03  3.3971E-02  1.4519E+00   7.8351E-05
 1.9880E+03  3.3965E-02  1.4519E+00   7.8602E-05
 1.9860E+03  3.3960E-02  1.4518E+00   7.8854E-05
 1.9840E+03  3.3954E-02  1.4518E+00   7.9108E-05
 1.9820E+03  3.3948E-02  1.4517E+00   7.9363E-05
 1.9800E+03  3.3942E-02  1.4517E+00   7.9618E-05
 1.9780E+03  3.3936E-02  1.4516E+00   7.9875E-05
 1.9760E+03  3.3931E-02  1.4516E+00   8.0133E-05
 1.9740E+03  3.3925E-02  1.4515E+00   8.0392E-05
 1.9720E+03  3.3919E-02  1.4515E+00   8.0653E-05
 1.9700E+03  3.3913E-02  1.4514E+00   8.0914E-05
 1.9680E+03  3.3907E-02  1.4514E+00   8.1177E-05
 1.9660E+03  3.3901E-02  1.4513E+00   8.1441E-05
 1.9640E+03  3.3895E-02  1.4513E+00   8.1705E-05
 1.9620E+03  3.3889E-02  1.4513E+00   8.1972E-05
 1.9600E+03  3.3883E-02  1.4512E+00   8.2239E-05
 1.9580E+03  3.3877E-02  1.4512E+00   8.2507E-05
 1.9560E+03  3.3871E-02  1.4511E+00   8.2777E-05
 1.9540E+03  3.3865E-02  1.4511E+00   8.3048E-05
 1.9520E+03  3.3859E-02  1.4510E+00   8.3320E-05
 1.9500E+03  3.3853E-02  1.4510E+00   8.3593E-05
 1.9480E+03  3.3847E-02  1.4509E+00   8.3868E-05
 1.9460E+03  3.3841E-02  1.4509E+00   8.4144E-05
 1.9440E+03  3.3834E-02  1.4508E+00   8.4421E-05
 1.9420E+03  3.3828E-02  1.4508E+00   8.4699E-05
 1.9400E+03  3.3822E-02  1.4507E+00   8.4978E-05
 1.9380E+03  3.3816E-02  1.4507E+00   8.5259E-05
 1.9360E+03  3.3809E-02  1.4506E+00   8.5541E-05
 1.9340E+03  3.3803E-02  1.4505E+00   8.5824E-05
 1.9320E+03  3.3797E-02  1.4505E+00   8.6109E-05
 1.9300E+03  3.3791E-02  1.4504E+00   8.6395E-05
 1.9280E+03  3.3784E-02  1.4504E+00   8.6682E-05
 1.9260E+03  3.3778E-02  1.4503E+00   8.6971E-05
 1.9240E+03  3.3771E-02  1.4503E+00   8.7260E-05
 1.9220E+03  3.3765E-02  1.4502E+00   8.7551E-05
 1.9200E+03  3.3759E-02  1.4502E+00   8.7844E-05
 1.9180E+03  3.3752E-02  1.4501E+00   8.8138E-05
 1.9160E+03  3.3746E-02  1.4501E+00   8.8433E-05
 1.9140E+03  3.3739E-02  1.4500E+00   8.8729E-05
 1.9120E+03  3.3733E-02  1.4500E+00   8.9027E-05
 1.9100E+03  3.3726E-02  1.4499E+00   8.9326E-05
 1.9080E+03  3.3719E-02  1.4499E+00   8.9627E-05
 1.9060E+03  3.3713E-02  1.4498E+00   8.9929E-05
 1.9040E+03  3.3706E-02  1.4498E+00   9.0232E-05
 1.9020E+03  3.3700E-02  1.4497E+00   9.0537E-05
 1.9000E+03  3.3693E-02  1.4496E+00   9.0843E-05
 1.8980E+03  3.3686E-02  1.4496E+00   9.1151E-05
 1.8960E+03  3.3679E-02  1.4495E+00   9.1460E-05
 1.8940E+03  3.3673E-02  1.4495E+00   9.1770E-05
 1.8920E+03  3.3666E-02  1.4494E+00   9.2082E-05
 1.8900E+03  3.3659E-02  1.4494E+00   9.2395E-05
 1.8880E+03  3.3652E-02  1.4493E+00   9.2710E-05
 1.8860E+03  3.3645E-02  1.4493E+00   9.3026E-05
 1.8840E+03  3.3639E-02  1.4492E+00   9.3344E-05
 1.8820E+03  3.3632E-02  1.4491E+00   9.3663E-05
 1.8800E+03  3.3625E-02  1.4491E+00   9.3984E-05
 1.8780E+03  3.3618E-02  1.4490E+00   9.4306E-05
 1.8760E+03  3.3611E-02  1.4490E+00   9.4630E-05
 1.8740E+03  3.3604E-02  1.4489E+00   9.4955E-05
 1.8720E+03  3.3597E-02  1.4489E+00   9.5282E-05
 1.8700E+03  3.3590E-02  1.4488E+00   9.5610E-05
 1.8680E+03  3.3583E-02  1.4487E+00   9.5940E-05
 1.8660E+03  3.3576E-02  1.4487E+00   9.6271E-05
 1.8640E+03  3.3568E-02  1.4486E+00   9.6604E-05
 1.8620E+03  3.3561E-02  1.4486E+00   9.6939E-05
 1.8600E+03  3.3554E-02  1.4485E+00   9.7275E-05
 1.8580E+03  3.3547E-02  1.4485E+00   9.7613E-05
 1.8560E+03  3.3540E-02  1.4484E+00   9.7952E-05
 1.8540E+03  3.3532E-02  1.4483E+00   9.8293E-05
 1.8520E+03  3.3525E-02  1.4483E+00   9.8636E-05
 1.8500E+03  3.3518E-02  1.4482E+00   9.8980E-05
 1.8480E+03  3.3510E-02  1.4482E+00   9.9326E-05
 1.8460E+03  3.3503E-02  1.4481E+00   9.9674E-05
 1.8440E+03  3.3496E-02  1.4480E+00   1.0002E-04
 1.8420E+03  3.3488E-02  1.4480E+00   1.0037E-04
 1.8400E+03  3.3481E-02  1.4479E+00   1.0073E-04
 1.8380E+03  3.3473E-02  1.4479E+00   1.0108E-04
 1.8360E+03  3.3466E-02  1.4478E+00   1.0144E-04
 1.8340E+03  3.3458E-02  1.4477E+00   1.0179E-04
 1.8320E+03  3.3451E-02  1.4477E+00   1.0215E-04
 1.8300E+03  3.3443E-02  1.4476E+00   1.0251E-04
 1.8280E+03  3.3435E-02  1.4475E+00   1.0288E-04
 1.8260E+03  3.3428E-02  1.4475E+00   1.0324E-04
 1.8240E+03  3.3420E-02  1.4474E+00   1.0361E-04
 1.8220E+03  3.3412E-02  1.4474E+00   1.0398E-04
 1.8200E+03  3.3405E-02  1.4473E+00   1.0435E-04
 1.8180E+03  3.3397E-02  1.4472E+00   1.0472E-04
 1.8160E+03  3.3389E-02  1.4472E+00   1.0509E-04
 1.8140E+03  3.3381E-02  1.4471E+00   1.0547E-04
 1.8120E+03  3.3373E-02  1.4470E+00   1.0585E-04
 1.8100E+03  3.3365E-02  1.4470E+00   1.0623E-04
 1.8080E+03  3.3358E-02  1.4469E+00   1.0661E-04
 1.8060E+03  3.3350E-02  1.4468E+00   1.0699E-04
 1.8040E+03  3.3342E-02  1.4468E+00   1.0737E-04
 1.8020E+03  3.3334E-02  1.4467E+00   1.0776E-04
 1.8000E+03  3.3326E-02  1.4466E+00   1.0815E-04
 1.7980E+03  3.3317E-02  1.4466E+00   1.0854E-04
 1.7960E+03  3.3309E-02  1.4465E+00   1.0893E-04
 1.7940E+03  3.3301E-02  1.4464E+00   1.0933E-04
 1.7920E+03  3.3293E-02  1.4464E+00   1.0972E-04
 1.7900E+03  3.3285E-02  1.4463E+00   1.1012E-04
 1.7880E+03  3.3277E-02  1.4462E+00   1.1052E-04
 1.7860E+03  3.3268E-02  1.4462E+00   1.1093E-04
 1.7840E+03  3.3260E-02  1.4461E+00   1.1133E-04
 1.7820E+03  3.3252E-02  1.4460E+00   1.1174E-04
 1.7800E+03  3.3243E-02  1.4460E+00   1.1214E-04
 1.7780E+03  3.3235E-02  1.4459E+00   1.1256E-04
 1.7760E+03  3.3226E-02  1.4458E+00   1.1297E-04
 1.7740E+03  3.3218E-02  1.4458E+00   1.1338E-04
 1.7720E+03  3.3209E-02  1.4457E+00   1.1380E-04
 1.7700E+03  3.3201E-02  1.4456E+00   1.1422E-04
 1.7680E+03  3.3192E-02  1.4455E+00   1.1464E-04
 1.7660E+03  3.3184E-02  1.4455E+00   1.1506E-04
 1.7640E+03  3.3175E-02  1.4454E+00   1.1549E-04
 1.7620E+03  3.3166E-02  1.4453E+00   1.1592E-04
 1.7600E+03  3.3158E-02  1.4453E+00   1.1635E-04
 1.7580E+03  3.3149E-02  1.4452E+00   1.1678E-04
 1.7560E+03  3.3140E-02  1.4451E+00   1.1721E-04
 1.7540E+03  3.3131E-02  1.4450E+00   1.1765E-04
 1.7520E+03  3.3123E-02  1.4450E+00   1.1809E-04
 1.7500E+03  3.3114E-02  1.4449E+00   1.1853E-04
 1.7480E+03  3.3105E-02  1.4448E+00   1.1897E-04
 1.7460E+03  3.3096E-02  1.4448E+00   1.1942E-04
 1.7440E+03  3.3087E-02  1.4447E+00   1.1986E-04
 1.7420E+03  3.3078E-02  1.4446E+00   1.2031E-04
 1.7400E+03  3.3069E-02  1.4445E+00   1.2077E-04
 1.7380E+03  3.3060E-02  1.4445E+00   1.2122E-04
 1.7360E+03  3.3050E-02  1.4444E+00   1.2168E-04
 1.7340E+03  3.3041E-02  1.4443E+00   1.2214E-04
 1.7320E+03  3.3032E-02  1.4442E+00   1.2260E-04
 1.7300E+03  3.3023E-02  1.4442E+00   1.2306E-04
 1.7280E+03  3.3013E-02  1.4441E+00   1.2353E-04
 1.7260E+03  3.3004E-02  1.4440E+00   1.2400E-04
 1.7240E+03  3.2995E-02  1.4439E+00   1.2447E-04
 1.7220E+03  3.2985E-02  1.4438E+00   1.2495E-04
 1.7200E+03  3.2976E-02  1.4438E+00   1.2542E-04
 1.7180E+03  3.2966E-02  1.4437E+00   1.2590E-04
 1.7160E+03  3.2957E-02  1.4436E+00   1.2638E-04
 1.7140E+03  3.2947E-02  1.4435E+00   1.2687E-04
 1.7120E+03  3.2938E-02  1.4435E+00   1.2736E-04
 1.7100E+03  3.2928E-02  1.4434E+00   1.2784E-04
 1.7080E+03  3.2918E-02  1.4433E+00   1.2834E-04
 1.7060E+03  3.2909E-02  1.4432E+00   1.2883E-04
 1.7040E+03  3.2899E-02  1.4431E+00   1.2933E-04
 1.7020E+03  3.2889E-02  1.4431E+00   1.2983E-04
 1.7000E+03  3.2879E-02  1.4430E+00   1.3033E-04
 1.6980E+03  3.2869E-02  1.4429E+00   1.3084E-04
 1.6960E+03  3.2859E-02  1.4428E+00   1.3134E-04
 1.6940E+03  3.2849E-02  1.4427E+00   1.3186E-04
 1.6920E+03  3.2839E-02  1.4426E+00   1.3237E-04
 1.6900E+03  3.2829E-02  1.4426E+00   1.3289E-04
 1.6880E+03  3.2819E-02  1.4425E+00   1.3340E-04
 1.6860E+03  3.2809E-02  1.4424E+00   1.3393E-04
 1.6840E+03  3.2799E-02  1.4423E+00   1.3445E-04
 1.6820E+03  3.2788E-02  1.4422E+00   1.3498E-04
 1.6800E+03  3.2778E-02  1.4421E+00   1.3551E-04
 1.6780E+03  3.2768E-02  1.4421E+00   1.3604E-04
 1.6760E+03  3.2757E-02  1.4420E+00   1.3658E-04
 1.6740E+03  3.2747E-02  1.4419E+00   1.3712E-04
 1.6720E+03  3.2737E-02  1.4418E+00   1.3766E-04
 1.6700E+03  3.2726E-02  1.4417E+00   1.3821E-04
 1.6680E+03  3.2715E-02  1.4416E+00   1.3875E-04
 1.6660E+03  3.2705E-02  1.4415E+00   1.3930E-04
 1.6640E+03  3.2694E-02  1.4415E+00   1.3986E-04
 1.6620E+03  3.2684E-02  1.4414E+00   1.4042E-04
 1.6600E+03  3.2673E-02  1.4413E+00   1.4098E-04
 1.6580E+03  3.2662E-02  1.4412E+00   1.4154E-04
 1.6560E+03  3.2651E-02  1.4411E+00   1.4211E-04
 1.6540E+03  3.2640E-02  1.4410E+00   1.4268E-04
 1.6520E+03  3.2629E-02  1.4409E+00   1.4325E-04
 1.6500E+03  3.2618E-02  1.4408E+00   1.4383E-04
 1.6480E+03  3.2607E-02  1.4407E+00   1.4441E-04
 1.6460E+03  3.2596E-02  1.4406E+00   1.4499E-04
 1.6440E+03  3.2585E-02  1.4406E+00   1.4557E-04
 1.6420E+03  3.2574E-02  1.4405E+00   1.4616E-04
 1.6400E+03  3.2563E-02  1.4404E+00   1.4676E-04
 1.6380E+03  3.2551E-02  1.4403E+00   1.4735E-04
 1.6360E+03  3.2540E-02  1.4402E+00   1.4795E-04
 1.6340E+03  3.2529E-02  1.4401E+00   1.4855E-04
 1.6320E+03  3.2517E-02  1.4400E+00   1.4916E-04
 1.6300E+03  3.2506E-02  1.4399E+00   1.4977E-04
 1.6280E+03  3.2494E-02  1.4398E+00   1.5038E-04
 1.6260E+03  3.2483E-02  1.4397E+00   1.5100E-04
 1.6240E+03  3.2471E-02  1.4396E+00   1.5162E-04
 1.6220E+03  3.2459E-02  1.4395E+00   1.5224E-04
 1.6200E+03  3.2447E-02  1.4394E+00   1.5287E-04
 1.6180E+03  3.2436E-02  1.4393E+00   1.5350E-04
 1.6160E+03  3.2424E-02  1.4392E+00   1.5414E-04
 1.6140E+03  3.2412E-02  1.4391E+00   1.5477E-04
 1.6120E+03  3.2400E-02  1.4390E+00   1.5542E-04
 1.6100E+03  3.2388E-02  1.4389E+00   1.5606E-04
 1.6080E+03  3.2376E-02  1.4388E+00   1.5671E-04
 1.6060E+03  3.2364E-02  1.4387E+00   1.5736E-04
 1.6040E+03  3.2351E-02  1.4386E+00   1.5802E-04
 1.6020E+03  3.2339E-02  1.4385E+00   1.5868E-04
 1.6000E+03  3.2327E-02  1.4384E+00   1.5935E-04
 1.5980E+03  3.2315E-02  1.4383E+00   1.6001E-04
 1.5960E+03  3.2302E-02  1.4382E+00   1.6069E-04
 1.5940E+03  3.2290E-02  1.4381E+00   1.6136E-04
 1.5920E+03  3.2277E-02  1.4380E+00   1.6204E-04
 1.5900E+03  3.2265E-02  1.4379E+00   1.6273E-04
 1.5880E+03  3.2252E-02  1.4378E+00   1.6342E-04
 1.5860E+03  3.2239E-02  1.4377E+00   1.6411E-04
 1.5840E+03  3.2226E-02  1.4376E+00   1.6481E-04
 1.5820E+03  3.2213E-02  1.4375E+00   1.6551E-04
 1.5800E+03  3.2201E-02  1.4374E+00   1.6621E-04
 1.5780E+03  3.2188E-02  1.4373E+00   1.6692E-04
 1.5760E+03  3.2175E-02  1.4372E+00   1.6764E-04
 1.5740E+03  3.2161E-02  1.4371E+00   1.6835E-04
 1.5720E+03  3.2148E-02  1.4369E+00   1.6908E-04
 1.5700E+03  3.2135E-02  1.4368E+00   1.6980E-04
 1.5680E+03  3.2122E-02  1.4367E+00   1.7053E-04
 1.5660E+03  3.2108E-02  1.4366E+00   1.7127E-04
 1.5640E+03  3.2095E-02  1.4365E+00   1.7201E-04
 1.5620E+03  3.2082E-02  1.4364E+00   1.7275E-04
 1.5600E+03  3.2068E-02  1.4363E+00   1.7350E-04
 1.5580E+03  3.2054E-02  1.4362E+00   1.7425E-04
 1.5560E+03  3.2041E-02  1.4361E+00   1.7501E-04
 1.5540E+03  3.2027E-02  1.4359E+00   1.7578E-04
 1.5520E+03  3.2013E-02  1.4358E+00   1.7654E-04
 1.5500E+03  3.1999E-02  1.4357E+00   1.7732E-04
 1.5480E+03  3.1985E-02  1.4356E+00   1.7809E-04
 1.5460E+03  3.1971E-02  1.4355E+00   1.7887E-04
 1.5440E+03  3.1957E-02  1.4354E+00   1.7966E-04
 1.5420E+03  3.1943E-02  1.4352E+00   1.8045E-04
 1.5400E+03  3.1929E-02  1.4351E+00   1.8125E-04
 1.5380E+03  3.1915E-02  1.4350E+00   1.8205E-04
 1.5360E+03  3.1900E-02  1.4349E+00   1.8286E-04
 1.5340E+03  3.1886E-02  1.4348E+00   1.8367E-04
 1.5320E+03  3.1871E-02  1.4346E+00   1.8448E-04
 1.5300E+03  3.1857E-02  1.4345E+00   1.8531E-04
 1.5280E+03  3.1842E-02  1.4344E+00   1.8613E-04
 1.5260E+03  3.1827E-02  1.4343E+00   1.8697E-04
 1.5240E+03  3.1812E-02  1.4342E+00   1.8780E-04
 1.5220E+03  3.1798E-02  1.4340E+00   1.8865E-04
 1.5200E+03  3.1783E-02  1.4339E+00   1.8949E-04
 1.5180E+03  3.1768E-02  1.4338E+00   1.9035E-04
 1.5160E+03  3.1752E-02  1.4337E+00   1.9121E-04
 1.5140E+03  3.1737E-02  1.4335E+00   1.9207E-04
 1.5120E+03  3.1722E-02  1.4334E+00   1.9294E-04
 1.5100E+03  3.1707E-02  1.4333E+00   1.9382E-04
 1.5080E+03  3.1691E-02  1.4331E+00   1.9470E-04
 1.5060E+03  3.1676E-02  1.4330E+00   1.9558E-04
 1.5040E+03  3.1660E-02  1.4329E+00   1.9648E-04
 1.5020E+03  3.1644E-02  1.4328E+00   1.9738E-04
 1.5000E+03  3.1629E-02  1.4326E+00   1.9828E-04
 1.4980E+03  3.1613E-02  1.4325E+00   1.9919E-04
 1.4960E+03  3.1597E-02  1.4324E+00   2.0011E-04
 1.4940E+03  3.1581E-02  1.4322E+00   2.0103E-04
 1.4920E+03  3.1565E-02  1.4321E+00   2.0196E-04
 1.4900E+03  3.1549E-02  1.4320E+00   2.0289E-04
 1.4880E+03  3.1532E-02  1.4318E+00   2.0383E-04
 1.4860E+03  3.1516E-02  1.4317E+00   2.0478E-04
 1.4840E+03  3.1499E-02  1.4316E+00   2.0573E-04
 1.4820E+03  3.1483E-02  1.4314E+00   2.0669E-04
 1.4800E+03  3.1466E-02  1.4313E+00   2.0766E-04
 1.4780E+03  3.1450E-02  1.4311E+00   2.0863E-04
 1.4760E+03  3.1433E-02  1.4310E+00   2.0961E-04
 1.4740E+03  3.1416E-02  1.4309E+00   2.1060E-04
 1.4720E+03  3.1399E-02  1.4307E+00   2.1159E-04
 1.4700E+03  3.1382E-02  1.4306E+00   2.1259E-04
 1.4680E+03  3.1365E-02  1.4304E+00   2.1359E-04
 1.4660E+03  3.1347E-02  1.4303E+00   2.1461E-04
 1.4640E+03  3.1330E-02  1.4301E+00   2.1563E-04
 1.4620E+03  3.1313E-02  1.4300E+00   2.1665E-04
 1.4600E+03  3.1295E-02  1.4298E+00   2.1769E-04
 1.4580E+03  3.1277E-02  1.4297E+00   2.1873E-04
 1.4560E+03  3.1260E-02  1.4296E+00   2.1977E-04
 1.4540E+03  3.1242E-02  1.4294E+00   2.2083E-04
 1.4520E+03  3.1224E-02  1.4293E+00   2.2189E-04
 1.4500E+03  3.1206E-02  1.4291E+00   2.2296E-04
 1.4480E+03  3.1188E-02  1.4290E+00   2.2404E-04
 1.4460E+03  3.1169E-02  1.4288E+00   2.2512E-04
 1.4440E+03  3.1151E-02  1.4286E+00   2.2622E-04
 1.4420E+03  3.1133E-02  1.4285E+00   2.2732E-04
 1.4400E+03  3.1114E-02  1.4283E+00   2.2842E-04
 1.4380E+03  3.1095E-02  1.4282E+00   2.2954E-04
 1.4360E+03  3.1076E-02  1.4280E+00   2.3066E-04
 1.4340E+03  3.1058E-02  1.4279E+00   2.3179E-04
 1.4320E+03  3.1039E-02  1.4277E+00   2.3293E-04
 1.4300E+03  3.1019E-02  1.4275E+00   2.3408E-04
 1.4280E+03  3.1000E-02  1.4274E+00   2.3524E-04
 1.4260E+03  3.0981E-02  1.4272E+00   2.3640E-04
 1.4240E+03  3.0961E-02  1.4271E+00   2.3757E-04
 1.4220E+03  3.0942E-02  1.4269E+00   2.3875E-04
 1.4200E+03  3.0922E-02  1.4267E+00   2.3994E-04
 1.4180E+03  3.0902E-02  1.4266E+00   2.4114E-04
 1.4160E+03  3.0883E-02  1.4264E+00   2.4235E-04
 1.4140E+03  3.0863E-02  1.4262E+00   2.4356E-04
 1.4120E+03  3.0842E-02  1.4261E+00   2.4479E-04
 1.4100E+03  3.0822E-02  1.4259E+00   2.4602E-04
 1.4080E+03  3.0802E-02  1.4257E+00   2.4726E-04
 1.4060E+03  3.0781E-02  1.4256E+00   2.4851E-04
 1.4040E+03  3.0761E-02  1.4254E+00   2.4978E-04
 1.4020E+03  3.0740E-02  1.4252E+00   2.5105E-04
 1.4000E+03  3.0719E-02  1.4250E+00   2.5233E-04
 1.3980E+03  3.0698E-02  1.4249E+00   2.5361E-04
 1.3960E+03  3.0677E-02  1.4247E+00   2.5491E-04
 1.3940E+03  3.0656E-02  1.4245E+00   2.5622E-04
 1.3920E+03  3.0634E-02  1.4243E+00   2.5754E-04
 1.3900E+03  3.0613E-02  1.4241E+00   2.5887E-04
 1.3880E+03  3.0591E-02  1.4240E+00   2.6021E-04
 1.3860E+03  3.0569E-02  1.4238E+00   2.6156E-04
 1.3840E+03  3.0547E-02  1.4236E+00   2.6292E-04
 1.3820E+03  3.0525E-02  1.4234E+00   2.6429E-04
 1.3800E+03  3.0503E-02  1.4232E+00   2.6567E-04
 1.3780E+03  3.0481E-02  1.4230E+00   2.6706E-04
 1.3760E+03  3.0458E-02  1.4228E+00   2.6846E-04
 1.3740E+03  3.0436E-02  1.4227E+00   2.6987E-04
 1.3720E+03  3.0413E-02  1.4225E+00   2.7130E-04
 1.3700E+03  3.0390E-02  1.4223E+00   2.7273E-04
 1.3680E+03  3.0367E-02  1.4221E+00   2.7418E-04
 1.3660E+03  3.0344E-02  1.4219E+00   2.7563E-04
 1.3640E+03  3.0320E-02  1.4217E+00   2.7710E-04
 1.3620E+03  3.0297E-02  1.4215E+00   2.7858E-04
 1.3600E+03  3.0273E-02  1.4213E+00   2.8008E-04
 1.3580E+03  3.0249E-02  1.4211E+00   2.8158E-04
 1.3560E+03  3.0225E-02  1.4209E+00   2.8310E-04
 1.3540E+03  3.0201E-02  1.4207E+00   2.8462E-04
 1.3520E+03  3.0177E-02  1.4205E+00   2.8616E-04
 1.3500E+03  3.0152E-02  1.4203E+00   2.8772E-04
 1.3480E+03  3.0128E-02  1.4201E+00   2.8928E-04
 1.3460E+03  3.0103E-02  1.4198E+00   2.9086E-04
 1.3440E+03  3.0078E-02  1.4196E+00   2.9245E-04
 1.3420E+03  3.0053E-02  1.4194E+00   2.9406E-04
 1.3400E+03  3.0028E-02  1.4192E+00   2.9568E-04
 1.3380E+03  3.0002E-02  1.4190E+00   2.9731E-04
 1.3360E+03  2.9977E-02  1.4188E+00   2.9895E-04
 1.3340E+03  2.9951E-02  1.4186E+00   3.0061E-04
 1.3320E+03  2.9925E-02  1.4183E+00   3.0228E-04
 1.3300E+03  2.9899E-02  1.4181E+00   3.0397E-04
 1.3280E+03  2.9872E-02  1.4179E+00   3.0567E-04
 1.3260E+03  2.9846E-02  1.4177E+00   3.0739E-04
 1.3240E+03  2.9819E-02  1.4175E+00   3.0912E-04
 1.3220E+03  2.9792E-02  1.4172E+00   3.1086E-04
 1.3200E+03  2.9765E-02  1.4170E+00   3.1262E-04
 1.3180E+03  2.9738E-02  1.4168E+00   3.1439E-04
 1.3160E+03  2.9711E-02  1.4165E+00   3.1618E-04
 1.3140E+03  2.9683E-02  1.4163E+00   3.1799E-04
 1.3120E+03  2.9655E-02  1.4161E+00   3.1981E-04
 1.3100E+03  2.9627E-02  1.4158E+00   3.2165E-04
 1.3080E+03  2.9599E-02  1.4156E+00   3.2350E-04
 1.3060E+03  2.9570E-02  1.4153E+00   3.2537E-04
 1.3040E+03  2.9542E-02  1.4151E+00   3.2726E-04
 1.3020E+03  2.9513E-02  1.4149E+00   3.2916E-04
 1.3000E+03  2.9484E-02  1.4146E+00   3.3108E-04
 1.2980E+03  2.9455E-02  1.4144E+00   3.3302E-04
 1.2960E+03  2.9425E-02  1.4141E+00   3.3497E-04
 1.2940E+03  2.9395E-02  1.4139E+00   3.3695E-04
 1.2920E+03  2.9365E-02  1.4136E+00   3.3894E-04
 1.2900E+03  2.9335E-02  1.4133E+00   3.4094E-04
 1.2880E+03  2.9305E-02  1.4131E+00   3.4297E-04
 1.2860E+03  2.9274E-02  1.4128E+00   3.4502E-04
 1.2840E+03  2.9243E-02  1.4126E+00   3.4708E-04
 1.2820E+03  2.9212E-02  1.4123E+00   3.4917E-04
 1.2800E+03  2.9181E-02  1.4120E+00   3.5127E-04
 1.2780E+03  2.9150E-02  1.4118E+00   3.5339E-04
 1.2760E+03  2.9118E-02  1.4115E+00   3.5554E-04
 1.2740E+03  2.9086E-02  1.4112E+00   3.5770E-04
 1.2720E+03  2.9053E-02  1.4109E+00   3.5988E-04
 1.2700E+03  2.9021E-02  1.4107E+00   3.6209E-04
 1.2680E+03  2.8988E-02  1.4104E+00   3.6432E-04
 1.2660E+03  2.8955E-02  1.4101E+00   3.6656E-04
 1.2640E+03  2.8922E-02  1.4098E+00   3.6883E-04
 1.2620E+03  2.8888E-02  1.4095E+00   3.7113E-04
 1.2600E+03  2.8854E-02  1.4092E+00   3.7344E-04
 1.2580E+03  2.8820E-02  1.4090E+00   3.7578E-04
 1.2560E+03  2.8786E-02  1.4087E+00   3.7814E-04
 1.2540E+03  2.8751E-02  1.4084E+00   3.8052E-04
 1.2520E+03  2.8716E-02  1.4081E+00   3.8293E-04
 1.2500E+03  2.8681E-02  1.4078E+00   3.8536E-04
 1.2480E+03  2.8646E-02  1.4075E+00   3.8782E-04
 1.2460E+03  2.8610E-02  1.4072E+00   3.9030E-04
 1.2440E+03  2.8574E-02  1.4068E+00   3.9281E-04
 1.2420E+03  2.8537E-02  1.4065E+00   3.9534E-04
 1.2400E+03  2.8501E-02  1.4062E+00   3.9790E-04
 1.2380E+03  2.8463E-02  1.4059E+00   4.0049E-04
 1.2360E+03  2.8426E-02  1.4056E+00   4.0310E-04
 1.2340E+03  2.8389E-02  1.4053E+00   4.0574E-04
 1.2320E+03  2.8351E-02  1.4049E+00   4.0841E-04
 1.2300E+03  2.8312E-02  1.4046E+00   4.1111E-04
 1.2280E+03  2.8274E-02  1.4043E+00   4.1384E-04
 1.2260E+03  2.8235E-02  1.4039E+00   4.1659E-04
 1.2240E+03  2.8195E-02  1.4036E+00   4.1938E-04
 1.2220E+03  2.8156E-02  1.4033E+00   4.2220E-04
 1.2200E+03  2.8116E-02  1.4029E+00   4.2505E-04
 1.2180E+03  2.8075E-02  1.4026E+00   4.2792E-04
 1.2160E+03  2.8035E-02  1.4022E+00   4.3084E-04
 1.2140E+03  2.7993E-02  1.4019E+00   4.3378E-04
 1.2120E+03  2.7952E-02  1.4015E+00   4.3676E-04
 1.2100E+03  2.7910E-02  1.4011E+00   4.3977E-04
 1.2080E+03  2.7868E-02  1.4008E+00   4.4281E-04
 1.2060E+03  2.7825E-02  1.4004E+00   4.4589E-04
 1.2040E+03  2.7782E-02  1.4000E+00   4.4901E-04
 1.2020E+03  2.7739E-02  1.3997E+00   4.5216E-04
 1.2000E+03  2.7695E-02  1.3993E+00   4.5535E-04
 1.1980E+03  2.7651E-02  1.3989E+00   4.5858E-04
 1.1960E+03  2.7606E-02  1.3985E+00   4.6185E-04
 1.1940E+03  2.7561E-02  1.3981E+00   4.6515E-04
 1.1920E+03  2.7516E-02  1.3977E+00   4.6850E-04
 1.1900E+03  2.7470E-02  1.3973E+00   4.7188E-04
 1.1880E+03  2.7423E-02  1.3969E+00   4.7531E-04
 1.1860E+03  2.7376E-02  1.3965E+00   4.7878E-04
 1.1840E+03  2.7329E-02  1.3961E+00   4.8229E-04
 1.1820E+03  2.7281E-02  1.3957E+00   4.8585E-04
 1.1800E+03  2.7233E-02  1.3953E+00   4.8945E-04
 1.1780E+03  2.7184E-02  1.3949E+00   4.9310E-04
 1.1760E+03  2.7135E-02  1.3944E+00   4.9679E-04
 1.1740E+03  2.7085E-02  1.3940E+00   5.0054E-04
 1.1720E+03  2.7035E-02  1.3936E+00   5.0433E-04
 1.1700E+03  2.6984E-02  1.3931E+00   5.0817E-04
 1.1680E+03  2.6933E-02  1.3927E+00   5.1206E-04
 1.1660E+03  2.6881E-02  1.3922E+00   5.1601E-04
 1.1640E+03  2.6829E-02  1.3918E+00   5.2000E-04
 1.1620E+03  2.6776E-02  1.3913E+00   5.2405E-04
 1.1600E+03  2.6722E-02  1.3908E+00   5.2816E-04
 1.1580E+03  2.6668E-02  1.3904E+00   5.3233E-04
 1.1560E+03  2.6614E-02  1.3899E+00   5.3655E-04
 1.1540E+03  2.6558E-02  1.3894E+00   5.4083E-04
 1.1520E+03  2.6502E-02  1.3889E+00   5.4517E-04
 1.1500E+03  2.6446E-02  1.3884E+00   5.4958E-04
 1.1480E+03  2.6389E-02  1.3879E+00   5.5404E-04
 1.1460E+03  2.6331E-02  1.3874E+00   5.5858E-04
 1.1440E+03  2.6273E-02  1.3869E+00   5.6318E-04
 1.1420E+03  2.6213E-02  1.3864E+00   5.6784E-04
 1.1400E+03  2.6154E-02  1.3858E+00   5.7258E-04
 1.1380E+03  2.6093E-02  1.3853E+00   5.7739E-04
 1.1360E+03  2.6032E-02  1.3848E+00   5.8227E-04
 1.1340E+03  2.5970E-02  1.3842E+00   5.8723E-04
 1.1320E+03  2.5907E-02  1.3837E+00   5.9227E-04
 1.1300E+03  2.5844E-02  1.3831E+00   5.9738E-04
 1.1280E+03  2.5780E-02  1.3825E+00   6.0258E-04
 1.1260E+03  2.5715E-02  1.3820E+00   6.0786E-04
 1.1240E+03  2.5649E-02  1.3814E+00   6.1323E-04
 1.1220E+03  2.5583E-02  1.3808E+00   6.1868E-04
 1.1200E+03  2.5515E-02  1.3802E+00   6.2423E-04
 1.1180E+03  2.5447E-02  1.3796E+00   6.2986E-04
 1.1160E+03  2.5378E-02  1.3790E+00   6.3560E-04
 1.1140E+03  2.5308E-02  1.3784E+00   6.4143E-04
 1.1120E+03  2.5237E-02  1.3777E+00   6.4736E-04
 1.1100E+03  2.5165E-02  1.3771E+00   6.5340E-04
 1.1080E+03  2.5092E-02  1.3764E+00   6.5954E-04
 1.1060E+03  2.5019E-02  1.3758E+00   6.6579E-04
 1.1040E+03  2.4944E-02  1.3751E+00   6.7216E-04
 1.1020E+03  2.4868E-02  1.3744E+00   6.7864E-04
 1.1000E+03  2.4791E-02  1.3738E+00   6.8524E-04
 1.0980E+03  2.4714E-02  1.3731E+00   6.9197E-04
 1.0960E+03  2.4635E-02  1.3724E+00   6.9883E-04
 1.0940E+03  2.4555E-02  1.3716E+00   7.0582E-04
 1.0920E+03  2.4474E-02  1.3709E+00   7.1294E-04
 1.0900E+03  2.4391E-02  1.3702E+00   7.2020E-04
 1.0880E+03  2.4308E-02  1.3694E+00   7.2761E-04
 1.0860E+03  2.4223E-02  1.3686E+00   7.3517E-04
 1.0840E+03  2.4137E-02  1.3679E+00   7.4289E-04
 1.0820E+03  2.4050E-02  1.3671E+00   7.5076E-04
 1.0800E+03  2.3961E-02  1.3663E+00   7.5880E-04
 1.0780E+03  2.3871E-02  1.3655E+00   7.6701E-04
 1.0760E+03  2.3780E-02  1.3646E+00   7.7540E-04
 1.0740E+03  2.3687E-02  1.3638E+00   7.8398E-04
 1.0720E+03  2.3593E-02  1.3629E+00   7.9274E-04
 1.0700E+03  2.3497E-02  1.3621E+00   8.0171E-04
 1.0680E+03  2.3400E-02  1.3612E+00   8.1087E-04
 1.0660E+03  2.3301E-02  1.3603E+00   8.2025E-04
 1.0640E+03  2.3201E-02  1.3594E+00   8.2985E-04
 1.0620E+03  2.3098E-02  1.3584E+00   8.3968E-04
 1.0600E+03  2.2995E-02  1.3575E+00   8.4975E-04
 1.0580E+03  2.2889E-02  1.3565E+00   8.6007E-04
 1.0560E+03  2.2782E-02  1.3555E+00   8.7064E-04
 1.0540E+03  2.2672E-02  1.3545E+00   8.8149E-04
 1.0520E+03  2.2561E-02  1.3535E+00   8.9261E-04
 1.0500E+03  2.2448E-02  1.3525E+00   9.0402E-04
 1.0480E+03  2.2333E-02  1.3514E+00   9.1574E-04
 1.0460E+03  2.2215E-02  1.3503E+00   9.2777E-04
 1.0440E+03  2.2096E-02  1.3492E+00   9.4014E-04
 1.0420E+03  2.1974E-02  1.3481E+00   9.5285E-04
 1.0400E+03  2.1850E-02  1.3469E+00   9.6592E-04
 1.0380E+03  2.1723E-02  1.3457E+00   9.7937E-04
 1.0360E+03  2.1594E-02  1.3445E+00   9.9321E-04
 1.0340E+03  2.1463E-02  1.3433E+00   1.0075E-03
 1.0320E+03  2.1329E-02  1.3420E+00   1.0222E-03
 1.0300E+03  2.1192E-02  1.3408E+00   1.0373E-03
 1.0280E+03  2.1052E-02  1.3394E+00   1.0529E-03
 1.0260E+03  2.0910E-02  1.3381E+00   1.0690E-03
 1.0240E+03  2.0764E-02  1.3367E+00   1.0857E-03
 1.0220E+03  2.0616E-02  1.3353E+00   1.1029E-03
 1.0200E+03  2.0464E-02  1.3339E+00   1.1207E-03
 1.0180E+03  2.0309E-02  1.3324E+00   1.1391E-03
 1.0160E+03  2.0150E-02  1.3309E+00   1.1581E-03
 1.0140E+03  1.9988E-02  1.3293E+00   1.1779E-03
 1.0120E+03  1.9822E-02  1.3277E+00   1.1983E-03
 1.0100E+03  1.9652E-02  1.3261E+00   1.2195E-03
 1.0080E+03  1.9478E-02  1.3244E+00   1.2415E-03
 1.0060E+03  1.9300E-02  1.3227E+00   1.2644E-03
 1.0040E+03  1.9117E-02  1.3209E+00   1.2882E-03
 1.0020E+03  1.8930E-02  1.3191E+00   1.3129E-03
 1.0000E+03  1.8739E-02  1.3172E+00   1.3387E-03
 9.9800E+02  1.8542E-02  1.3153E+00   1.3656E-03
 9.9600E+02  1.8341E-02  1.3133E+00   1.3936E-03
 9.9400E+02  1.8134E-02  1.3112E+00   1.4228E-03
 9.9200E+02  1.7921E-02  1.3091E+00   1.4534E-03
 9.9000E+02  1.7703E-02  1.3069E+00   1.4854E-03
 9.8800E+02  1.7478E-02  1.3047E+00   1.5188E-03
 9.8600E+02  1.7248E-02  1.3024E+00   1.5539E-03
 9.8400E+02  1.7010E-02  1.3000E+00   1.5907E-03
 9.8200E+02  1.6766E-02  1.2975E+00   1.6294E-03
 9.8000E+02  1.6515E-02  1.2949E+00   1.6701E-03
 9.7800E+02  1.6256E-02  1.2923E+00   1.7129E-03
 9.7600E+02  1.5989E-02  1.2895E+00   1.7581E-03
 9.7400E+02  1.5714E-02  1.2866E+00   1.8057E-03
 9.7200E+02  1.5430E-02  1.2837E+00   1.8561E-03
 9.7000E+02  1.5137E-02  1.2806E+00   1.9095E-03
 9.6800E+02  1.4834E-02  1.2774E+00   1.9660E-03
 9.6600E+02  1.4521E-02  1.2740E+00   2.0261E-03
 9.6400E+02  1.4198E-02  1.2705E+00   2.0899E-03
 9.6200E+02  1.3863E-02  1.2669E+00   2.1579E-03
 9.6000E+02  1.3517E-02  1.2631E+00   2.2305E-03
 9.5800E+02  1.3159E-02  1.2591E+00   2.3081E-03
 9.5600E+02  1.2787E-02  1.2550E+00   2.3912E-03
 9.5400E+02  1.2402E-02  1.2506E+00   2.4804E-03
 9.5200E+02  1.2003E-02  1.2461E+00   2.5763E-03
 9.5000E+02  1.1588E-02  1.2413E+00   2.6797E-03
 9.4800E+02  1.1158E-02  1.2362E+00   2.7915E-03
 9.4600E+02  1.0711E-02  1.2309E+00   2.9125E-03
 9.4400E+02  1.0247E-02  1.2252E+00   3.0439E-03
 9.4200E+02  9.7642E-03  1.2193E+00   3.1870E-03
 9.4000E+02  9.2629E-03  1.2130E+00   3.3433E-03
 9.3800E+02  8.7420E-03  1.2063E+00   3.5146E-03
 9.3600E+02  8.2008E-03  1.1991E+00   3.7028E-03
 9.3400E+02  7.6390E-03  1.1915E+00   3.9105E-03
 9.3200E+02  7.0562E-03  1.1834E+00   4.1405E-03
 9.3000E+02  6.4526E-03  1.1746E+00   4.3963E-03
 9.2800E+02  5.8288E-03  1.1652E+00   4.6821E-03
 9.2600E+02  5.1861E-03  1.1551E+00   5.0028E-03
 9.2400E+02  4.5269E-03  1.1442E+00   5.3647E-03
 9.2200E+02  3.8551E-03  1.1323E+00   5.7753E-03
 9.2000E+02  3.1771E-03  1.1193E+00   6.2443E-03
 9.1800E+02  2.5022E-03  1.1051E+00   6.7837E-03
 9.1600E+02  1.8450E-03  1.0894E+00   7.4089E-03
 9.1400E+02  1.2274E-03  1.0721E+00   8.1397E-03
 9.1200E+02  6.8251E-04  1.0529E+00   9.0027E-03
 9.1000E+02  2.6140E-04  1.0313E+00   1.0033E-02
 9.0800E+02  4.3297E-05  1.0069E+00   1.1280E-02
 9.0600E+02  1.5411E-04  9.7904E-01   1.2812E-02
 9.0400E+02  7.9945E-04  9.4696E-01   1.4729E-02
 9.0200E+02  2.3274E-03  9.0949E-01   1.7185E-02
 9.0000E+02  5.3557E-03  8.6504E-01   2.0422E-02
 8.9800E+02  1.1052E-02  8.1120E-01   2.4857E-02
 8.9600E+02  2.1827E-02  7.4418E-01   3.1280E-02
 8.9400E+02  4.3335E-02  6.5737E-01   4.1419E-02
 8.9200E+02  9.1914E-02  5.3743E-01   6.0180E-02
 8.9000E+02  2.3691E-01  3.5014E-01   1.1176E-01
 8.8800E+02  6.1234E-01  1.3741E-01   3.5231E-01
 8.8600E+02  7.5147E-01  9.9057E-02   6.2159E-01
 8.8400E+02  8.0484E-01  9.4443E-02   8.5903E-01
 8.8200E+02  8.3273E-01  1.0158E-01   1.1026E+00
 8.8000E+02  8.4814E-01  1.1969E-01   1.3780E+00
 8.7800E+02  8.5502E-01  1.5545E-01   1.7187E+00
 8.7600E+02  8.5349E-01  2.3094E-01   2.1886E+00
 8.7400E+02  8.3860E-01  4.3517E-01   2.9538E+00
 8.7200E+02  7.8212E-01  1.4798E+00   4.5846E+00
 8.7000E+02  5.2145E-01  5.3772E+00   2.0681E+00
 8.6800E+02  3.3907E-01  3.7316E+00   4.4235E-01
 8.6600E+02  2.5591E-01  3.0336E+00   1.9479E-01
 8.6400E+02  2.0757E-01  2.6683E+00   1.1208E-01
 8.6200E+02  1.7577E-01  2.4411E+00   7.3795E-02
 8.6000E+02  1.5323E-01  2.2850E+00   5.2712E-02
 8.5800E+02  1.3643E-01  2.1705E+00   3.9777E-02
 8.5600E+02  1.2343E-01  2.0826E+00   3.1233E-02
 8.5400E+02  1.1307E-01  2.0128E+00   2.5277E-02
 8.5200E+02  1.0464E-01  1.9560E+00   2.0951E-02
 8.5000E+02  9.7646E-02  1.9088E+00   1.7706E-02
 8.4800E+02  9.1750E-02  1.8689E+00   1.5207E-02
 8.4600E+02  8.6715E-02  1.8346E+00   1.3241E-02
 8.4400E+02  8.2366E-02  1.8049E+00   1.1665E-02
 8.4200E+02  7.8572E-02  1.7789E+00   1.0384E-02
 8.4000E+02  7.5233E-02  1.7558E+00   9.3268E-03
 8.3800E+02  7.2272E-02  1.7353E+00   8.4454E-03
 8.3600E+02  6.9629E-02  1.7169E+00   7.7029E-03
 8.3400E+02  6.7253E-02  1.7002E+00   7.0718E-03
 8.3200E+02  6.5106E-02  1.6851E+00   6.5310E-03
 8.3000E+02  6.3157E-02  1.6713E+00   6.0645E-03
 8.2800E+02  6.1378E-02  1.6586E+00   5.6594E-03
 8.2600E+02  5.9747E-02  1.6470E+00   5.3057E-03
 8.2400E+02  5.8247E-02  1.6362E+00   4.9953E-03
 8.2200E+02  5.6861E-02  1.6262E+00   4.7217E-03
 8.2000E+02  5.5577E-02  1.6169E+00   4.4794E-03
 8.1800E+02  5.4383E-02  1.6082E+00   4.2641E-03
 8.1600E+02  5.3270E-02  1.6001E+00   4.0721E-03
 8.1400E+02  5.2230E-02  1.5925E+00   3.9004E-03
 8.1200E+02  5.1254E-02  1.5853E+00   3.7465E-03
 8.1000E+02  5.0337E-02  1.5785E+00   3.6080E-03
 8.0800E+02  4.9473E-02  1.5721E+00   3.4834E-03
 8.0600E+02  4.8658E-02  1.5660E+00   3.3708E-03
 8.0400E+02  4.7887E-02  1.5603E+00   3.2690E-03
 8.0200E+02  4.7155E-02  1.5548E+00   3.1769E-03
 8.0000E+02  4.6461E-02  1.5495E+00   3.0934E-03
 7.9800E+02  4.5800E-02  1.5445E+00   3.0177E-03
 7.9600E+02  4.5170E-02  1.5398E+00   2.9489E-03
 7.9400E+02  4.4568E-02  1.5352E+00   2.8864E-03
 7.9200E+02  4.3993E-02  1.5308E+00   2.8297E-03
 7.9000E+02  4.3442E-02  1.5266E+00   2.7782E-03
 7.8800E+02  4.2914E-02  1.5226E+00   2.7314E-03
 7.8600E+02  4.2407E-02  1.5187E+00   2.6890E-03
 7.8400E+02  4.1919E-02  1.5149E+00   2.6505E-03
 7.8200E+02  4.1449E-02  1.5113E+00   2.6157E-03
 7.8000E+02  4.0996E-02  1.5078E+00   2.5843E-03
 7.7800E+02  4.0559E-02  1.5044E+00   2.5560E-03
 7.7600E+02  4.0136E-02  1.5011E+00   2.5305E-03
 7.7400E+02  3.9727E-02  1.4979E+00   2.5078E-03
 7.7200E+02  3.9331E-02  1.4948E+00   2.4875E-03
 7.7000E+02  3.8947E-02  1.4917E+00   2.4696E-03
 7.6800E+02  3.8574E-02  1.4888E+00   2.4538E-03
 7.6600E+02  3.8212E-02  1.4859E+00   2.4400E-03
 7.6400E+02  3.7860E-02  1.4832E+00   2.4281E-03
 7.6200E+02  3.7517E-02  1.4804E+00   2.4181E-03
 7.6000E+02  3.7182E-02  1.4778E+00   2.4097E-03
 7.5800E+02  3.6856E-02  1.4752E+00   2.4029E-03
 7.5600E+02  3.6538E-02  1.4726E+00   2.3976E-03
 7.5400E+02  3.6227E-02  1.4702E+00   2.3938E-03
 7.5200E+02  3.5924E-02  1.4677E+00   2.3913E-03
 7.5000E+02  3.5626E-02  1.4653E+00   2.3901E-03
 7.4800E+02  3.5335E-02  1.4630E+00   2.3901E-03
 7.4600E+02  3.5050E-02  1.4607E+00   2.3913E-03
 7.4400E+02  3.4770E-02  1.4584E+00   2.3936E-03
 7.4200E+02  3.4495E-02  1.4562E+00   2.3971E-03
 7.4000E+02  3.4225E-02  1.4540E+00   2.4015E-03
 7.3800E+02  3.3960E-02  1.4518E+00   2.4070E-03
 7.3600E+02  3.3699E-02  1.4497E+00   2.4135E-03
 7.3400E+02  3.3442E-02  1.4476E+00   2.4209E-03
 7.3200E+02  3.3189E-02  1.4455E+00   2.4292E-03
 7.3000E+02  3.2940E-02  1.4435E+00   2.4384E-03
 7.2800E+02  3.2695E-02  1.4414E+00   2.4484E-03
 7.2600E+02  3.2452E-02  1.4394E+00   2.4593E-03
 7.2400E+02  3.2213E-02  1.4375E+00   2.4710E-03
 7.2200E+02  3.1977E-02  1.4355E+00   2.4836E-03
 7.2000E+02  3.1743E-02  1.4336E+00   2.4969E-03
 7.1800E+02  3.1512E-02  1.4317E+00   2.5110E-03
 7.1600E+02  3.1283E-02  1.4297E+00   2.5258E-03
 7.1400E+02  3.1057E-02  1.4279E+00   2.5415E-03
 7.1200E+02  3.0833E-02  1.4260E+00   2.5578E-03
 7.1000E+02  3.0611E-02  1.4241E+00   2.5749E-03
 7.0800E+02  3.0391E-02  1.4223E+00   2.5927E-03
 7.0600E+02  3.0173E-02  1.4204E+00   2.6112E-03
 7.0400E+02  2.9956E-02  1.4186E+00   2.6305E-03
 7.0200E+02  2.9741E-02  1.4168E+00   2.6505E-03
 7.0000E+02  2.9527E-02  1.4150E+00   2.6711E-03
 6.9800E+02  2.9315E-02  1.4132E+00   2.6925E-03
 6.9600E+02  2.9104E-02  1.4114E+00   2.7146E-03
 6.9400E+02  2.8894E-02  1.4096E+00   2.7374E-03
 6.9200E+02  2.8685E-02  1.4078E+00   2.7610E-03
 6.9000E+02  2.8477E-02  1.4060E+00   2.7852E-03
 6.8800E+02  2.8270E-02  1.4042E+00   2.8101E-03
 6.8600E+02  2.8064E-02  1.4025E+00   2.8358E-03
 6.8400E+02  2.7858E-02  1.4007E+00   2.8622E-03
 6.8200E+02  2.7653E-02  1.3989E+00   2.8893E-03
 6.8000E+02  2.7449E-02  1.3971E+00   2.9171E-03
 6.7800E+02  2.7245E-02  1.3954E+00   2.9457E-03
 6.7600E+02  2.7042E-02  1.3936E+00   2.9751E-03
 6.7400E+02  2.6839E-02  1.3918E+00   3.0052E-03
 6.7200E+02  2.6636E-02  1.3901E+00   3.0360E-03
 6.7000E+02  2.6433E-02  1.3883E+00   3.0676E-03
 6.6800E+02  2.6231E-02  1.3865E+00   3.1000E-03
 6.6600E+02  2.6029E-02  1.3847E+00   3.1332E-03
 6.6400E+02  2.5826E-02  1.3829E+00   3.1673E-03
 6.6200E+02  2.5624E-02  1.3811E+00   3.2021E-03
 6.6000E+02  2.5421E-02  1.3794E+00   3.2377E-03
 6.5800E+02  2.5219E-02  1.3776E+00   3.2742E-03
 6.5600E+02  2.5016E-02  1.3757E+00   3.3116E-03
 6.5400E+02  2.4813E-02  1.3739E+00   3.3498E-03
 6.5200E+02  2.4609E-02  1.3721E+00   3.3890E-03
 6.5000E+02  2.4406E-02  1.3703E+00   3.4290E-03
 6.4800E+02  2.4201E-02  1.3684E+00   3.4700E-03
 6.4600E+02  2.3997E-02  1.3666E+00   3.5119E-03
 6.4400E+02  2.3791E-02  1.3647E+00   3.5548E-03
 6.4200E+02  2.3586E-02  1.3629E+00   3.5986E-03
 6.4000E+02  2.3379E-02  1.3610E+00   3.6435E-03
 6.3800E+02  2.3172E-02  1.3591E+00   3.6894E-03
 6.3600E+02  2.2964E-02  1.3572E+00   3.7363E-03
 6.3400E+02  2.2755E-02  1.3553E+00   3.7843E-03
 6.3200E+02  2.2546E-02  1.3533E+00   3.8334E-03
 6.3000E+02  2.2336E-02  1.3514E+00   3.8836E-03
 6.2800E+02  2.2124E-02  1.3494E+00   3.9350E-03
 6.2600E+02  2.1912E-02  1.3475E+00   3.9876E-03
 6.2400E+02  2.1699E-02  1.3455E+00   4.0413E-03
 6.2200E+02  2.1484E-02  1.3435E+00   4.0964E-03
 6.2000E+02  2.1269E-02  1.3414E+00   4.1526E-03
 6.1800E+02  2.1052E-02  1.3394E+00   4.2102E-03
 6.1600E+02  2.0835E-02  1.3374E+00   4.2691E-03
 6.1400E+02  2.0616E-02  1.3353E+00   4.3294E-03
 6.1200E+02  2.0395E-02  1.3332E+00   4.3911E-03
 6.1000E+02  2.0174E-02  1.3311E+00   4.4543E-03
 6.0800E+02  1.9951E-02  1.3289E+00   4.5189E-03
 6.0600E+02  1.9726E-02  1.3268E+00   4.5851E-03
 6.0400E+02  1.9501E-02  1.3246E+00   4.6528E-03
 6.0200E+02  1.9273E-02  1.3224E+00   4.7222E-03
 6.0000E+02  1.9044E-02  1.3201E+00   4.7932E-03
 5.9800E+02  1.8814E-02  1.3179E+00   4.8660E-03
 5.9600E+02  1.8582E-02  1.3156E+00   4.9405E-03
 5.9400E+02  1.8348E-02  1.3133E+00   5.0168E-03
 5.9200E+02  1.8113E-02  1.3110E+00   5.0950E-03
 5.9000E+02  1.7876E-02  1.3086E+00   5.1751E-03
 5.8800E+02  1.7637E-02  1.3062E+00   5.2573E-03
 5.8600E+02  1.7396E-02  1.3038E+00   5.3414E-03
 5.8400E+02  1.7153E-02  1.3014E+00   5.4277E-03
 5.8200E+02  1.6909E-02  1.2989E+00   5.5162E-03
 5.8000E+02  1.6662E-02  1.2964E+00   5.6069E-03
 5.7800E+02  1.6414E-02  1.2938E+00   5.7000E-03
 5.7600E+02  1.6164E-02  1.2912E+00   5.7955E-03
 5.7400E+02  1.5911E-02  1.2886E+00   5.8935E-03
 5.7200E+02  1.5657E-02  1.2860E+00   5.9940E-03
 5.7000E+02  1.5400E-02  1.2833E+00   6.0972E-03
 5.6800E+02  1.5142E-02  1.2806E+00   6.2031E-03
 5.6600E+02  1.4881E-02  1.2778E+00   6.3119E-03
 5.6400E+02  1.4618E-02  1.2750E+00   6.4237E-03
 5.6200E+02  1.4353E-02  1.2721E+00   6.5385E-03
 5.6000E+02  1.4086E-02  1.2692E+00   6.6564E-03
 5.5800E+02  1.3816E-02  1.2663E+00   6.7777E-03
 5.5600E+02  1.3544E-02  1.2633E+00   6.9023E-03
 5.5400E+02  1.3270E-02  1.2603E+00   7.0305E-03
 5.5200E+02  1.2994E-02  1.2572E+00   7.1623E-03
 5.5000E+02  1.2715E-02  1.2541E+00   7.2979E-03
 5.4800E+02  1.2434E-02  1.2509E+00   7.4375E-03
 5.4600E+02  1.2151E-02  1.2476E+00   7.5811E-03
 5.4400E+02  1.1865E-02  1.2443E+00   7.7291E-03
 5.4200E+02  1.1577E-02  1.2410E+00   7.8814E-03
 5.4000E+02  1.1287E-02  1.2376E+00   8.0384E-03
 5.3800E+02  1.0995E-02  1.2341E+00   8.2001E-03
 5.3600E+02  1.0700E-02  1.2306E+00   8.3668E-03
 5.3400E+02  1.0403E-02  1.2270E+00   8.5388E-03
 5.3200E+02  1.0104E-02  1.2233E+00   8.7161E-03
 5.3000E+02  9.8029E-03  1.2196E+00   8.8991E-03
 5.2800E+02  9.4997E-03  1.2158E+00   9.0880E-03
 5.2600E+02  9.1946E-03  1.2119E+00   9.2831E-03
 5.2400E+02  8.8876E-03  1.2079E+00   9.4846E-03
 5.2200E+02  8.5787E-03  1.2039E+00   9.6928E-03
 5.2000E+02  8.2682E-03  1.1998E+00   9.9080E-03
 5.1800E+02  7.9562E-03  1.1956E+00   1.0131E-02
 5.1600E+02  7.6427E-03  1.1913E+00   1.0361E-02
 5.1400E+02  7.3279E-03  1.1869E+00   1.0599E-02
 5.1200E+02  7.0122E-03  1.1824E+00   1.0846E-02
 5.1000E+02  6.6955E-03  1.1779E+00   1.1102E-02
 5.0800E+02  6.3782E-03  1.1732E+00   1.1366E-02
 5.0600E+02  6.0606E-03  1.1684E+00   1.1641E-02
 5.0400E+02  5.7430E-03  1.1635E+00   1.1926E-02
 5.0200E+02  5.4256E-03  1.1585E+00   1.2222E-02
 5.0000E+02  5.1089E-03  1.1534E+00   1.2529E-02
 4.9800E+02  4.7934E-03  1.1482E+00   1.2848E-02
 4.9600E+02  4.4794E-03  1.1428E+00   1.3180E-02
 4.9400E+02  4.1675E-03  1.1373E+00   1.3525E-02
 4.9200E+02  3.8583E-03  1.1317E+00   1.3884E-02
 4.9000E+02  3.5525E-03  1.1259E+00   1.4257E-02
 4.8800E+02  3.2508E-03  1.1200E+00   1.4647E-02
 4.8600E+02  2.9541E-03  1.1139E+00   1.5053E-02
 4.8400E+02  2.6634E-03  1.1077E+00   1.5477E-02
 4.8200E+02  2.3796E-03  1.1013E+00   1.5920E-02
 4.8000E+02  2.1040E-03  1.0947E+00   1.6382E-02
 4.7800E+02  1.8379E-03  1.0879E+00   1.6866E-02
 4.7600E+02  1.5829E-03  1.0810E+00   1.7372E-02
 4.7400E+02  1.3405E-03  1.0738E+00   1.7903E-02
 4.7200E+02  1.1128E-03  1.0664E+00   1.8459E-02
 4.7000E+02  9.0181E-04  1.0588E+00   1.9042E-02
 4.6800E+02  7.1005E-04  1.0510E+00   1.9655E-02
 4.6600E+02  5.4023E-04  1.0429E+00   2.0299E-02
 4.6400E+02  3.9549E-04  1.0346E+00   2.0977E-02
 4.6200E+02  2.7936E-04  1.0260E+00   2.1692E-02
 4.6000E+02  1.9587E-04  1.0171E+00   2.2445E-02
 4.5800E+02  1.4960E-04  1.0079E+00   2.3241E-02
 4.5600E+02  1.4581E-04  9.9844E-01   2.4083E-02
 4.5400E+02  1.9051E-04  9.8861E-01   2.4975E-02
 4.5200E+02  2.9059E-04  9.7842E-01   2.5921E-02
 4.5000E+02  4.5401E-04  9.6785E-01   2.6925E-02
 4.4800E+02  6.8994E-04  9.5688E-01   2.7994E-02
 4.4600E+02  1.0090E-03  9.4549E-01   2.9133E-02
 4.4400E+02  1.4237E-03  9.3364E-01   3.0350E-02
 4.4200E+02  1.9483E-03  9.2131E-01   3.1652E-02
 4.4000E+02  2.5999E-03  9.0846E-01   3.3048E-02
 4.3800E+02  3.3984E-03  8.9505E-01   3.4548E-02
 4.3600E+02  4.3675E-03  8.8104E-01   3.6166E-02
 4.3400E+02  5.5352E-03  8.6639E-01   3.7914E-02
 4.3200E+02  6.9352E-03  8.5104E-01   3.9809E-02
 4.3000E+02  8.6081E-03  8.3494E-01   4.1870E-02
 4.2800E+02  1.0603E-02  8.1802E-01   4.4120E-02
 4.2600E+02  1.2980E-02  8.0020E-01   4.6587E-02
 4.2400E+02  1.5812E-02  7.8140E-01   4.9304E-02
 4.2200E+02  1.9193E-02  7.6152E-01   5.2313E-02
 4.2000E+02  2.3237E-02  7.4046E-01   5.5664E-02
 4.1800E+02  2.8090E-02  7.1807E-01   5.9422E-02
 4.1600E+02  3.3943E-02  6.9420E-01   6.3669E-02
 4.1400E+02  4.1041E-02  6.6868E-01   6.8513E-02
 4.1200E+02  4.9710E-02  6.4127E-01   7.4098E-02
 4.1000E+02  6.0392E-02  6.1171E-01   8.0622E-02
 4.0800E+02  7.3690E-02  5.7969E-01   8.8362E-02
 4.0600E+02  9.0455E-02  5.4483E-01   9.7721E-02
 4.0400E+02  1.1190E-01  5.0665E-01   1.0931E-01
 4.0200E+02  1.3976E-01  4.6467E-01   1.2407E-01
 4.0000E+02  1.7650E-01  4.1848E-01   1.4354E-01
 3.9800E+02  2.2523E-01  3.6819E-01   1.7012E-01
 3.9600E+02  2.8826E-01  3.1561E-01   2.0714E-01
 3.9400E+02  3.6269E-01  2.6580E-01   2.5695E-01
 3.9200E+02  4.3741E-01  2.2530E-01   3.1701E-01
 3.9000E+02  5.0187E-01  1.9629E-01   3.8090E-01
 3.8800E+02  5.5360E-01  1.7646E-01   4.4401E-01
 3.8600E+02  5.9465E-01  1.6285E-01   5.0476E-01
 3.8400E+02  6.2765E-01  1.5334E-01   5.6308E-01
 3.8200E+02  6.5467E-01  1.4662E-01   6.1934E-01
 3.8000E+02  6.7719E-01  1.4189E-01   6.7398E-01
 3.7800E+02  6.9626E-01  1.3863E-01   7.2743E-01
 3.7600E+02  7.1259E-01  1.3653E-01   7.8005E-01
 3.7400E+02  7.2675E-01  1.3537E-01   8.3217E-01
 3.7200E+02  7.3911E-01  1.3500E-01   8.8406E-01
 3.7000E+02  7.4998E-01  1.3533E-01   9.3598E-01
 3.6800E+02  7.5959E-01  1.3629E-01   9.8816E-01
 3.6600E+02  7.6812E-01  1.3785E-01   1.0408E+00
 3.6400E+02  7.7572E-01  1.3999E-01   1.0942E+00
 3.6200E+02  7.8251E-01  1.4271E-01   1.1484E+00
 3.6000E+02  7.8856E-01  1.4602E-01   1.2038E+00
 3.5800E+02  7.9396E-01  1.4995E-01   1.2604E+00
 3.5600E+02  7.9877E-01  1.5454E-01   1.3187E+00
 3.5400E+02  8.0304E-01  1.5984E-01   1.3788E+00
 3.5200E+02  8.0681E-01  1.6593E-01   1.4409E+00
 3.5000E+02  8.1011E-01  1.7290E-01   1.5055E+00
 3.4800E+02  8.1295E-01  1.8087E-01   1.5727E+00
 3.4600E+02  8.1537E-01  1.8997E-01   1.6431E+00
 3.4400E+02  8.1737E-01  2.0038E-01   1.7170E+00
 3.4200E+02  8.1895E-01  2.1234E-01   1.7949E+00
 3.4000E+02  8.2012E-01  2.2611E-01   1.8774E+00
 3.3800E+02  8.2085E-01  2.4207E-01   1.9652E+00
 3.3600E+02  8.2114E-01  2.6066E-01   2.0592E+00
 3.3400E+02  8.2096E-01  2.8248E-01   2.1602E+00
 3.3200E+02  8.2027E-01  3.0832E-01   2.2694E+00
 3.3000E+02  8.1901E-01  3.3924E-01   2.3883E+00
 3.2800E+02  8.1712E-01  3.7667E-01   2.5186E+00
 3.2600E+02  8.1450E-01  4.2262E-01   2.6626E+00
 3.2400E+02  8.1101E-01  4.7996E-01   2.8228E+00
 3.2200E+02  8.0648E-01  5.5288E-01   3.0028E+00
 3.2000E+02  8.0066E-01  6.4771E-01   3.2066E+00
 3.1800E+02  7.9319E-01  7.7434E-01   3.4392E+00
 3.1600E+02  7.8354E-01  9.4867E-01   3.7059E+00
 3.1400E+02  7.7094E-01  1.1971E+00   4.0097E+00
 3.1200E+02  7.5419E-01  1.5637E+00   4.3443E+00
 3.1000E+02  7.3149E-01  2.1177E+00   4.6720E+00
 3.0800E+02  7.0035E-01  2.9367E+00   4.8687E+00
 3.0600E+02  6.5867E-01  3.9758E+00   4.6727E+00
 3.0400E+02  6.0799E-01  4.8539E+00   3.9064E+00
 3.0200E+02  5.5514E-01  5.1813E+00   2.8947E+00
 3.0000E+02  5.0667E-01  5.0739E+00   2.0610E+00
 2.9800E+02  4.6488E-01  4.8037E+00   1.4914E+00
 2.9600E+02  4.2941E-01  4.5126E+00   1.1163E+00
 2.9400E+02  3.9923E-01  4.2466E+00   8.6451E-01
 2.9200E+02  3.7330E-01  4.0151E+00   6.8960E-01
 2.9000E+02  3.5079E-01  3.8159E+00   5.6382E-01
 2.8800E+02  3.3105E-01  3.6444E+00   4.7051E-01
 2.8600E+02  3.1359E-01  3.4958E+00   3.9938E-01
 2.8400E+02  2.9802E-01  3.3659E+00   3.4389E-01
 2.8200E+02  2.8402E-01  3.2516E+00   2.9973E-01
 2.8000E+02  2.7137E-01  3.1502E+00   2.6398E-01
 2.7800E+02  2.5986E-01  3.0595E+00   2.3462E-01
 2.7600E+02  2.4933E-01  2.9779E+00   2.1018E-01
 2.7400E+02  2.3966E-01  2.9040E+00   1.8962E-01
 2.7200E+02  2.3073E-01  2.8368E+00   1.7214E-01
 2.7000E+02  2.2246E-01  2.7752E+00   1.5716E-01
 2.6800E+02  2.1476E-01  2.7185E+00   1.4421E-01
 2.6600E+02  2.0759E-01  2.6662E+00   1.3294E-01
 2.6400E+02  2.0086E-01  2.6176E+00   1.2308E-01
 2.6200E+02  1.9455E-01  2.5723E+00   1.1439E-01
 2.6000E+02  1.8860E-01  2.5300E+00   1.0671E-01
 2.5800E+02  1.8299E-01  2.4903E+00   9.9877E-02
 2.5600E+02  1.7767E-01  2.4530E+00   9.3782E-02
 2.5400E+02  1.7262E-01  2.4177E+00   8.8323E-02
 2.5200E+02  1.6781E-01  2.3843E+00   8.3418E-02
 2.5000E+02  1.6323E-01  2.3526E+00   7.8998E-02
 2.4800E+02  1.5885E-01  2.3224E+00   7.5006E-02
 2.4600E+02  1.5465E-01  2.2935E+00   7.1393E-02
 2.4400E+02  1.5061E-01  2.2659E+00   6.8116E-02
 2.4200E+02  1.4673E-01  2.2394E+00   6.5140E-02
 2.4000E+02  1.4298E-01  2.2139E+00   6.2435E-02
 2.3800E+02  1.3936E-01  2.1893E+00   5.9974E-02
 2.3600E+02  1.3586E-01  2.1656E+00   5.7734E-02
 2.3400E+02  1.3246E-01  2.1425E+00   5.5697E-02
 2.3200E+02  1.2915E-01  2.1202E+00   5.3843E-02
 2.3000E+02  1.2592E-01  2.0984E+00   5.2160E-02
 2.2800E+02  1.2277E-01  2.0772E+00   5.0634E-02
 2.2600E+02  1.1969E-01  2.0564E+00   4.9253E-02
 2.2400E+02  1.1667E-01  2.0361E+00   4.8009E-02
 2.2200E+02  1.1371E-01  2.0161E+00   4.6893E-02
 2.2000E+02  1.1079E-01  1.9964E+00   4.5898E-02
 2.1800E+02  1.0790E-01  1.9770E+00   4.5019E-02
 2.1600E+02  1.0506E-01  1.9578E+00   4.4249E-02
 2.1400E+02  1.0223E-01  1.9387E+00   4.3586E-02
 2.1200E+02  9.9435E-02  1.9198E+00   4.3026E-02
 2.1000E+02  9.6649E-02  1.9010E+00   4.2566E-02
 2.0800E+02  9.3873E-02  1.8821E+00   4.2206E-02
 2.0600E+02  9.1101E-02  1.8633E+00   4.1944E-02
 2.0400E+02  8.8326E-02  1.8444E+00   4.1781E-02
 2.0200E+02  8.5543E-02  1.8254E+00   4.1717E-02
 2.0000E+02  8.2746E-02  1.8062E+00   4.1755E-02
 1.9800E+02  7.9930E-02  1.7869E+00   4.1897E-02
 1.9600E+02  7.7087E-02  1.7672E+00   4.2146E-02
 1.9400E+02  7.4213E-02  1.7473E+00   4.2507E-02
 1.9200E+02  7.1301E-02  1.7270E+00   4.2987E-02
 1.9000E+02  6.8345E-02  1.7062E+00   4.3592E-02
 1.8800E+02  6.5338E-02  1.6850E+00   4.4332E-02
 1.8600E+02  6.2274E-02  1.6631E+00   4.5216E-02
 1.8400E+02  5.9147E-02  1.6406E+00   4.6258E-02
 1.8200E+02  5.5951E-02  1.6174E+00   4.7472E-02
 1.8000E+02  5.2678E-02  1.5933E+00   4.8877E-02
 1.7800E+02  4.9325E-02  1.5683E+00   5.0495E-02
 1.7600E+02  4.5884E-02  1.5421E+00   5.2352E-02
 1.7400E+02  4.2354E-02  1.5148E+00   5.4478E-02
 1.7200E+02  3.8732E-02  1.4861E+00   5.6914E-02
 1.7000E+02  3.5019E-02  1.4558E+00   5.9706E-02
 1.6800E+02  3.1220E-02  1.4238E+00   6.2912E-02
 1.6600E+02  2.7349E-02  1.3897E+00   6.6607E-02
 1.6400E+02  2.3429E-02  1.3533E+00   7.0883E-02
 1.6200E+02  1.9499E-02  1.3143E+00   7.5861E-02
 1.6000E+02  1.5627E-02  1.2722E+00   8.1699E-02
 1.5800E+02  1.1919E-02  1.2266E+00   8.8610E-02
 1.5600E+02  8.5524E-03  1.1767E+00   9.6886E-02
 1.5400E+02  5.8194E-03  1.1218E+00   1.0694E-01
 1.5200E+02  4.2136E-03  1.0608E+00   1.1940E-01
 1.5000E+02  4.5977E-03  9.9249E-01   1.3520E-01
 1.4800E+02  8.5439E-03  9.1499E-01   1.5593E-01
 1.4600E+02  1.9071E-02  8.2604E-01   1.8432E-01
 1.4400E+02  4.2271E-02  7.2299E-01   2.2562E-01
 1.4200E+02  9.0363E-02  6.0483E-01   2.9013E-01
 1.4000E+02  1.8081E-01  4.8103E-01   3.9414E-01
 1.3800E+02  3.0730E-01  3.8074E-01   5.4049E-01
 1.3600E+02  4.2763E-01  3.1974E-01   7.0198E-01
 1.3400E+02  5.2161E-01  2.8627E-01   8.5971E-01
 1.3200E+02  5.9207E-01  2.6836E-01   1.0113E+00
 1.3000E+02  6.4532E-01  2.5983E-01   1.1589E+00
 1.2800E+02  6.8627E-01  2.5771E-01   1.3053E+00
 1.2600E+02  7.1829E-01  2.6059E-01   1.4529E+00
 1.2400E+02  7.4367E-01  2.6789E-01   1.6040E+00
 1.2200E+02  7.6397E-01  2.7955E-01   1.7608E+00
 1.2000E+02  7.8029E-01  2.9593E-01   1.9257E+00
 1.1800E+02  7.9338E-01  3.1779E-01   2.1014E+00
 1.1600E+02  8.0379E-01  3.4640E-01   2.2910E+00
 1.1400E+02  8.1186E-01  3.8372E-01   2.4987E+00
 1.1200E+02  8.1782E-01  4.3282E-01   2.7295E+00
 1.1000E+02  8.2175E-01  4.9851E-01   2.9902E+00
 1.0800E+02  8.2360E-01  5.8870E-01   3.2902E+00
 1.0600E+02  8.2314E-01  7.1698E-01   3.6425E+00
 1.0400E+02  8.1983E-01  9.0830E-01   4.0649E+00
 1.0200E+02  8.1268E-01  1.2118E+00   4.5809E+00
 1.0000E+02  7.9975E-01  1.7316E+00   5.2085E+00
 9.8000E+01  7.7718E-01  2.6929E+00   5.8911E+00
 9.6000E+01  7.3809E-01  4.4196E+00   6.1746E+00
 9.4000E+01  6.7808E-01  6.3140E+00   4.9960E+00
 9.2000E+01  6.1138E-01  6.7377E+00   3.0787E+00
 9.0000E+01  5.5447E-01  6.2732E+00   1.8498E+00
 8.8000E+01  5.0940E-01  5.7277E+00   1.1989E+00
 8.6000E+01  4.7353E-01  5.2755E+00   8.3656E-01
 8.4000E+01  4.4439E-01  4.9185E+00   6.1770E-01
 8.2000E+01  4.2026E-01  4.6350E+00   4.7584E-01
 8.0000E+01  3.9991E-01  4.4062E+00   3.7856E-01
 7.8000E+01  3.8252E-01  4.2182E+00   3.0882E-01
 7.6000E+01  3.6746E-01  4.0612E+00   2.5700E-01
 7.4000E+01  3.5431E-01  3.9283E+00   2.1736E-01
 7.2000E+01  3.4271E-01  3.8143E+00   1.8630E-01
 7.0000E+01  3.3242E-01  3.7156E+00   1.6146E-01
 6.8000E+01  3.2322E-01  3.6293E+00   1.4125E-01
 6.6000E+01  3.1496E-01  3.5533E+00   1.2456E-01
 6.4000E+01  3.0751E-01  3.4858E+00   1.1059E-01
 6.2000E+01  3.0075E-01  3.4257E+00   9.8773E-02
 6.0000E+01  2.9461E-01  3.3717E+00   8.8666E-02
 5.8000E+01  2.8902E-01  3.3232E+00   7.9945E-02
 5.6000E+01  2.8390E-01  3.2792E+00   7.2355E-02
 5.4000E+01  2.7920E-01  3.2394E+00   6.5699E-02
 5.2000E+01  2.7490E-01  3.2031E+00   5.9821E-02
 5.0000E+01  2.7093E-01  3.1701E+00   5.4597E-02
 4.8000E+01  2.6728E-01  3.1399E+00   4.9925E-02
 4.6000E+01  2.6392E-01  3.1122E+00   4.5723E-02
 4.4000E+01  2.6082E-01  3.0869E+00   4.1923E-02
 4.2000E+01  2.5795E-01  3.0636E+00   3.8469E-02
 4.0000E+01  2.5531E-01  3.0423E+00   3.5315E-02
 3.8000E+01  2.5288E-01  3.0227E+00   3.2420E-02
 3.6000E+01  2.5063E-01  3.0047E+00   2.9752E-02
 3.4000E+01  2.4856E-01  2.9882E+00   2.7280E-02
 3.2000E+01  2.4665E-01  2.9731E+00   2.4982E-02
 3.0000E+01  2.4491E-01  2.9593E+00   2.2835E-02
