From:	IO::"memilham@CRDEC-VAX4.ARPA" 15-JUN-1988 13:38
To:	HAL::DALTON
Subj:	Optical Constants: Dixon KS-2 Graphite

Received: from CRDEC-VAX4.ARPA by ames-io.ARPA with INTERNET ;
          Wed, 15 Jun 88 10:29:11 PDT
Date:     Wed, 15 Jun 88 9:16:25 EDT
From:     "Merrill E. Milham" <memilham@CRDEC-VAX4.ARPA>
To:       dalton%hal@AMES-IO.ARPA
Subject:  Optical Constants: Dixon KS-2 Graphite
Message-ID:  <8806150916.aa10235@CRDEC-VAX4.CRDEC-VAX4.ARPA>
 
DIXON KS-2 GRAPHITE PELLET    M.R.QUERRY
        wn      wl       n       k       Dn      Dk     R
      (cm-1)   (um)
      180.00 55.5556  12.972   9.768   0.854   1.415 0.82250 NKDKS2
      190.00 52.6316  12.172   9.771   0.770   1.323 0.82004 NKDKS2
      200.00 50.0000  11.393   9.614   0.689   1.200 0.81583 NKDKS2
      210.00 47.6190  10.808   9.430   0.634   1.105 0.81177 NKDKS2
      220.00 45.4545  10.256   9.141   0.588   1.009 0.80601 NKDKS2
      230.00 43.4783   9.937   8.853   0.566   0.948 0.80041 NKDKS2
      240.00 41.6667   9.608   8.714   0.539   0.896 0.79724 NKDKS2
      250.00 40.0000   9.220   8.502   0.510   0.833 0.79252 NKDKS2
      260.00 38.4615   8.938   8.265   0.492   0.784 0.78723 NKDKS2
      270.00 37.0370   8.712   8.068   0.478   0.746 0.78264 NKDKS2
      280.00 35.7143   8.495   7.897   0.464   0.711 0.77847 NKDKS2
      290.00 34.4828   8.307   7.717   0.453   0.681 0.77396 NKDKS2
      300.00 33.3333   8.146   7.612   0.442   0.656 0.77117 NKDKS2
      310.00 32.2581   7.909   7.502   0.425   0.623 0.76809 NKDKS2
      320.00 31.2500   7.699   7.334   0.413   0.591 0.76347 NKDKS2
      330.00 30.3030   7.545   7.177   0.404   0.568 0.75899 NKDKS2
      340.00 29.4118   7.384   7.040   0.394   0.544 0.75495 NKDKS2
      350.00 28.5714   7.242   6.881   0.387   0.523 0.75012 NKDKS2
      360.00 27.7778   7.117   6.754   0.380   0.505 0.74611 NKDKS2
      370.00 27.0270   6.991   6.620   0.373   0.487 0.74175 NKDKS2
      380.00 26.3158   6.888   6.490   0.367   0.472 0.73741 NKDKS2
      390.00 25.6410   6.783   6.372   0.361   0.458 0.73330 NKDKS2
      400.00 25.0000   6.690   6.252   0.356   0.445 0.72906 NKDKS2
      410.00 24.3902   6.611   6.135   0.352   0.434 0.72482 NKDKS2
      420.00 23.8095   6.537   6.033   0.348   0.424 0.72100 NKDKS2
      430.00 23.2558   6.461   5.946   0.343   0.414 0.71761 NKDKS2
      440.00 22.7273   6.372   5.853   0.338   0.402 0.71391 NKDKS2
      450.00 22.2222   6.306   5.748   0.334   0.394 0.70971 NKDKS2
      460.00 21.7391   6.253   5.663   0.331   0.387 0.70622 NKDKS2
      470.00 21.2766   6.182   5.581   0.327   0.378 0.70269 NKDKS2
      480.00 20.8333   6.124   5.490   0.324   0.370 0.69880 NKDKS2
      490.00 20.4082   6.068   5.410   0.320   0.363 0.69528 NKDKS2
      500.00 20.0000   6.023   5.326   0.317   0.357 0.69154 NKDKS2
      510.00 19.6078   5.981   5.261   0.315   0.352 0.68857 NKDKS2
      520.00 19.2308   5.926   5.193   0.311   0.346 0.68536 NKDKS2
      530.00 18.8679   5.884   5.115   0.309   0.340 0.68169 NKDKS2
      540.00 18.5185   5.848   5.049   0.306   0.336 0.67854 NKDKS2
      550.00 18.1818   5.817   4.984   0.304   0.332 0.67542 NKDKS2
      560.00 17.8571   5.781   4.936   0.302   0.328 0.67303 NKDKS2
      570.00 17.5439   5.738   4.874   0.299   0.323 0.66986 NKDKS2
      580.00 17.2414   5.708   4.813   0.296   0.319 0.66677 NKDKS2
      590.00 16.9492   5.681   4.762   0.295   0.316 0.66417 NKDKS2
      600.00 16.6667   5.652   4.719   0.293   0.312 0.66187 NKDKS2
      610.00 16.3934   5.614   4.664   0.290   0.308 0.65895 NKDKS2
      620.00 16.1290   5.596   4.616   0.288   0.306 0.65642 NKDKS2
      630.00 15.8730   5.572   4.579   0.287   0.303 0.65442 NKDKS2
      640.00 15.6250   5.535   4.544   0.284   0.299 0.65236 NKDKS2
      650.00 15.3846   5.501   4.491   0.282   0.295 0.64937 NKDKS2
      660.00 15.1515   5.480   4.449   0.280   0.293 0.64706 NKDKS2
      670.00 14.9254   5.457   4.405   0.278   0.290 0.64457 NKDKS2
      680.00 14.7059   5.441   4.365   0.277   0.288 0.64233 NKDKS2
      690.00 14.4928   5.422   4.328   0.275   0.286 0.64026 NKDKS2
      700.00 14.2857   5.408   4.301   0.274   0.284 0.63869 NKDKS2
      710.00 14.0845   5.381   4.279   0.273   0.282 0.63723 NKDKS2
      720.00 13.8889   5.352   4.243   0.270   0.278 0.63496 NKDKS2
      730.00 13.6986   5.336   4.211   0.269   0.277 0.63311 NKDKS2
      740.00 13.5135   5.311   4.186   0.268   0.274 0.63146 NKDKS2
      750.00 13.3333   5.291   4.152   0.266   0.272 0.62939 NKDKS2
      760.00 13.1579   5.275   4.125   0.265   0.270 0.62773 NKDKS2
      770.00 12.9870   5.255   4.103   0.263   0.268 0.62630 NKDKS2
      780.00 12.8205   5.228   4.077   0.262   0.266 0.62448 NKDKS2
      790.00 12.6582   5.211   4.046   0.260   0.264 0.62256 NKDKS2
      800.00 12.5000   5.196   4.026   0.259   0.262 0.62124 NKDKS2
      810.00 12.3457   5.177   4.001   0.258   0.260 0.61958 NKDKS2
      820.00 12.1951   5.158   3.978   0.256   0.258 0.61804 NKDKS2
      830.00 12.0482   5.140   3.954   0.255   0.257 0.61646 NKDKS2
      840.00 11.9048   5.126   3.933   0.254   0.255 0.61503 NKDKS2
      850.00 11.7647   5.116   3.917   0.253   0.254 0.61396 NKDKS2
      860.00 11.6279   5.099   3.913   0.252   0.253 0.61348 NKDKS2
      870.00 11.4943   5.059   3.888   0.250   0.249 0.61152 NKDKS2
      880.00 11.3636   5.049   3.854   0.249   0.248 0.60936 NKDKS2
      890.00 11.2360   5.035   3.842   0.248   0.247 0.60845 NKDKS2
      900.00 11.1111   5.019   3.825   0.247   0.245 0.60723 NKDKS2
      910.00 10.9890   5.003   3.807   0.246   0.243 0.60594 NKDKS2
      920.00 10.8696   4.986   3.794   0.245   0.242 0.60488 NKDKS2
      930.00 10.7527   4.969   3.779   0.244   0.240 0.60372 NKDKS2
      940.00 10.6383   4.948   3.770   0.243   0.239 0.60285 NKDKS2
      950.00 10.5263   4.924   3.749   0.241   0.237 0.60128 NKDKS2
      960.00 10.4167   4.911   3.732   0.240   0.235 0.60003 NKDKS2
      970.00 10.3093   4.892   3.716   0.239   0.234 0.59871 NKDKS2
      980.00 10.2041   4.878   3.700   0.238   0.232 0.59755 NKDKS2
      990.00 10.1010   4.859   3.686   0.237   0.231 0.59637 NKDKS2
     1000.00 10.0000   4.843   3.670   0.236   0.229 0.59513 NKDKS2
     1010.00  9.9010   4.825   3.653   0.235   0.228 0.59378 NKDKS2
     1020.00  9.8039   4.814   3.638   0.234   0.227 0.59267 NKDKS2
     1030.00  9.7087   4.798   3.630   0.233   0.225 0.59185 NKDKS2
     1040.00  9.6154   4.779   3.620   0.232   0.224 0.59092 NKDKS2
     1050.00  9.5238   4.758   3.601   0.231   0.222 0.58937 NKDKS2
     1060.00  9.4340   4.745   3.585   0.230   0.221 0.58813 NKDKS2
     1070.00  9.3458   4.729   3.569   0.229   0.219 0.58687 NKDKS2
     1080.00  9.2593   4.723   3.558   0.228   0.219 0.58601 NKDKS2
     1090.00  9.1743   4.703   3.553   0.227   0.217 0.58538 NKDKS2
     1100.00  9.0909   4.684   3.538   0.226   0.215 0.58407 NKDKS2
     1110.00  9.0090   4.664   3.523   0.225   0.214 0.58274 NKDKS2
     1120.00  8.9286   4.651   3.501   0.224   0.213 0.58103 NKDKS2
     1130.00  8.8496   4.647   3.490   0.223   0.212 0.58027 NKDKS2
     1140.00  8.7719   4.634   3.486   0.223   0.211 0.57974 NKDKS2
     1150.00  8.6957   4.612   3.474   0.222   0.209 0.57859 NKDKS2
     1160.00  8.6207   4.600   3.457   0.221   0.208 0.57723 NKDKS2
     1170.00  8.5470   4.588   3.449   0.220   0.207 0.57644 NKDKS2
     1180.00  8.4746   4.576   3.437   0.219   0.206 0.57542 NKDKS2
     1190.00  8.4034   4.564   3.427   0.219   0.205 0.57453 NKDKS2
     1200.00  8.3333   4.547   3.417   0.218   0.204 0.57360 NKDKS2
     1210.00  8.2645   4.533   3.401   0.217   0.203 0.57223 NKDKS2
     1220.00  8.1967   4.528   3.391   0.216   0.202 0.57146 NKDKS2
     1230.00  8.1301   4.511   3.389   0.216   0.201 0.57096 NKDKS2
     1240.00  8.0645   4.494   3.370   0.214   0.199 0.56936 NKDKS2
     1250.00  8.0000   4.490   3.361   0.214   0.199 0.56862 NKDKS2
     1260.00  7.9365   4.473   3.352   0.213   0.198 0.56774 NKDKS2
     1270.00  7.8740   4.465   3.336   0.212   0.197 0.56646 NKDKS2
     1280.00  7.8125   4.457   3.333   0.212   0.196 0.56604 NKDKS2
     1290.00  7.7519   4.443   3.324   0.211   0.195 0.56515 NKDKS2
     1300.00  7.6923   4.433   3.314   0.211   0.194 0.56426 NKDKS2
     1310.00  7.6336   4.423   3.306   0.210   0.194 0.56352 NKDKS2
     1320.00  7.5758   4.412   3.296   0.209   0.193 0.56261 NKDKS2
     1330.00  7.5188   4.406   3.291   0.209   0.192 0.56209 NKDKS2
     1340.00  7.4627   4.393   3.285   0.208   0.191 0.56146 NKDKS2
     1350.00  7.4074   4.382   3.279   0.208   0.190 0.56083 NKDKS2
     1360.00  7.3529   4.370   3.273   0.207   0.190 0.56014 NKDKS2
     1370.00  7.2993   4.359   3.268   0.207   0.189 0.55957 NKDKS2
     1380.00  7.2464   4.345   3.261   0.206   0.188 0.55880 NKDKS2
     1390.00  7.1942   4.334   3.255   0.205   0.187 0.55813 NKDKS2
     1400.00  7.1429   4.322   3.246   0.205   0.186 0.55723 NKDKS2
     1410.00  7.0922   4.313   3.240   0.204   0.185 0.55666 NKDKS2
     1420.00  7.0423   4.298   3.235   0.204   0.184 0.55600 NKDKS2
     1430.00  6.9930   4.288   3.226   0.203   0.183 0.55512 NKDKS2
     1440.00  6.9444   4.280   3.223   0.203   0.183 0.55473 NKDKS2
     1450.00  6.8966   4.264   3.218   0.202   0.181 0.55401 NKDKS2
     1460.00  6.8493   4.256   3.207   0.201   0.181 0.55305 NKDKS2
     1470.00  6.8027   4.247   3.204   0.201   0.180 0.55271 NKDKS2
     1480.00  6.7568   4.234   3.201   0.200   0.179 0.55222 NKDKS2
     1490.00  6.7114   4.220   3.194   0.200   0.178 0.55137 NKDKS2
     1500.00  6.6667   4.208   3.188   0.199   0.177 0.55071 NKDKS2
     1510.00  6.6225   4.198   3.180   0.199   0.176 0.54989 NKDKS2
     1520.00  6.5789   4.189   3.174   0.198   0.176 0.54931 NKDKS2
     1530.00  6.5359   4.177   3.173   0.198   0.175 0.54896 NKDKS2
     1540.00  6.4935   4.162   3.162   0.197   0.174 0.54783 NKDKS2
     1550.00  6.4516   4.162   3.154   0.197   0.174 0.54719 NKDKS2
     1560.00  6.4103   4.155   3.156   0.196   0.173 0.54724 NKDKS2
     1570.00  6.3694   4.145   3.161   0.196   0.172 0.54741 NKDKS2
     1580.00  6.3291   4.125   3.171   0.196   0.171 0.54782 NKDKS2
     1590.00  6.2893   4.085   3.162   0.194   0.168 0.54643 NKDKS2
     1600.00  6.2500   4.069   3.129   0.193   0.167 0.54346 NKDKS2
     1610.00  6.2112   4.073   3.115   0.193   0.167 0.54246 NKDKS2
     1620.00  6.1728   4.068   3.113   0.192   0.167 0.54217 NKDKS2
     1630.00  6.1350   4.059   3.105   0.192   0.166 0.54139 NKDKS2
     1640.00  6.0976   4.054   3.103   0.192   0.166 0.54109 NKDKS2
     1650.00  6.0606   4.040   3.099   0.191   0.165 0.54050 NKDKS2
     1660.00  6.0241   4.034   3.095   0.191   0.164 0.54007 NKDKS2
     1670.00  5.9880   4.019   3.090   0.190   0.163 0.53941 NKDKS2
     1680.00  5.9524   4.013   3.082   0.190   0.163 0.53862 NKDKS2
     1690.00  5.9172   4.001   3.081   0.189   0.162 0.53834 NKDKS2
     1700.00  5.8824   3.991   3.071   0.189   0.161 0.53732 NKDKS2
     1710.00  5.8480   3.986   3.069   0.188   0.161 0.53708 NKDKS2
     1720.00  5.8140   3.973   3.069   0.188   0.160 0.53682 NKDKS2
     1730.00  5.7803   3.959   3.065   0.187   0.159 0.53618 NKDKS2
     1740.00  5.7471   3.948   3.055   0.187   0.158 0.53521 NKDKS2
     1750.00  5.7143   3.944   3.051   0.186   0.157 0.53474 NKDKS2
     1760.00  5.6818   3.935   3.050   0.186   0.157 0.53453 NKDKS2
     1770.00  5.6497   3.922   3.046   0.186   0.156 0.53393 NKDKS2
     1780.00  5.6180   3.913   3.040   0.185   0.155 0.53327 NKDKS2
     1790.00  5.5866   3.902   3.040   0.185   0.154 0.53307 NKDKS2
     1800.00  5.5556   3.890   3.034   0.184   0.154 0.53238 NKDKS2
     1810.00  5.5249   3.882   3.030   0.184   0.153 0.53184 NKDKS2
     1820.00  5.4945   3.869   3.028   0.184   0.152 0.53146 NKDKS2
     1830.00  5.4645   3.856   3.022   0.183   0.151 0.53068 NKDKS2
     1840.00  5.4348   3.846   3.017   0.182   0.150 0.53011 NKDKS2
     1850.00  5.4054   3.838   3.010   0.182   0.150 0.52935 NKDKS2
     1860.00  5.3763   3.829   3.010   0.182   0.149 0.52919 NKDKS2
     1870.00  5.3476   3.817   3.006   0.181   0.148 0.52859 NKDKS2
     1880.00  5.3191   3.807   3.003   0.181   0.147 0.52822 NKDKS2
     1890.00  5.2910   3.793   3.000   0.180   0.146 0.52769 NKDKS2
     1900.00  5.2632   3.783   2.994   0.180   0.146 0.52696 NKDKS2
     1910.00  5.2356   3.773   2.991   0.180   0.145 0.52652 NKDKS2
     1920.00  5.2083   3.760   2.988   0.179   0.144 0.52602 NKDKS2
     1930.00  5.1813   3.748   2.982   0.179   0.143 0.52531 NKDKS2
     1940.00  5.1546   3.738   2.977   0.178   0.142 0.52466 NKDKS2
     1950.00  5.1282   3.726   2.974   0.178   0.142 0.52420 NKDKS2
     1960.00  5.1020   3.714   2.970   0.177   0.141 0.52361 NKDKS2
     1970.00  5.0761   3.702   2.965   0.177   0.140 0.52302 NKDKS2
     1980.00  5.0505   3.691   2.961   0.176   0.139 0.52241 NKDKS2
     1990.00  5.0251   3.672   2.959   0.176   0.138 0.52197 NKDKS2
     2000.00  5.0000   3.653   2.942   0.175   0.136 0.52011 NKDKS2
     2010.00  4.9751   3.650   2.928   0.174   0.136 0.51867 NKDKS2
     2020.00  4.9505   3.648   2.923   0.174   0.136 0.51816 NKDKS2
     2030.00  4.9261   3.639   2.921   0.173   0.135 0.51791 NKDKS2
     2040.00  4.9020   3.627   2.915   0.173   0.134 0.51710 NKDKS2
     2050.00  4.8780   3.616   2.907   0.172   0.134 0.51622 NKDKS2
     2060.00  4.8544   3.610   2.900   0.172   0.133 0.51537 NKDKS2
     2070.00  4.8309   3.604   2.899   0.172   0.133 0.51522 NKDKS2
     2080.00  4.8077   3.590   2.894   0.171   0.132 0.51456 NKDKS2
     2090.00  4.7847   3.581   2.887   0.171   0.131 0.51367 NKDKS2
     2100.00  4.7619   3.570   2.883   0.170   0.130 0.51311 NKDKS2
     2110.00  4.7393   3.562   2.872   0.170   0.130 0.51192 NKDKS2
     2120.00  4.7170   3.556   2.868   0.169   0.129 0.51143 NKDKS2
     2130.00  4.6948   3.547   2.863   0.169   0.129 0.51085 NKDKS2
     2140.00  4.6729   3.537   2.859   0.169   0.128 0.51031 NKDKS2
     2150.00  4.6512   3.528   2.853   0.168   0.127 0.50957 NKDKS2
     2160.00  4.6296   3.519   2.851   0.168   0.127 0.50921 NKDKS2
     2170.00  4.6083   3.506   2.845   0.167   0.126 0.50841 NKDKS2
     2180.00  4.5872   3.498   2.837   0.167   0.125 0.50747 NKDKS2
     2190.00  4.5662   3.488   2.828   0.166   0.125 0.50648 NKDKS2
     2200.00  4.5455   3.482   2.822   0.166   0.124 0.50575 NKDKS2
     2210.00  4.5249   3.471   2.817   0.166   0.123 0.50512 NKDKS2
     2220.00  4.5045   3.464   2.810   0.165   0.123 0.50421 NKDKS2
     2230.00  4.4843   3.456   2.806   0.165   0.122 0.50375 NKDKS2
     2240.00  4.4643   3.447   2.801   0.164   0.122 0.50308 NKDKS2
     2250.00  4.4444   3.437   2.796   0.164   0.121 0.50238 NKDKS2
     2260.00  4.4248   3.427   2.788   0.163   0.120 0.50142 NKDKS2
     2270.00  4.4053   3.419   2.782   0.163   0.120 0.50070 NKDKS2
     2280.00  4.3860   3.408   2.778   0.163   0.119 0.50016 NKDKS2
     2290.00  4.3668   3.393   2.772   0.162   0.118 0.49924 NKDKS2
     2300.00  4.3478   3.379   2.758   0.161   0.117 0.49763 NKDKS2
     2310.00  4.3290   3.366   2.746   0.160   0.116 0.49614 NKDKS2
     2320.00  4.3103   3.356   2.720   0.159   0.116 0.49332 NKDKS2
     2330.00  4.2918   3.361   2.701   0.159   0.116 0.49139 NKDKS2
     2340.00  4.2735   3.368   2.685   0.158   0.117 0.48986 NKDKS2
     2350.00  4.2553   3.367   2.678   0.158   0.117 0.48908 NKDKS2
     2360.00  4.2373   3.383   2.653   0.158   0.118 0.48677 NKDKS2
     2370.00  4.2194   3.417   2.669   0.159   0.120 0.48914 NKDKS2
     2380.00  4.2017   3.416   2.701   0.160   0.120 0.49232 NKDKS2
     2390.00  4.1841   3.392   2.715   0.160   0.118 0.49341 NKDKS2
     2400.00  4.1667   3.376   2.710   0.159   0.117 0.49255 NKDKS2
     2410.00  4.1494   3.366   2.708   0.159   0.117 0.49218 NKDKS2
     2420.00  4.1322   3.352   2.706   0.159   0.116 0.49177 NKDKS2
     2430.00  4.1152   3.343   2.698   0.158   0.115 0.49073 NKDKS2
     2440.00  4.0984   3.335   2.694   0.158   0.114 0.49019 NKDKS2
     2450.00  4.0816   3.328   2.690   0.158   0.114 0.48964 NKDKS2
     2460.00  4.0650   3.318   2.688   0.157   0.113 0.48927 NKDKS2
     2470.00  4.0486   3.311   2.682   0.157   0.113 0.48846 NKDKS2
     2480.00  4.0323   3.305   2.679   0.157   0.112 0.48811 NKDKS2
     2490.00  4.0161   3.295   2.674   0.156   0.112 0.48733 NKDKS2
     2500.00  4.0000   3.289   2.666   0.156   0.111 0.48639 NKDKS2
     2510.00  3.9841   3.283   2.664   0.156   0.111 0.48607 NKDKS2
     2520.00  3.9683   3.275   2.658   0.155   0.110 0.48532 NKDKS2
     2530.00  3.9526   3.269   2.654   0.155   0.110 0.48478 NKDKS2
     2540.00  3.9370   3.261   2.650   0.154   0.109 0.48421 NKDKS2
     2550.00  3.9216   3.254   2.644   0.154   0.109 0.48352 NKDKS2
     2560.00  3.9063   3.249   2.639   0.154   0.109 0.48281 NKDKS2
     2570.00  3.8911   3.244   2.634   0.154   0.108 0.48224 NKDKS2
     2580.00  3.8760   3.238   2.631   0.153   0.108 0.48180 NKDKS2
     2590.00  3.8610   3.231   2.626   0.153   0.107 0.48115 NKDKS2
     2600.00  3.8462   3.225   2.625   0.153   0.107 0.48087 NKDKS2
     2610.00  3.8314   3.217   2.620   0.152   0.106 0.48017 NKDKS2
     2620.00  3.8168   3.211   2.613   0.152   0.106 0.47933 NKDKS2
     2630.00  3.8023   3.208   2.607   0.152   0.106 0.47867 NKDKS2
     2640.00  3.7879   3.201   2.606   0.152   0.105 0.47836 NKDKS2
     2650.00  3.7736   3.193   2.602   0.151   0.105 0.47777 NKDKS2
     2660.00  3.7594   3.187   2.596   0.151   0.105 0.47706 NKDKS2
     2670.00  3.7453   3.184   2.593   0.151   0.104 0.47668 NKDKS2
     2680.00  3.7313   3.175   2.588   0.150   0.104 0.47598 NKDKS2
     2690.00  3.7175   3.171   2.583   0.150   0.103 0.47534 NKDKS2
     2700.00  3.7037   3.165   2.579   0.150   0.103 0.47476 NKDKS2
     2710.00  3.6900   3.161   2.576   0.150   0.103 0.47437 NKDKS2
     2720.00  3.6765   3.153   2.572   0.149   0.102 0.47382 NKDKS2
     2730.00  3.6630   3.148   2.567   0.149   0.102 0.47317 NKDKS2
     2740.00  3.6496   3.143   2.562   0.149   0.102 0.47251 NKDKS2
     2750.00  3.6364   3.139   2.561   0.148   0.101 0.47234 NKDKS2
     2760.00  3.6232   3.129   2.557   0.148   0.101 0.47167 NKDKS2
     2770.00  3.6101   3.127   2.550   0.148   0.101 0.47083 NKDKS2
     2780.00  3.5971   3.123   2.550   0.148   0.100 0.47076 NKDKS2
     2790.00  3.5842   3.114   2.547   0.147   0.100 0.47026 NKDKS2
     2800.00  3.5714   3.108   2.542   0.147   0.099 0.46957 NKDKS2
     2810.00  3.5587   3.102   2.538   0.147   0.099 0.46906 NKDKS2
     2820.00  3.5461   3.097   2.533   0.147   0.099 0.46842 NKDKS2
     2830.00  3.5336   3.092   2.529   0.146   0.098 0.46788 NKDKS2
     2840.00  3.5211   3.084   2.527   0.146   0.098 0.46747 NKDKS2
     2850.00  3.5088   3.078   2.519   0.146   0.097 0.46648 NKDKS2
     2860.00  3.4965   3.076   2.515   0.145   0.097 0.46594 NKDKS2
     2870.00  3.4843   3.070   2.511   0.145   0.097 0.46543 NKDKS2
     2880.00  3.4722   3.065   2.507   0.145   0.097 0.46488 NKDKS2
     2890.00  3.4602   3.061   2.505   0.145   0.096 0.46448 NKDKS2
     2900.00  3.4483   3.055   2.501   0.144   0.096 0.46400 NKDKS2
     2910.00  3.4364   3.050   2.496   0.144   0.096 0.46330 NKDKS2
     2920.00  3.4247   3.045   2.493   0.144   0.095 0.46289 NKDKS2
     2930.00  3.4130   3.039   2.488   0.144   0.095 0.46216 NKDKS2
     2940.00  3.4014   3.037   2.486   0.143   0.095 0.46184 NKDKS2
     2950.00  3.3898   3.031   2.482   0.143   0.095 0.46126 NKDKS2
     2960.00  3.3784   3.027   2.478   0.143   0.094 0.46072 NKDKS2
     2970.00  3.3670   3.022   2.477   0.143   0.094 0.46054 NKDKS2
     2980.00  3.3557   3.015   2.474   0.143   0.094 0.46014 NKDKS2
     2990.00  3.3445   3.011   2.469   0.142   0.093 0.45939 NKDKS2
     3000.00  3.3333   3.007   2.467   0.142   0.093 0.45914 NKDKS2
     3010.00  3.3223   3.000   2.464   0.142   0.093 0.45862 NKDKS2
     3020.00  3.3113   2.996   2.460   0.142   0.092 0.45808 NKDKS2
     3030.00  3.3003   2.991   2.459   0.141   0.092 0.45784 NKDKS2
     3040.00  3.2895   2.983   2.453   0.141   0.091 0.45708 NKDKS2
     3050.00  3.2787   2.979   2.450   0.141   0.091 0.45657 NKDKS2
     3060.00  3.2680   2.974   2.445   0.141   0.091 0.45596 NKDKS2
     3070.00  3.2573   2.971   2.442   0.140   0.091 0.45552 NKDKS2
     3080.00  3.2468   2.965   2.440   0.140   0.090 0.45518 NKDKS2
     3090.00  3.2362   2.960   2.436   0.140   0.090 0.45465 NKDKS2
     3100.00  3.2258   2.956   2.435   0.140   0.090 0.45441 NKDKS2
     3110.00  3.2154   2.947   2.430   0.140   0.089 0.45371 NKDKS2
     3120.00  3.2051   2.943   2.423   0.139   0.089 0.45277 NKDKS2
     3130.00  3.1949   2.942   2.421   0.139   0.089 0.45247 NKDKS2
     3140.00  3.1847   2.937   2.422   0.139   0.089 0.45246 NKDKS2
     3150.00  3.1746   2.929   2.420   0.139   0.088 0.45208 NKDKS2
     3160.00  3.1646   2.922   2.414   0.138   0.088 0.45126 NKDKS2
     3170.00  3.1546   2.918   2.409   0.138   0.087 0.45058 NKDKS2
     3180.00  3.1447   2.915   2.406   0.138   0.087 0.45013 NKDKS2
     3190.00  3.1348   2.909   2.406   0.138   0.087 0.45004 NKDKS2
     3200.00  3.1250   2.900   2.399   0.137   0.086 0.44906 NKDKS2
     3210.00  3.1153   2.895   2.395   0.137   0.086 0.44842 NKDKS2
     3220.00  3.1056   2.892   2.388   0.137   0.086 0.44749 NKDKS2
     3230.00  3.0960   2.891   2.387   0.137   0.086 0.44738 NKDKS2
     3240.00  3.0864   2.884   2.384   0.137   0.085 0.44698 NKDKS2
     3250.00  3.0769   2.880   2.380   0.136   0.085 0.44637 NKDKS2
     3260.00  3.0675   2.875   2.376   0.136   0.085 0.44574 NKDKS2
     3270.00  3.0581   2.871   2.373   0.136   0.085 0.44532 NKDKS2
     3280.00  3.0488   2.866   2.369   0.136   0.084 0.44479 NKDKS2
     3290.00  3.0395   2.863   2.368   0.135   0.084 0.44452 NKDKS2
     3300.00  3.0303   2.855   2.364   0.135   0.083 0.44397 NKDKS2
     3310.00  3.0211   2.853   2.360   0.135   0.083 0.44338 NKDKS2
     3320.00  3.0120   2.846   2.359   0.135   0.083 0.44312 NKDKS2
     3330.00  3.0030   2.841   2.354   0.135   0.083 0.44239 NKDKS2
     3340.00  2.9940   2.837   2.350   0.134   0.082 0.44183 NKDKS2
     3350.00  2.9851   2.832   2.346   0.134   0.082 0.44126 NKDKS2
     3360.00  2.9762   2.827   2.343   0.134   0.082 0.44077 NKDKS2
     3370.00  2.9674   2.823   2.339   0.134   0.082 0.44023 NKDKS2
     3380.00  2.9586   2.816   2.336   0.133   0.081 0.43965 NKDKS2
     3390.00  2.9499   2.814   2.330   0.133   0.081 0.43888 NKDKS2
     3400.00  2.9412   2.809   2.328   0.133   0.081 0.43848 NKDKS2
     3410.00  2.9326   2.806   2.324   0.133   0.081 0.43792 NKDKS2
     3420.00  2.9240   2.800   2.323   0.133   0.080 0.43771 NKDKS2
     3430.00  2.9155   2.794   2.318   0.132   0.080 0.43700 NKDKS2
     3440.00  2.9070   2.789   2.312   0.132   0.080 0.43618 NKDKS2
     3450.00  2.8986   2.786   2.307   0.132   0.079 0.43537 NKDKS2
     3460.00  2.8902   2.784   2.303   0.131   0.079 0.43490 NKDKS2
     3470.00  2.8818   2.779   2.301   0.131   0.079 0.43450 NKDKS2
     3480.00  2.8736   2.776   2.297   0.131   0.079 0.43396 NKDKS2
     3490.00  2.8653   2.774   2.295   0.131   0.079 0.43362 NKDKS2
     3500.00  2.8571   2.767   2.293   0.131   0.078 0.43329 NKDKS2
     3510.00  2.8490   2.760   2.287   0.130   0.078 0.43234 NKDKS2
     3520.00  2.8409   2.758   2.283   0.130   0.078 0.43186 NKDKS2
     3530.00  2.8329   2.754   2.281   0.130   0.077 0.43142 NKDKS2
     3540.00  2.8249   2.750   2.276   0.130   0.077 0.43067 NKDKS2
     3550.00  2.8169   2.745   2.272   0.130   0.077 0.43013 NKDKS2
     3560.00  2.8090   2.743   2.268   0.129   0.077 0.42956 NKDKS2
     3570.00  2.8011   2.739   2.267   0.129   0.077 0.42933 NKDKS2
     3580.00  2.7933   2.733   2.262   0.129   0.076 0.42853 NKDKS2
     3590.00  2.7855   2.729   2.258   0.129   0.076 0.42793 NKDKS2
     3600.00  2.7778   2.726   2.252   0.128   0.076 0.42716 NKDKS2
     3610.00  2.7701   2.724   2.250   0.128   0.076 0.42686 NKDKS2
     3620.00  2.7624   2.719   2.246   0.128   0.076 0.42618 NKDKS2
     3630.00  2.7548   2.716   2.242   0.128   0.075 0.42554 NKDKS2
     3640.00  2.7473   2.712   2.239   0.128   0.075 0.42508 NKDKS2
     3650.00  2.7397   2.711   2.236   0.128   0.075 0.42475 NKDKS2
     3660.00  2.7322   2.704   2.233   0.127   0.075 0.42412 NKDKS2
     3670.00  2.7248   2.703   2.227   0.127   0.075 0.42338 NKDKS2
     3680.00  2.7174   2.698   2.226   0.127   0.074 0.42312 NKDKS2
     3690.00  2.7100   2.694   2.220   0.127   0.074 0.42226 NKDKS2
     3700.00  2.7027   2.692   2.216   0.126   0.074 0.42159 NKDKS2
     3710.00  2.6954   2.691   2.215   0.126   0.074 0.42142 NKDKS2
     3720.00  2.6882   2.684   2.212   0.126   0.074 0.42098 NKDKS2
     3730.00  2.6810   2.682   2.205   0.126   0.074 0.41989 NKDKS2
     3740.00  2.6738   2.681   2.202   0.126   0.074 0.41959 NKDKS2
     3750.00  2.6667   2.677   2.202   0.126   0.073 0.41944 NKDKS2
     3760.00  2.6596   2.673   2.197   0.125   0.073 0.41867 NKDKS2
     3770.00  2.6525   2.673   2.195   0.125   0.073 0.41839 NKDKS2
     3780.00  2.6455   2.667   2.193   0.125   0.073 0.41808 NKDKS2
     3790.00  2.6385   2.664   2.187   0.125   0.073 0.41722 NKDKS2
     3800.00  2.6316   2.662   2.186   0.125   0.073 0.41697 NKDKS2
     3810.00  2.6247   2.657   2.184   0.125   0.072 0.41667 NKDKS2
     3820.00  2.6178   2.653   2.179   0.124   0.072 0.41588 NKDKS2
     3830.00  2.6110   2.651   2.175   0.124   0.072 0.41527 NKDKS2
     3840.00  2.6042   2.648   2.172   0.124   0.072 0.41486 NKDKS2
     3850.00  2.5974   2.644   2.170   0.124   0.072 0.41439 NKDKS2
     3860.00  2.5907   2.642   2.165   0.124   0.071 0.41367 NKDKS2
     3870.00  2.5840   2.639   2.162   0.123   0.071 0.41325 NKDKS2
     3880.00  2.5773   2.638   2.160   0.123   0.071 0.41287 NKDKS2
     3890.00  2.5707   2.634   2.158   0.123   0.071 0.41263 NKDKS2
     3900.00  2.5641   2.630   2.155   0.123   0.071 0.41215 NKDKS2
     3910.00  2.5575   2.627   2.153   0.123   0.071 0.41176 NKDKS2
     3920.00  2.5510   2.623   2.150   0.123   0.070 0.41119 NKDKS2
     3930.00  2.5445   2.620   2.145   0.122   0.070 0.41054 NKDKS2
     3940.00  2.5381   2.618   2.143   0.122   0.070 0.41012 NKDKS2
     3950.00  2.5316   2.615   2.140   0.122   0.070 0.40969 NKDKS2
     3960.00  2.5253   2.612   2.137   0.122   0.070 0.40914 NKDKS2
     3970.00  2.5189   2.609   2.133   0.122   0.070 0.40864 NKDKS2
     3980.00  2.5126   2.608   2.132   0.122   0.070 0.40847 NKDKS2
     3990.00  2.5063   2.602   2.132   0.122   0.069 0.40834 NKDKS2
     4000.00  2.5000   2.597   2.127   0.121   0.069 0.40759 NKDKS2
     4016.06  2.4900   2.592   2.120   0.121   0.069 0.40649 NKDKS2
     4032.26  2.4800   2.587   2.115   0.121   0.068 0.40565 NKDKS2
     4048.58  2.4700   2.581   2.107   0.120   0.068 0.40436 NKDKS2
     4065.04  2.4600   2.580   2.100   0.120   0.068 0.40339 NKDKS2
     4081.63  2.4500   2.577   2.096   0.120   0.068 0.40267 NKDKS2
     4098.36  2.4400   2.574   2.092   0.119   0.068 0.40199 NKDKS2
     4115.23  2.4300   2.570   2.088   0.119   0.068 0.40134 NKDKS2
     4132.23  2.4200   2.565   2.083   0.119   0.067 0.40056 NKDKS2
     4149.38  2.4100   2.561   2.078   0.119   0.067 0.39982 NKDKS2
     4166.67  2.4000   2.557   2.074   0.119   0.067 0.39909 NKDKS2
     4184.10  2.3900   2.553   2.070   0.118   0.067 0.39845 NKDKS2
     4201.68  2.3800   2.548   2.065   0.118   0.067 0.39771 NKDKS2
     4219.41  2.3700   2.544   2.061   0.118   0.066 0.39693 NKDKS2
     4237.29  2.3600   2.539   2.055   0.117   0.066 0.39607 NKDKS2
     4255.32  2.3500   2.535   2.051   0.117   0.066 0.39529 NKDKS2
     4273.50  2.3400   2.531   2.046   0.117   0.066 0.39455 NKDKS2
     4291.85  2.3300   2.527   2.042   0.117   0.066 0.39381 NKDKS2
     4310.34  2.3200   2.523   2.037   0.116   0.065 0.39301 NKDKS2
     4329.00  2.3100   2.519   2.032   0.116   0.065 0.39219 NKDKS2
     4347.83  2.3000   2.515   2.028   0.116   0.065 0.39149 NKDKS2
     4366.81  2.2900   2.510   2.023   0.116   0.065 0.39073 NKDKS2
     4385.96  2.2800   2.506   2.018   0.115   0.065 0.38992 NKDKS2
     4405.29  2.2700   2.503   2.014   0.115   0.064 0.38914 NKDKS2
     4424.78  2.2600   2.500   2.009   0.115   0.064 0.38846 NKDKS2
     4444.44  2.2500   2.496   2.007   0.115   0.064 0.38794 NKDKS2
     4464.29  2.2400   2.491   2.003   0.115   0.064 0.38725 NKDKS2
     4484.30  2.2300   2.486   1.998   0.114   0.064 0.38649 NKDKS2
     4504.50  2.2200   2.482   1.994   0.114   0.063 0.38574 NKDKS2
     4524.89  2.2100   2.477   1.989   0.114   0.063 0.38499 NKDKS2
     4545.45  2.2000   2.473   1.985   0.114   0.063 0.38427 NKDKS2
     4566.21  2.1900   2.469   1.981   0.113   0.063 0.38353 NKDKS2
     4587.16  2.1800   2.465   1.977   0.113   0.062 0.38284 NKDKS2
     4608.29  2.1700   2.460   1.973   0.113   0.062 0.38221 NKDKS2
     4629.63  2.1600   2.456   1.969   0.113   0.062 0.38148 NKDKS2
     4651.16  2.1500   2.452   1.965   0.112   0.062 0.38082 NKDKS2
     4672.90  2.1400   2.447   1.962   0.112   0.062 0.38022 NKDKS2
     4694.84  2.1300   2.442   1.958   0.112   0.061 0.37955 NKDKS2
     4716.98  2.1200   2.438   1.955   0.112   0.061 0.37889 NKDKS2
     4739.34  2.1100   2.433   1.951   0.112   0.061 0.37824 NKDKS2
     4761.90  2.1000   2.428   1.947   0.111   0.060 0.37760 NKDKS2
     4784.69  2.0900   2.423   1.944   0.111   0.060 0.37692 NKDKS2
     4807.69  2.0800   2.417   1.940   0.111   0.060 0.37628 NKDKS2
     4830.92  2.0700   2.411   1.936   0.111   0.060 0.37554 NKDKS2
     4854.37  2.0600   2.406   1.932   0.110   0.059 0.37484 NKDKS2
     4878.05  2.0500   2.400   1.928   0.110   0.059 0.37411 NKDKS2
     4901.96  2.0400   2.395   1.924   0.110   0.059 0.37337 NKDKS2
     4926.11  2.0300   2.389   1.920   0.110   0.058 0.37252 NKDKS2
     4950.50  2.0200   2.384   1.915   0.109   0.058 0.37170 NKDKS2
     4975.12  2.0100   2.380   1.911   0.109   0.058 0.37089 NKDKS2
     5000.00  2.0000   2.374   1.909   0.109   0.057 0.37048 NKDKS2
     5025.13  1.9900   2.366   1.904   0.109   0.057 0.36963 NKDKS2
     5050.51  1.9800   2.361   1.899   0.108   0.057 0.36878 NKDKS2
     5076.14  1.9700   2.354   1.895   0.108   0.056 0.36792 NKDKS2
     5102.04  1.9600   2.349   1.890   0.108   0.056 0.36701 NKDKS2
     5128.21  1.9500   2.343   1.885   0.107   0.056 0.36617 NKDKS2
     5154.64  1.9400   2.337   1.881   0.107   0.056 0.36540 NKDKS2
     5181.35  1.9300   2.331   1.876   0.107   0.055 0.36451 NKDKS2
     5208.33  1.9200   2.325   1.872   0.107   0.055 0.36364 NKDKS2
     5235.60  1.9100   2.319   1.867   0.106   0.055 0.36271 NKDKS2
     5263.16  1.9000   2.314   1.862   0.106   0.054 0.36188 NKDKS2
     5291.01  1.8900   2.307   1.857   0.106   0.054 0.36090 NKDKS2
     5319.15  1.8800   2.302   1.851   0.105   0.054 0.35990 NKDKS2
     5347.59  1.8700   2.297   1.847   0.105   0.053 0.35903 NKDKS2
     5376.34  1.8600   2.293   1.843   0.105   0.053 0.35835 NKDKS2
     5405.41  1.8500   2.286   1.840   0.105   0.053 0.35779 NKDKS2
     5434.78  1.8400   2.279   1.836   0.104   0.052 0.35696 NKDKS2
     5464.48  1.8300   2.271   1.831   0.104   0.052 0.35599 NKDKS2
     5494.51  1.8200   2.265   1.825   0.104   0.052 0.35487 NKDKS2
     5524.86  1.8100   2.260   1.820   0.104   0.051 0.35395 NKDKS2
     5555.56  1.8000   2.253   1.817   0.103   0.051 0.35326 NKDKS2
     5586.59  1.7900   2.246   1.812   0.103   0.051 0.35237 NKDKS2
     5617.98  1.7800   2.238   1.807   0.103   0.050 0.35132 NKDKS2
     5649.72  1.7700   2.231   1.801   0.102   0.050 0.35028 NKDKS2
     5681.82  1.7600   2.224   1.795   0.102   0.050 0.34909 NKDKS2
     5714.29  1.7500   2.218   1.789   0.102   0.049 0.34800 NKDKS2
     5747.13  1.7400   2.211   1.784   0.101   0.049 0.34691 NKDKS2
     5780.35  1.7300   2.204   1.777   0.101   0.049 0.34568 NKDKS2
     5813.95  1.7200   2.198   1.771   0.101   0.048 0.34458 NKDKS2
     5847.95  1.7100   2.191   1.765   0.100   0.048 0.34345 NKDKS2
     5882.35  1.7000   2.185   1.760   0.100   0.048 0.34234 NKDKS2
     5917.16  1.6900   2.178   1.754   0.100   0.047 0.34117 NKDKS2
     5952.38  1.6800   2.172   1.747   0.099   0.047 0.33995 NKDKS2
     5988.02  1.6700   2.166   1.741   0.099   0.047 0.33875 NKDKS2
     6024.10  1.6600   2.160   1.735   0.099   0.046 0.33764 NKDKS2
     6060.61  1.6500   2.153   1.729   0.098   0.046 0.33646 NKDKS2
     6097.56  1.6400   2.146   1.723   0.098   0.046 0.33519 NKDKS2
     6134.97  1.6300   2.141   1.717   0.098   0.046 0.33407 NKDKS2
     6172.84  1.6200   2.134   1.711   0.097   0.045 0.33292 NKDKS2
     6211.18  1.6100   2.127   1.705   0.097   0.045 0.33169 NKDKS2
     6250.00  1.6000   2.120   1.698   0.097   0.045 0.33045 NKDKS2
     6289.31  1.5900   2.113   1.692   0.096   0.044 0.32910 NKDKS2
     6329.11  1.5800   2.108   1.685   0.096   0.044 0.32777 NKDKS2
     6369.43  1.5700   2.102   1.680   0.096   0.044 0.32676 NKDKS2
     6410.26  1.5600   2.095   1.673   0.095   0.043 0.32541 NKDKS2
     6451.61  1.5500   2.088   1.667   0.095   0.043 0.32412 NKDKS2
     6493.51  1.5400   2.081   1.659   0.094   0.043 0.32262 NKDKS2
     6535.95  1.5300   2.076   1.653   0.094   0.043 0.32140 NKDKS2
     6578.95  1.5200   2.068   1.647   0.094   0.042 0.32017 NKDKS2
     6622.52  1.5100   2.062   1.640   0.093   0.042 0.31875 NKDKS2
     6666.67  1.5000   2.054   1.632   0.093   0.042 0.31731 NKDKS2
     6711.41  1.4900   2.048   1.625   0.093   0.041 0.31582 NKDKS2
     6756.76  1.4800   2.042   1.619   0.092   0.041 0.31449 NKDKS2
     6802.72  1.4700   2.036   1.611   0.092   0.041 0.31301 NKDKS2
     6849.32  1.4600   2.029   1.604   0.091   0.041 0.31159 NKDKS2
     6896.55  1.4500   2.023   1.597   0.091   0.040 0.31015 NKDKS2
     6944.44  1.4400   2.016   1.590   0.091   0.040 0.30871 NKDKS2
     6993.01  1.4300   2.010   1.583   0.090   0.040 0.30722 NKDKS2
     7042.25  1.4200   2.004   1.575   0.090   0.039 0.30571 NKDKS2
     7092.20  1.4100   1.997   1.568   0.089   0.039 0.30424 NKDKS2
     7142.86  1.4000   1.991   1.561   0.089   0.039 0.30278 NKDKS2
     7194.24  1.3900   1.985   1.554   0.089   0.039 0.30125 NKDKS2
     7246.38  1.3800   1.978   1.547   0.088   0.038 0.29980 NKDKS2
     7299.27  1.3700   1.971   1.539   0.088   0.038 0.29820 NKDKS2
     7352.94  1.3600   1.965   1.531   0.087   0.038 0.29659 NKDKS2
     7407.41  1.3500   1.959   1.524   0.087   0.038 0.29500 NKDKS2
     7462.69  1.3400   1.952   1.516   0.087   0.037 0.29344 NKDKS2
     7518.80  1.3300   1.945   1.508   0.086   0.037 0.29173 NKDKS2
     7575.76  1.3200   1.939   1.500   0.086   0.037 0.29009 NKDKS2
     7633.59  1.3100   1.933   1.493   0.085   0.037 0.28850 NKDKS2
     7692.31  1.3000   1.926   1.484   0.085   0.036 0.28672 NKDKS2
     7751.94  1.2900   1.920   1.476   0.085   0.036 0.28504 NKDKS2
     7812.50  1.2800   1.914   1.469   0.084   0.036 0.28339 NKDKS2
     7874.02  1.2700   1.907   1.460   0.084   0.036 0.28162 NKDKS2
     7936.51  1.2600   1.901   1.452   0.083   0.035 0.27987 NKDKS2
     8000.00  1.2500   1.895   1.444   0.083   0.035 0.27811 NKDKS2
     8064.52  1.2400   1.888   1.435   0.082   0.035 0.27628 NKDKS2
     8130.08  1.2300   1.883   1.427   0.082   0.035 0.27456 NKDKS2
     8196.72  1.2200   1.876   1.419   0.082   0.035 0.27275 NKDKS2
     8264.46  1.2100   1.870   1.410   0.081   0.034 0.27073 NKDKS2
     8333.33  1.2000   1.864   1.403   0.081   0.034 0.26924 NKDKS2
     8403.36  1.1900   1.856   1.393   0.080   0.034 0.26709 NKDKS2
     8474.58  1.1800   1.851   1.384   0.080   0.034 0.26513 NKDKS2
     8547.01  1.1700   1.845   1.375   0.079   0.034 0.26325 NKDKS2
     8620.69  1.1600   1.839   1.366   0.079   0.033 0.26124 NKDKS2
     8695.65  1.1500   1.834   1.356   0.078   0.033 0.25912 NKDKS2
     8771.93  1.1400   1.828   1.347   0.078   0.033 0.25723 NKDKS2
     8849.56  1.1300   1.822   1.338   0.077   0.033 0.25523 NKDKS2
     8928.57  1.1200   1.817   1.329   0.077   0.033 0.25315 NKDKS2
     9009.01  1.1100   1.812   1.320   0.076   0.033 0.25115 NKDKS2
     9090.91  1.1000   1.807   1.311   0.076   0.032 0.24922 NKDKS2
     9174.31  1.0900   1.801   1.302   0.075   0.032 0.24717 NKDKS2
     9259.26  1.0800   1.796   1.293   0.075   0.032 0.24520 NKDKS2
     9345.79  1.0700   1.791   1.283   0.074   0.032 0.24315 NKDKS2
     9433.96  1.0600   1.786   1.275   0.074   0.032 0.24120 NKDKS2
     9523.81  1.0500   1.781   1.266   0.074   0.032 0.23920 NKDKS2
     9615.38  1.0400   1.775   1.256   0.073   0.032 0.23712 NKDKS2
     9708.74  1.0300   1.771   1.247   0.073   0.032 0.23505 NKDKS2
     9803.92  1.0200   1.766   1.238   0.072   0.031 0.23300 NKDKS2
     9900.99  1.0100   1.761   1.228   0.072   0.031 0.23087 NKDKS2
    10000.00  1.0000   1.756   1.219   0.071   0.031 0.22880 NKDKS2
    10101.01  0.9900   1.751   1.210   0.071   0.031 0.22681 NKDKS2
    10204.08  0.9800   1.747   1.201   0.070   0.031 0.22474 NKDKS2
    10309.28  0.9700   1.742   1.191   0.070   0.031 0.22261 NKDKS2
    10416.67  0.9600   1.737   1.182   0.069   0.031 0.22058 NKDKS2
    10526.32  0.9500   1.733   1.173   0.069   0.031 0.21849 NKDKS2
    10638.30  0.9400   1.728   1.164   0.068   0.031 0.21642 NKDKS2
    10752.69  0.9300   1.724   1.154   0.068   0.031 0.21434 NKDKS2
    10869.57  0.9200   1.719   1.145   0.067   0.030 0.21211 NKDKS2
    10989.01  0.9100   1.716   1.135   0.067   0.030 0.20991 NKDKS2
    11111.11  0.9000   1.713   1.126   0.066   0.030 0.20802 NKDKS2
    11235.96  0.8900   1.708   1.118   0.066   0.030 0.20613 NKDKS2
    11363.64  0.8800   1.704   1.108   0.065   0.030 0.20397 NKDKS2
    11494.25  0.8700   1.701   1.099   0.065   0.030 0.20195 NKDKS2
    11627.91  0.8600   1.697   1.090   0.064   0.030 0.20005 NKDKS2
    11764.71  0.8500   1.694   1.083   0.064   0.030 0.19830 NKDKS2
    11904.76  0.8400   1.689   1.075   0.063   0.030 0.19644 NKDKS2
    12048.19  0.8300   1.686   1.066   0.063   0.030 0.19444 NKDKS2
    12195.12  0.8200   1.682   1.058   0.062   0.030 0.19273 NKDKS2
    12345.68  0.8100   1.678   1.049   0.062   0.030 0.19075 NKDKS2
    12500.00  0.8000   1.674   1.043   0.062   0.030 0.18937 NKDKS2
    12658.23  0.7900   1.668   1.036   0.061   0.029 0.18756 NKDKS2
    12820.51  0.7800   1.663   1.027   0.061   0.029 0.18549 NKDKS2
    12987.01  0.7700   1.658   1.018   0.060   0.029 0.18350 NKDKS2
    13157.89  0.7600   1.653   1.010   0.060   0.029 0.18143 NKDKS2
    13333.33  0.7500   1.648   1.000   0.059   0.029 0.17932 NKDKS2
    13513.51  0.7400   1.644   0.992   0.059   0.029 0.17735 NKDKS2
    13698.63  0.7300   1.639   0.983   0.058   0.028 0.17533 NKDKS2
    13888.89  0.7200   1.634   0.974   0.058   0.028 0.17325 NKDKS2
    14084.51  0.7100   1.630   0.965   0.057   0.028 0.17120 NKDKS2
    14285.71  0.7000   1.625   0.956   0.057   0.028 0.16914 NKDKS2
    14492.75  0.6900   1.621   0.947   0.056   0.028 0.16705 NKDKS2
    14705.88  0.6800   1.616   0.938   0.056   0.028 0.16498 NKDKS2
    14925.37  0.6700   1.612   0.928   0.055   0.028 0.16278 NKDKS2
    15151.52  0.6600   1.610   0.919   0.055   0.028 0.16089 NKDKS2
    15384.62  0.6500   1.607   0.912   0.054   0.028 0.15915 NKDKS2
    15625.00  0.6400   1.602   0.905   0.054   0.028 0.15754 NKDKS2
    15873.02  0.6300   1.597   0.895   0.053   0.027 0.15536 NKDKS2
    16129.03  0.6200   1.593   0.887   0.053   0.027 0.15343 NKDKS2
    16393.44  0.6100   1.589   0.878   0.052   0.027 0.15153 NKDKS2
    16666.67  0.6000   1.585   0.870   0.052   0.027 0.14972 NKDKS2
    16949.15  0.5900   1.581   0.863   0.051   0.027 0.14792 NKDKS2
    17241.38  0.5800   1.577   0.855   0.051   0.027 0.14619 NKDKS2
    17543.86  0.5700   1.572   0.846   0.050   0.027 0.14413 NKDKS2
    17857.14  0.5600   1.569   0.838   0.050   0.027 0.14222 NKDKS2
    18181.82  0.5500   1.566   0.831   0.049   0.026 0.14063 NKDKS2
    18518.52  0.5400   1.562   0.823   0.049   0.026 0.13897 NKDKS2
    18867.92  0.5300   1.558   0.816   0.049   0.026 0.13732 NKDKS2
    19230.77  0.5200   1.553   0.809   0.048   0.026 0.13574 NKDKS2
    19607.84  0.5100   1.549   0.802   0.048   0.026 0.13409 NKDKS2
    20000.00  0.5000   1.544   0.796   0.047   0.026 0.13255 NKDKS2
    20408.16  0.4900   1.539   0.790   0.047   0.026 0.13100 NKDKS2
    20833.33  0.4800   1.532   0.782   0.047   0.025 0.12910 NKDKS2
    21276.60  0.4700   1.528   0.773   0.046   0.025 0.12713 NKDKS2
    21739.13  0.4600   1.524   0.765   0.046   0.025 0.12537 NKDKS2
    22222.22  0.4500   1.520   0.758   0.045   0.025 0.12369 NKDKS2
    22727.27  0.4400   1.517   0.751   0.045   0.025 0.12207 NKDKS2
    23255.81  0.4300   1.514   0.745   0.044   0.025 0.12072 NKDKS2
    23809.52  0.4200   1.511   0.739   0.044   0.025 0.11955 NKDKS2
    24390.24  0.4100   1.508   0.736   0.044   0.024 0.11865 NKDKS2
    25000.00  0.4000   1.504   0.733   0.044   0.024 0.11780 NKDKS2
    25641.03  0.3900   1.499   0.729   0.043   0.024 0.11676 NKDKS2
    26315.79  0.3800   1.494   0.725   0.043   0.024 0.11563 NKDKS2
    27027.03  0.3700   1.490   0.721   0.043   0.024 0.11463 NKDKS2
    27777.78  0.3600   1.489   0.718   0.043   0.024 0.11407 NKDKS2
    28571.43  0.3500   1.489   0.719   0.043   0.024 0.11421 NKDKS2
    29411.76  0.3400   1.489   0.726   0.043   0.024 0.11560 NKDKS2
    30303.03  0.3300   1.482   0.737   0.044   0.023 0.11724 NKDKS2
    31250.00  0.3200   1.474   0.744   0.045   0.023 0.11822 NKDKS2
    32258.06  0.3100   1.469   0.758   0.045   0.022 0.12067 NKDKS2
    33333.33  0.3000   1.458   0.779   0.047   0.022 0.12452 NKDKS2
    34482.76  0.2900   1.441   0.806   0.048   0.020 0.12953 NKDKS2
    35714.29  0.2800   1.414   0.842   0.051   0.018 0.13646 NKDKS2
    37037.04  0.2700   1.367   0.886   0.053   0.014 0.14581 NKDKS2
    38461.54  0.2600   1.286   0.929   0.057   0.017 0.15716 NKDKS2
    40000.00  0.2500   1.166   0.936   0.060   0.025 0.16442 NKDKS2
    41666.67  0.2400   1.050   0.885   0.058   0.030 0.16006 NKDKS2
    43478.26  0.2300   0.965   0.807   0.054   0.032 0.14694 NKDKS2
    45454.55  0.2200   0.903   0.721   0.050   0.032 0.13007 NKDKS2
    47619.05  0.2100   0.861   0.636   0.046   0.031 0.11169 NKDKS2
