From Roush 1995, Optical constants of amorphous carbon
in the mid-IR (2.5-25 mm, 4000-400 cm-1), Planet. Space
Sci., 43 (10/11), 1297-1301.

 wavelength  calculated     real      imaginary
  (microns) reflectance     index       index
 2.5002E+00  8.2386E-02  1.7291E+00   2.9850E-01
 2.5014E+00  8.2409E-02  1.7291E+00   2.9884E-01
 2.5026E+00  8.2433E-02  1.7291E+00   2.9918E-01
 2.5038E+00  8.2456E-02  1.7291E+00   2.9953E-01
 2.5051E+00  8.2480E-02  1.7291E+00   2.9987E-01
 2.5063E+00  8.2504E-02  1.7291E+00   3.0022E-01
 2.5075E+00  8.2528E-02  1.7291E+00   3.0057E-01
 2.5087E+00  8.2552E-02  1.7291E+00   3.0091E-01
 2.5099E+00  8.2576E-02  1.7290E+00   3.0126E-01
 2.5111E+00  8.2600E-02  1.7290E+00   3.0161E-01
 2.5123E+00  8.2625E-02  1.7290E+00   3.0196E-01
 2.5136E+00  8.2649E-02  1.7290E+00   3.0231E-01
 2.5148E+00  8.2674E-02  1.7290E+00   3.0266E-01
 2.5160E+00  8.2699E-02  1.7290E+00   3.0301E-01
 2.5172E+00  8.2724E-02  1.7290E+00   3.0336E-01
 2.5184E+00  8.2749E-02  1.7290E+00   3.0371E-01
 2.5197E+00  8.2774E-02  1.7290E+00   3.0406E-01
 2.5209E+00  8.2799E-02  1.7290E+00   3.0441E-01
 2.5221E+00  8.2824E-02  1.7290E+00   3.0477E-01
 2.5234E+00  8.2850E-02  1.7290E+00   3.0512E-01
 2.5246E+00  8.2875E-02  1.7290E+00   3.0548E-01
 2.5258E+00  8.2901E-02  1.7289E+00   3.0583E-01
 2.5270E+00  8.2927E-02  1.7289E+00   3.0619E-01
 2.5283E+00  8.2953E-02  1.7289E+00   3.0655E-01
 2.5295E+00  8.2979E-02  1.7289E+00   3.0690E-01
 2.5307E+00  8.3006E-02  1.7289E+00   3.0726E-01
 2.5320E+00  8.3032E-02  1.7289E+00   3.0762E-01
 2.5332E+00  8.3058E-02  1.7289E+00   3.0797E-01
 2.5344E+00  8.3085E-02  1.7289E+00   3.0833E-01
 2.5357E+00  8.3112E-02  1.7289E+00   3.0870E-01
 2.5369E+00  8.3139E-02  1.7289E+00   3.0906E-01
 2.5382E+00  8.3166E-02  1.7289E+00   3.0942E-01
 2.5394E+00  8.3193E-02  1.7289E+00   3.0978E-01
 2.5406E+00  8.3220E-02  1.7289E+00   3.1014E-01
 2.5419E+00  8.3248E-02  1.7289E+00   3.1051E-01
 2.5431E+00  8.3275E-02  1.7289E+00   3.1087E-01
 2.5444E+00  8.3303E-02  1.7289E+00   3.1124E-01
 2.5456E+00  8.3331E-02  1.7289E+00   3.1160E-01
 2.5469E+00  8.3359E-02  1.7289E+00   3.1197E-01
 2.5481E+00  8.3387E-02  1.7289E+00   3.1233E-01
 2.5494E+00  8.3415E-02  1.7289E+00   3.1270E-01
 2.5507E+00  8.3444E-02  1.7289E+00   3.1307E-01
 2.5519E+00  8.3472E-02  1.7289E+00   3.1344E-01
 2.5532E+00  8.3501E-02  1.7289E+00   3.1381E-01
 2.5544E+00  8.3530E-02  1.7289E+00   3.1418E-01
 2.5557E+00  8.3559E-02  1.7290E+00   3.1455E-01
 2.5569E+00  8.3588E-02  1.7290E+00   3.1492E-01
 2.5582E+00  8.3617E-02  1.7290E+00   3.1529E-01
 2.5595E+00  8.3647E-02  1.7290E+00   3.1566E-01
 2.5607E+00  8.3676E-02  1.7290E+00   3.1604E-01
 2.5620E+00  8.3706E-02  1.7290E+00   3.1641E-01
 2.5633E+00  8.3736E-02  1.7290E+00   3.1679E-01
 2.5645E+00  8.3765E-02  1.7290E+00   3.1716E-01
 2.5658E+00  8.3796E-02  1.7290E+00   3.1753E-01
 2.5671E+00  8.3826E-02  1.7290E+00   3.1791E-01
 2.5683E+00  8.3857E-02  1.7290E+00   3.1829E-01
 2.5696E+00  8.3887E-02  1.7290E+00   3.1867E-01
 2.5709E+00  8.3918E-02  1.7290E+00   3.1905E-01
 2.5722E+00  8.3949E-02  1.7291E+00   3.1943E-01
 2.5734E+00  8.3980E-02  1.7291E+00   3.1980E-01
 2.5747E+00  8.4011E-02  1.7291E+00   3.2018E-01
 2.5760E+00  8.4042E-02  1.7291E+00   3.2057E-01
 2.5773E+00  8.4074E-02  1.7291E+00   3.2095E-01
 2.5786E+00  8.4106E-02  1.7291E+00   3.2133E-01
 2.5798E+00  8.4137E-02  1.7291E+00   3.2172E-01
 2.5811E+00  8.4169E-02  1.7292E+00   3.2210E-01
 2.5824E+00  8.4201E-02  1.7292E+00   3.2248E-01
 2.5837E+00  8.4234E-02  1.7292E+00   3.2287E-01
 2.5850E+00  8.4266E-02  1.7292E+00   3.2325E-01
 2.5863E+00  8.4299E-02  1.7292E+00   3.2364E-01
 2.5876E+00  8.4332E-02  1.7292E+00   3.2403E-01
 2.5889E+00  8.4365E-02  1.7293E+00   3.2442E-01
 2.5901E+00  8.4398E-02  1.7293E+00   3.2480E-01
 2.5914E+00  8.4431E-02  1.7293E+00   3.2519E-01
 2.5927E+00  8.4465E-02  1.7293E+00   3.2559E-01
 2.5940E+00  8.4498E-02  1.7293E+00   3.2597E-01
 2.5953E+00  8.4532E-02  1.7294E+00   3.2637E-01
 2.5966E+00  8.4566E-02  1.7294E+00   3.2676E-01
 2.5979E+00  8.4600E-02  1.7294E+00   3.2715E-01
 2.5992E+00  8.4634E-02  1.7294E+00   3.2754E-01
 2.6005E+00  8.4669E-02  1.7295E+00   3.2794E-01
 2.6018E+00  8.4703E-02  1.7295E+00   3.2833E-01
 2.6031E+00  8.4738E-02  1.7295E+00   3.2873E-01
 2.6045E+00  8.4773E-02  1.7295E+00   3.2913E-01
 2.6058E+00  8.4809E-02  1.7296E+00   3.2952E-01
 2.6071E+00  8.4844E-02  1.7296E+00   3.2992E-01
 2.6084E+00  8.4879E-02  1.7296E+00   3.3032E-01
 2.6097E+00  8.4915E-02  1.7296E+00   3.3072E-01
 2.6110E+00  8.4951E-02  1.7297E+00   3.3112E-01
 2.6123E+00  8.4987E-02  1.7297E+00   3.3152E-01
 2.6136E+00  8.5024E-02  1.7297E+00   3.3192E-01
 2.6150E+00  8.5060E-02  1.7298E+00   3.3232E-01
 2.6163E+00  8.5096E-02  1.7298E+00   3.3272E-01
 2.6176E+00  8.5133E-02  1.7298E+00   3.3313E-01
 2.6189E+00  8.5170E-02  1.7299E+00   3.3353E-01
 2.6202E+00  8.5208E-02  1.7299E+00   3.3394E-01
 2.6216E+00  8.5245E-02  1.7299E+00   3.3434E-01
 2.6229E+00  8.5283E-02  1.7300E+00   3.3475E-01
 2.6242E+00  8.5320E-02  1.7300E+00   3.3515E-01
 2.6256E+00  8.5358E-02  1.7300E+00   3.3556E-01
 2.6269E+00  8.5397E-02  1.7301E+00   3.3597E-01
 2.6282E+00  8.5435E-02  1.7301E+00   3.3638E-01
 2.6296E+00  8.5473E-02  1.7302E+00   3.3679E-01
 2.6309E+00  8.5512E-02  1.7302E+00   3.3720E-01
 2.6322E+00  8.5551E-02  1.7302E+00   3.3761E-01
 2.6336E+00  8.5590E-02  1.7303E+00   3.3802E-01
 2.6349E+00  8.5629E-02  1.7303E+00   3.3843E-01
 2.6362E+00  8.5669E-02  1.7304E+00   3.3884E-01
 2.6376E+00  8.5709E-02  1.7304E+00   3.3926E-01
 2.6389E+00  8.5749E-02  1.7305E+00   3.3967E-01
 2.6403E+00  8.5789E-02  1.7305E+00   3.4009E-01
 2.6416E+00  8.5829E-02  1.7306E+00   3.4050E-01
 2.6429E+00  8.5870E-02  1.7306E+00   3.4092E-01
 2.6443E+00  8.5910E-02  1.7306E+00   3.4134E-01
 2.6456E+00  8.5951E-02  1.7307E+00   3.4175E-01
 2.6470E+00  8.5993E-02  1.7307E+00   3.4217E-01
 2.6484E+00  8.6034E-02  1.7308E+00   3.4259E-01
 2.6497E+00  8.6076E-02  1.7309E+00   3.4301E-01
 2.6511E+00  8.6117E-02  1.7309E+00   3.4343E-01
 2.6524E+00  8.6159E-02  1.7310E+00   3.4385E-01
 2.6538E+00  8.6201E-02  1.7310E+00   3.4427E-01
 2.6551E+00  8.6244E-02  1.7311E+00   3.4469E-01
 2.6565E+00  8.6287E-02  1.7311E+00   3.4512E-01
 2.6579E+00  8.6330E-02  1.7312E+00   3.4554E-01
 2.6592E+00  8.6372E-02  1.7312E+00   3.4596E-01
 2.6606E+00  8.6416E-02  1.7313E+00   3.4639E-01
 2.6620E+00  8.6460E-02  1.7314E+00   3.4682E-01
 2.6633E+00  8.6503E-02  1.7314E+00   3.4724E-01
 2.6647E+00  8.6547E-02  1.7315E+00   3.4767E-01
 2.6661E+00  8.6592E-02  1.7316E+00   3.4810E-01
 2.6674E+00  8.6636E-02  1.7316E+00   3.4853E-01
 2.6688E+00  8.6680E-02  1.7317E+00   3.4895E-01
 2.6702E+00  8.6725E-02  1.7318E+00   3.4938E-01
 2.6715E+00  8.6770E-02  1.7318E+00   3.4981E-01
 2.6729E+00  8.6815E-02  1.7319E+00   3.5024E-01
 2.6743E+00  8.6861E-02  1.7320E+00   3.5067E-01
 2.6757E+00  8.6907E-02  1.7320E+00   3.5111E-01
 2.6771E+00  8.6953E-02  1.7321E+00   3.5153E-01
 2.6784E+00  8.6999E-02  1.7322E+00   3.5197E-01
 2.6798E+00  8.7045E-02  1.7323E+00   3.5240E-01
 2.6812E+00  8.7092E-02  1.7323E+00   3.5284E-01
 2.6826E+00  8.7139E-02  1.7324E+00   3.5327E-01
 2.6840E+00  8.7186E-02  1.7325E+00   3.5371E-01
 2.6854E+00  8.7234E-02  1.7326E+00   3.5414E-01
 2.6868E+00  8.7281E-02  1.7326E+00   3.5458E-01
 2.6882E+00  8.7329E-02  1.7327E+00   3.5501E-01
 2.6896E+00  8.7377E-02  1.7328E+00   3.5545E-01
 2.6910E+00  8.7426E-02  1.7329E+00   3.5589E-01
 2.6924E+00  8.7474E-02  1.7330E+00   3.5633E-01
 2.6938E+00  8.7523E-02  1.7331E+00   3.5677E-01
 2.6951E+00  8.7572E-02  1.7331E+00   3.5721E-01
 2.6965E+00  8.7621E-02  1.7332E+00   3.5764E-01
 2.6980E+00  8.7671E-02  1.7333E+00   3.5809E-01
 2.6994E+00  8.7720E-02  1.7334E+00   3.5853E-01
 2.7008E+00  8.7770E-02  1.7335E+00   3.5897E-01
 2.7022E+00  8.7821E-02  1.7336E+00   3.5941E-01
 2.7036E+00  8.7871E-02  1.7337E+00   3.5985E-01
 2.7050E+00  8.7922E-02  1.7338E+00   3.6029E-01
 2.7064E+00  8.7972E-02  1.7339E+00   3.6074E-01
 2.7078E+00  8.8024E-02  1.7340E+00   3.6118E-01
 2.7092E+00  8.8075E-02  1.7341E+00   3.6162E-01
 2.7106E+00  8.8127E-02  1.7342E+00   3.6207E-01
 2.7121E+00  8.8179E-02  1.7343E+00   3.6252E-01
 2.7135E+00  8.8231E-02  1.7344E+00   3.6296E-01
 2.7149E+00  8.8284E-02  1.7345E+00   3.6341E-01
 2.7163E+00  8.8336E-02  1.7346E+00   3.6385E-01
 2.7178E+00  8.8389E-02  1.7347E+00   3.6430E-01
 2.7192E+00  8.8442E-02  1.7348E+00   3.6475E-01
 2.7206E+00  8.8496E-02  1.7349E+00   3.6519E-01
 2.7220E+00  8.8549E-02  1.7350E+00   3.6564E-01
 2.7235E+00  8.8603E-02  1.7352E+00   3.6609E-01
 2.7249E+00  8.8657E-02  1.7353E+00   3.6654E-01
 2.7263E+00  8.8712E-02  1.7354E+00   3.6699E-01
 2.7278E+00  8.8766E-02  1.7355E+00   3.6743E-01
 2.7292E+00  8.8821E-02  1.7356E+00   3.6788E-01
 2.7306E+00  8.8876E-02  1.7357E+00   3.6833E-01
 2.7321E+00  8.8931E-02  1.7359E+00   3.6878E-01
 2.7335E+00  8.8987E-02  1.7360E+00   3.6923E-01
 2.7349E+00  8.9043E-02  1.7361E+00   3.6968E-01
 2.7364E+00  8.9099E-02  1.7362E+00   3.7013E-01
 2.7378E+00  8.9155E-02  1.7364E+00   3.7058E-01
 2.7393E+00  8.9212E-02  1.7365E+00   3.7103E-01
 2.7407E+00  8.9269E-02  1.7366E+00   3.7149E-01
 2.7422E+00  8.9326E-02  1.7368E+00   3.7193E-01
 2.7436E+00  8.9383E-02  1.7369E+00   3.7238E-01
 2.7451E+00  8.9441E-02  1.7370E+00   3.7284E-01
 2.7465E+00  8.9498E-02  1.7372E+00   3.7329E-01
 2.7480E+00  8.9556E-02  1.7373E+00   3.7374E-01
 2.7495E+00  8.9615E-02  1.7374E+00   3.7419E-01
 2.7509E+00  8.9673E-02  1.7376E+00   3.7464E-01
 2.7524E+00  8.9732E-02  1.7377E+00   3.7509E-01
 2.7538E+00  8.9791E-02  1.7379E+00   3.7555E-01
 2.7553E+00  8.9850E-02  1.7380E+00   3.7600E-01
 2.7568E+00  8.9910E-02  1.7382E+00   3.7645E-01
 2.7582E+00  8.9969E-02  1.7383E+00   3.7690E-01
 2.7597E+00  9.0029E-02  1.7385E+00   3.7736E-01
 2.7612E+00  9.0089E-02  1.7386E+00   3.7780E-01
 2.7626E+00  9.0150E-02  1.7388E+00   3.7826E-01
 2.7641E+00  9.0210E-02  1.7389E+00   3.7871E-01
 2.7656E+00  9.0271E-02  1.7391E+00   3.7916E-01
 2.7671E+00  9.0332E-02  1.7392E+00   3.7961E-01
 2.7685E+00  9.0393E-02  1.7394E+00   3.8007E-01
 2.7700E+00  9.0455E-02  1.7395E+00   3.8051E-01
 2.7715E+00  9.0517E-02  1.7397E+00   3.8097E-01
 2.7730E+00  9.0579E-02  1.7399E+00   3.8142E-01
 2.7745E+00  9.0641E-02  1.7400E+00   3.8187E-01
 2.7759E+00  9.0703E-02  1.7402E+00   3.8232E-01
 2.7774E+00  9.0766E-02  1.7404E+00   3.8277E-01
 2.7789E+00  9.0829E-02  1.7405E+00   3.8322E-01
 2.7804E+00  9.0891E-02  1.7407E+00   3.8367E-01
 2.7819E+00  9.0955E-02  1.7409E+00   3.8412E-01
 2.7834E+00  9.1018E-02  1.7411E+00   3.8457E-01
 2.7849E+00  9.1082E-02  1.7412E+00   3.8502E-01
 2.7864E+00  9.1146E-02  1.7414E+00   3.8547E-01
 2.7879E+00  9.1210E-02  1.7416E+00   3.8591E-01
 2.7894E+00  9.1274E-02  1.7418E+00   3.8636E-01
 2.7909E+00  9.1339E-02  1.7420E+00   3.8681E-01
 2.7924E+00  9.1403E-02  1.7422E+00   3.8725E-01
 2.7939E+00  9.1468E-02  1.7423E+00   3.8770E-01
 2.7954E+00  9.1533E-02  1.7425E+00   3.8815E-01
 2.7969E+00  9.1598E-02  1.7427E+00   3.8859E-01
 2.7984E+00  9.1664E-02  1.7429E+00   3.8904E-01
 2.7999E+00  9.1729E-02  1.7431E+00   3.8948E-01
 2.8014E+00  9.1795E-02  1.7433E+00   3.8993E-01
 2.8030E+00  9.1861E-02  1.7435E+00   3.9037E-01
 2.8045E+00  9.1927E-02  1.7437E+00   3.9081E-01
 2.8060E+00  9.1994E-02  1.7439E+00   3.9125E-01
 2.8075E+00  9.2060E-02  1.7441E+00   3.9170E-01
 2.8090E+00  9.2127E-02  1.7443E+00   3.9214E-01
 2.8106E+00  9.2193E-02  1.7445E+00   3.9258E-01
 2.8121E+00  9.2261E-02  1.7447E+00   3.9302E-01
 2.8136E+00  9.2327E-02  1.7449E+00   3.9345E-01
 2.8151E+00  9.2395E-02  1.7451E+00   3.9389E-01
 2.8167E+00  9.2462E-02  1.7453E+00   3.9433E-01
 2.8182E+00  9.2530E-02  1.7455E+00   3.9477E-01
 2.8197E+00  9.2597E-02  1.7457E+00   3.9520E-01
 2.8213E+00  9.2665E-02  1.7460E+00   3.9564E-01
 2.8228E+00  9.2733E-02  1.7462E+00   3.9607E-01
 2.8243E+00  9.2801E-02  1.7464E+00   3.9650E-01
 2.8259E+00  9.2870E-02  1.7466E+00   3.9693E-01
 2.8274E+00  9.2938E-02  1.7468E+00   3.9737E-01
 2.8290E+00  9.3007E-02  1.7470E+00   3.9780E-01
 2.8305E+00  9.3075E-02  1.7473E+00   3.9823E-01
 2.8320E+00  9.3143E-02  1.7475E+00   3.9865E-01
 2.8336E+00  9.3212E-02  1.7477E+00   3.9908E-01
 2.8351E+00  9.3281E-02  1.7479E+00   3.9951E-01
 2.8367E+00  9.3350E-02  1.7482E+00   3.9993E-01
 2.8382E+00  9.3420E-02  1.7484E+00   4.0036E-01
 2.8398E+00  9.3489E-02  1.7486E+00   4.0078E-01
 2.8413E+00  9.3558E-02  1.7489E+00   4.0120E-01
 2.8429E+00  9.3627E-02  1.7491E+00   4.0162E-01
 2.8445E+00  9.3696E-02  1.7493E+00   4.0204E-01
 2.8460E+00  9.3766E-02  1.7496E+00   4.0246E-01
 2.8476E+00  9.3836E-02  1.7498E+00   4.0288E-01
 2.8492E+00  9.3906E-02  1.7500E+00   4.0330E-01
 2.8507E+00  9.3975E-02  1.7503E+00   4.0371E-01
 2.8523E+00  9.4044E-02  1.7505E+00   4.0412E-01
 2.8539E+00  9.4114E-02  1.7508E+00   4.0453E-01
 2.8554E+00  9.4184E-02  1.7510E+00   4.0495E-01
 2.8570E+00  9.4254E-02  1.7512E+00   4.0536E-01
 2.8586E+00  9.4324E-02  1.7515E+00   4.0577E-01
 2.8602E+00  9.4394E-02  1.7517E+00   4.0617E-01
 2.8617E+00  9.4464E-02  1.7520E+00   4.0658E-01
 2.8633E+00  9.4534E-02  1.7522E+00   4.0698E-01
 2.8649E+00  9.4604E-02  1.7525E+00   4.0739E-01
 2.8665E+00  9.4674E-02  1.7527E+00   4.0779E-01
 2.8681E+00  9.4744E-02  1.7530E+00   4.0819E-01
 2.8697E+00  9.4814E-02  1.7532E+00   4.0859E-01
 2.8712E+00  9.4884E-02  1.7535E+00   4.0899E-01
 2.8728E+00  9.4954E-02  1.7537E+00   4.0939E-01
 2.8744E+00  9.5024E-02  1.7540E+00   4.0978E-01
 2.8760E+00  9.5094E-02  1.7542E+00   4.1018E-01
 2.8776E+00  9.5164E-02  1.7545E+00   4.1057E-01
 2.8792E+00  9.5234E-02  1.7547E+00   4.1096E-01
 2.8808E+00  9.5304E-02  1.7550E+00   4.1135E-01
 2.8824E+00  9.5374E-02  1.7553E+00   4.1174E-01
 2.8840E+00  9.5444E-02  1.7555E+00   4.1212E-01
 2.8856E+00  9.5514E-02  1.7558E+00   4.1251E-01
 2.8872E+00  9.5584E-02  1.7560E+00   4.1289E-01
 2.8889E+00  9.5654E-02  1.7563E+00   4.1327E-01
 2.8905E+00  9.5723E-02  1.7566E+00   4.1366E-01
 2.8921E+00  9.5792E-02  1.7568E+00   4.1403E-01
 2.8937E+00  9.5862E-02  1.7571E+00   4.1441E-01
 2.8953E+00  9.5932E-02  1.7573E+00   4.1479E-01
 2.8969E+00  9.6001E-02  1.7576E+00   4.1516E-01
 2.8985E+00  9.6071E-02  1.7579E+00   4.1553E-01
 2.9002E+00  9.6140E-02  1.7581E+00   4.1591E-01
 2.9018E+00  9.6209E-02  1.7584E+00   4.1627E-01
 2.9034E+00  9.6278E-02  1.7587E+00   4.1664E-01
 2.9050E+00  9.6347E-02  1.7589E+00   4.1701E-01
 2.9067E+00  9.6416E-02  1.7592E+00   4.1738E-01
 2.9083E+00  9.6485E-02  1.7595E+00   4.1774E-01
 2.9099E+00  9.6554E-02  1.7597E+00   4.1810E-01
 2.9116E+00  9.6623E-02  1.7600E+00   4.1847E-01
 2.9132E+00  9.6691E-02  1.7602E+00   4.1882E-01
 2.9148E+00  9.6759E-02  1.7605E+00   4.1918E-01
 2.9165E+00  9.6827E-02  1.7608E+00   4.1954E-01
 2.9181E+00  9.6896E-02  1.7610E+00   4.1989E-01
 2.9198E+00  9.6964E-02  1.7613E+00   4.2025E-01
 2.9214E+00  9.7032E-02  1.7616E+00   4.2060E-01
 2.9230E+00  9.7100E-02  1.7618E+00   4.2095E-01
 2.9247E+00  9.7167E-02  1.7621E+00   4.2130E-01
 2.9263E+00  9.7235E-02  1.7624E+00   4.2165E-01
 2.9280E+00  9.7302E-02  1.7626E+00   4.2199E-01
 2.9297E+00  9.7369E-02  1.7629E+00   4.2234E-01
 2.9313E+00  9.7436E-02  1.7632E+00   4.2268E-01
 2.9330E+00  9.7503E-02  1.7634E+00   4.2302E-01
 2.9346E+00  9.7570E-02  1.7637E+00   4.2336E-01
 2.9363E+00  9.7637E-02  1.7640E+00   4.2370E-01
 2.9379E+00  9.7703E-02  1.7642E+00   4.2404E-01
 2.9396E+00  9.7770E-02  1.7645E+00   4.2437E-01
 2.9413E+00  9.7836E-02  1.7648E+00   4.2471E-01
 2.9430E+00  9.7902E-02  1.7650E+00   4.2504E-01
 2.9446E+00  9.7967E-02  1.7653E+00   4.2537E-01
 2.9463E+00  9.8033E-02  1.7656E+00   4.2570E-01
 2.9480E+00  9.8099E-02  1.7658E+00   4.2603E-01
 2.9496E+00  9.8164E-02  1.7661E+00   4.2636E-01
 2.9513E+00  9.8229E-02  1.7663E+00   4.2669E-01
 2.9530E+00  9.8294E-02  1.7666E+00   4.2701E-01
 2.9547E+00  9.8359E-02  1.7669E+00   4.2734E-01
 2.9564E+00  9.8424E-02  1.7671E+00   4.2766E-01
 2.9581E+00  9.8488E-02  1.7674E+00   4.2798E-01
 2.9597E+00  9.8552E-02  1.7676E+00   4.2830E-01
 2.9614E+00  9.8617E-02  1.7679E+00   4.2862E-01
 2.9631E+00  9.8680E-02  1.7682E+00   4.2894E-01
 2.9648E+00  9.8744E-02  1.7684E+00   4.2926E-01
 2.9665E+00  9.8807E-02  1.7687E+00   4.2957E-01
 2.9682E+00  9.8871E-02  1.7689E+00   4.2988E-01
 2.9699E+00  9.8934E-02  1.7692E+00   4.3020E-01
 2.9716E+00  9.8997E-02  1.7694E+00   4.3051E-01
 2.9733E+00  9.9060E-02  1.7697E+00   4.3082E-01
 2.9750E+00  9.9123E-02  1.7699E+00   4.3113E-01
 2.9767E+00  9.9185E-02  1.7702E+00   4.3144E-01
 2.9784E+00  9.9247E-02  1.7705E+00   4.3175E-01
 2.9802E+00  9.9310E-02  1.7707E+00   4.3206E-01
 2.9819E+00  9.9371E-02  1.7710E+00   4.3236E-01
 2.9836E+00  9.9433E-02  1.7712E+00   4.3267E-01
 2.9853E+00  9.9495E-02  1.7715E+00   4.3298E-01
 2.9870E+00  9.9556E-02  1.7717E+00   4.3328E-01
 2.9887E+00  9.9617E-02  1.7719E+00   4.3358E-01
 2.9905E+00  9.9678E-02  1.7722E+00   4.3388E-01
 2.9922E+00  9.9739E-02  1.7724E+00   4.3418E-01
 2.9939E+00  9.9799E-02  1.7727E+00   4.3449E-01
 2.9956E+00  9.9860E-02  1.7729E+00   4.3479E-01
 2.9974E+00  9.9920E-02  1.7732E+00   4.3509E-01
 2.9991E+00  9.9980E-02  1.7734E+00   4.3538E-01
 3.0008E+00  1.0004E-01  1.7736E+00   4.3568E-01
 3.0026E+00  1.0010E-01  1.7739E+00   4.3598E-01
 3.0043E+00  1.0016E-01  1.7741E+00   4.3627E-01
 3.0061E+00  1.0022E-01  1.7744E+00   4.3657E-01
 3.0078E+00  1.0028E-01  1.7746E+00   4.3687E-01
 3.0096E+00  1.0034E-01  1.7748E+00   4.3716E-01
 3.0113E+00  1.0040E-01  1.7751E+00   4.3745E-01
 3.0131E+00  1.0045E-01  1.7753E+00   4.3775E-01
 3.0148E+00  1.0051E-01  1.7755E+00   4.3804E-01
 3.0166E+00  1.0057E-01  1.7758E+00   4.3833E-01
 3.0183E+00  1.0063E-01  1.7760E+00   4.3863E-01
 3.0201E+00  1.0069E-01  1.7762E+00   4.3892E-01
 3.0218E+00  1.0075E-01  1.7765E+00   4.3921E-01
 3.0236E+00  1.0080E-01  1.7767E+00   4.3950E-01
 3.0254E+00  1.0086E-01  1.7769E+00   4.3979E-01
 3.0271E+00  1.0092E-01  1.7771E+00   4.4008E-01
 3.0289E+00  1.0098E-01  1.7774E+00   4.4037E-01
 3.0307E+00  1.0103E-01  1.7776E+00   4.4066E-01
 3.0324E+00  1.0109E-01  1.7778E+00   4.4095E-01
 3.0342E+00  1.0115E-01  1.7780E+00   4.4124E-01
 3.0360E+00  1.0120E-01  1.7782E+00   4.4153E-01
 3.0378E+00  1.0126E-01  1.7785E+00   4.4182E-01
 3.0396E+00  1.0132E-01  1.7787E+00   4.4211E-01
 3.0413E+00  1.0137E-01  1.7789E+00   4.4239E-01
 3.0431E+00  1.0143E-01  1.7791E+00   4.4268E-01
 3.0449E+00  1.0148E-01  1.7793E+00   4.4297E-01
 3.0467E+00  1.0154E-01  1.7795E+00   4.4326E-01
 3.0485E+00  1.0160E-01  1.7798E+00   4.4355E-01
 3.0503E+00  1.0165E-01  1.7800E+00   4.4384E-01
 3.0521E+00  1.0171E-01  1.7802E+00   4.4413E-01
 3.0539E+00  1.0176E-01  1.7804E+00   4.4442E-01
 3.0557E+00  1.0182E-01  1.7806E+00   4.4470E-01
 3.0575E+00  1.0187E-01  1.7808E+00   4.4499E-01
 3.0593E+00  1.0193E-01  1.7810E+00   4.4528E-01
 3.0611E+00  1.0198E-01  1.7812E+00   4.4557E-01
 3.0629E+00  1.0204E-01  1.7814E+00   4.4586E-01
 3.0647E+00  1.0209E-01  1.7816E+00   4.4615E-01
 3.0665E+00  1.0215E-01  1.7818E+00   4.4644E-01
 3.0683E+00  1.0220E-01  1.7820E+00   4.4673E-01
 3.0701E+00  1.0226E-01  1.7822E+00   4.4702E-01
 3.0720E+00  1.0231E-01  1.7824E+00   4.4731E-01
 3.0738E+00  1.0236E-01  1.7826E+00   4.4760E-01
 3.0756E+00  1.0242E-01  1.7828E+00   4.4789E-01
 3.0774E+00  1.0247E-01  1.7830E+00   4.4818E-01
 3.0793E+00  1.0253E-01  1.7832E+00   4.4847E-01
 3.0811E+00  1.0258E-01  1.7834E+00   4.4877E-01
 3.0829E+00  1.0263E-01  1.7836E+00   4.4906E-01
 3.0848E+00  1.0269E-01  1.7838E+00   4.4935E-01
 3.0866E+00  1.0274E-01  1.7840E+00   4.4964E-01
 3.0884E+00  1.0280E-01  1.7842E+00   4.4994E-01
 3.0903E+00  1.0285E-01  1.7844E+00   4.5023E-01
 3.0921E+00  1.0290E-01  1.7846E+00   4.5053E-01
 3.0939E+00  1.0296E-01  1.7847E+00   4.5082E-01
 3.0958E+00  1.0301E-01  1.7849E+00   4.5111E-01
 3.0976E+00  1.0306E-01  1.7851E+00   4.5141E-01
 3.0995E+00  1.0312E-01  1.7853E+00   4.5171E-01
 3.1014E+00  1.0317E-01  1.7855E+00   4.5200E-01
 3.1032E+00  1.0322E-01  1.7857E+00   4.5230E-01
 3.1051E+00  1.0328E-01  1.7859E+00   4.5260E-01
 3.1069E+00  1.0333E-01  1.7860E+00   4.5290E-01
 3.1088E+00  1.0338E-01  1.7862E+00   4.5320E-01
 3.1107E+00  1.0344E-01  1.7864E+00   4.5350E-01
 3.1125E+00  1.0349E-01  1.7866E+00   4.5380E-01
 3.1144E+00  1.0354E-01  1.7868E+00   4.5410E-01
 3.1163E+00  1.0360E-01  1.7869E+00   4.5440E-01
 3.1181E+00  1.0365E-01  1.7871E+00   4.5470E-01
 3.1200E+00  1.0370E-01  1.7873E+00   4.5501E-01
 3.1219E+00  1.0375E-01  1.7875E+00   4.5531E-01
 3.1238E+00  1.0381E-01  1.7876E+00   4.5562E-01
 3.1257E+00  1.0386E-01  1.7878E+00   4.5592E-01
 3.1275E+00  1.0391E-01  1.7880E+00   4.5623E-01
 3.1294E+00  1.0397E-01  1.7882E+00   4.5654E-01
 3.1313E+00  1.0402E-01  1.7883E+00   4.5684E-01
 3.1332E+00  1.0407E-01  1.7885E+00   4.5715E-01
 3.1351E+00  1.0413E-01  1.7887E+00   4.5746E-01
 3.1370E+00  1.0418E-01  1.7888E+00   4.5777E-01
 3.1389E+00  1.0423E-01  1.7890E+00   4.5808E-01
 3.1408E+00  1.0428E-01  1.7892E+00   4.5839E-01
 3.1427E+00  1.0434E-01  1.7893E+00   4.5871E-01
 3.1446E+00  1.0439E-01  1.7895E+00   4.5902E-01
 3.1465E+00  1.0444E-01  1.7897E+00   4.5933E-01
 3.1484E+00  1.0450E-01  1.7898E+00   4.5965E-01
 3.1503E+00  1.0455E-01  1.7900E+00   4.5997E-01
 3.1523E+00  1.0460E-01  1.7902E+00   4.6028E-01
 3.1542E+00  1.0466E-01  1.7903E+00   4.6060E-01
 3.1561E+00  1.0471E-01  1.7905E+00   4.6092E-01
 3.1580E+00  1.0476E-01  1.7907E+00   4.6124E-01
 3.1599E+00  1.0482E-01  1.7908E+00   4.6156E-01
 3.1619E+00  1.0487E-01  1.7910E+00   4.6188E-01
 3.1638E+00  1.0492E-01  1.7912E+00   4.6221E-01
 3.1657E+00  1.0498E-01  1.7913E+00   4.6253E-01
 3.1677E+00  1.0503E-01  1.7915E+00   4.6285E-01
 3.1696E+00  1.0508E-01  1.7916E+00   4.6318E-01
 3.1715E+00  1.0514E-01  1.7918E+00   4.6351E-01
 3.1735E+00  1.0519E-01  1.7919E+00   4.6383E-01
 3.1754E+00  1.0524E-01  1.7921E+00   4.6416E-01
 3.1774E+00  1.0530E-01  1.7923E+00   4.6449E-01
 3.1793E+00  1.0535E-01  1.7924E+00   4.6482E-01
 3.1813E+00  1.0541E-01  1.7926E+00   4.6516E-01
 3.1832E+00  1.0546E-01  1.7927E+00   4.6549E-01
 3.1852E+00  1.0551E-01  1.7929E+00   4.6582E-01
 3.1871E+00  1.0557E-01  1.7930E+00   4.6616E-01
 3.1891E+00  1.0562E-01  1.7932E+00   4.6649E-01
 3.1911E+00  1.0568E-01  1.7933E+00   4.6683E-01
 3.1930E+00  1.0573E-01  1.7935E+00   4.6717E-01
 3.1950E+00  1.0578E-01  1.7936E+00   4.6751E-01
 3.1970E+00  1.0584E-01  1.7938E+00   4.6785E-01
 3.1989E+00  1.0589E-01  1.7939E+00   4.6819E-01
 3.2009E+00  1.0595E-01  1.7941E+00   4.6854E-01
 3.2029E+00  1.0600E-01  1.7943E+00   4.6888E-01
 3.2049E+00  1.0606E-01  1.7944E+00   4.6923E-01
 3.2068E+00  1.0611E-01  1.7945E+00   4.6957E-01
 3.2088E+00  1.0617E-01  1.7947E+00   4.6992E-01
 3.2108E+00  1.0622E-01  1.7948E+00   4.7027E-01
 3.2128E+00  1.0628E-01  1.7950E+00   4.7062E-01
 3.2148E+00  1.0633E-01  1.7951E+00   4.7098E-01
 3.2168E+00  1.0639E-01  1.7953E+00   4.7133E-01
 3.2188E+00  1.0644E-01  1.7954E+00   4.7168E-01
 3.2208E+00  1.0650E-01  1.7956E+00   4.7204E-01
 3.2228E+00  1.0655E-01  1.7957E+00   4.7240E-01
 3.2248E+00  1.0661E-01  1.7959E+00   4.7276E-01
 3.2268E+00  1.0666E-01  1.7960E+00   4.7312E-01
 3.2288E+00  1.0672E-01  1.7962E+00   4.7348E-01
 3.2308E+00  1.0678E-01  1.7963E+00   4.7384E-01
 3.2328E+00  1.0683E-01  1.7964E+00   4.7421E-01
 3.2348E+00  1.0689E-01  1.7966E+00   4.7457E-01
 3.2369E+00  1.0694E-01  1.7967E+00   4.7494E-01
 3.2389E+00  1.0700E-01  1.7969E+00   4.7531E-01
 3.2409E+00  1.0706E-01  1.7970E+00   4.7568E-01
 3.2429E+00  1.0711E-01  1.7971E+00   4.7605E-01
 3.2450E+00  1.0717E-01  1.7973E+00   4.7643E-01
 3.2470E+00  1.0723E-01  1.7974E+00   4.7680E-01
 3.2490E+00  1.0728E-01  1.7976E+00   4.7718E-01
 3.2511E+00  1.0734E-01  1.7977E+00   4.7756E-01
 3.2531E+00  1.0740E-01  1.7978E+00   4.7794E-01
 3.2552E+00  1.0746E-01  1.7980E+00   4.7833E-01
 3.2572E+00  1.0751E-01  1.7981E+00   4.7871E-01
 3.2593E+00  1.0757E-01  1.7982E+00   4.7909E-01
 3.2613E+00  1.0763E-01  1.7984E+00   4.7948E-01
 3.2634E+00  1.0769E-01  1.7985E+00   4.7987E-01
 3.2654E+00  1.0774E-01  1.7986E+00   4.8027E-01
 3.2675E+00  1.0780E-01  1.7988E+00   4.8066E-01
 3.2695E+00  1.0786E-01  1.7989E+00   4.8106E-01
 3.2716E+00  1.0792E-01  1.7990E+00   4.8146E-01
 3.2736E+00  1.0798E-01  1.7992E+00   4.8186E-01
 3.2757E+00  1.0804E-01  1.7993E+00   4.8226E-01
 3.2778E+00  1.0810E-01  1.7994E+00   4.8267E-01
 3.2799E+00  1.0815E-01  1.7995E+00   4.8308E-01
 3.2820E+00  1.0821E-01  1.7997E+00   4.8349E-01
 3.2840E+00  1.0827E-01  1.7998E+00   4.8390E-01
 3.2861E+00  1.0833E-01  1.7999E+00   4.8432E-01
 3.2882E+00  1.0839E-01  1.8000E+00   4.8474E-01
 3.2903E+00  1.0845E-01  1.8001E+00   4.8516E-01
 3.2924E+00  1.0851E-01  1.8003E+00   4.8559E-01
 3.2945E+00  1.0857E-01  1.8004E+00   4.8601E-01
 3.2965E+00  1.0863E-01  1.8005E+00   4.8645E-01
 3.2986E+00  1.0870E-01  1.8006E+00   4.8688E-01
 3.3007E+00  1.0876E-01  1.8007E+00   4.8732E-01
 3.3028E+00  1.0882E-01  1.8008E+00   4.8776E-01
 3.3049E+00  1.0888E-01  1.8010E+00   4.8821E-01
 3.3071E+00  1.0894E-01  1.8011E+00   4.8866E-01
 3.3092E+00  1.0900E-01  1.8012E+00   4.8912E-01
 3.3113E+00  1.0907E-01  1.8013E+00   4.8958E-01
 3.3134E+00  1.0913E-01  1.8014E+00   4.9004E-01
 3.3155E+00  1.0919E-01  1.8015E+00   4.9051E-01
 3.3176E+00  1.0926E-01  1.8016E+00   4.9099E-01
 3.3198E+00  1.0932E-01  1.8017E+00   4.9147E-01
 3.3219E+00  1.0939E-01  1.8018E+00   4.9196E-01
 3.3240E+00  1.0945E-01  1.8019E+00   4.9245E-01
 3.3262E+00  1.0952E-01  1.8020E+00   4.9295E-01
 3.3283E+00  1.0959E-01  1.8021E+00   4.9346E-01
 3.3304E+00  1.0965E-01  1.8022E+00   4.9397E-01
 3.3326E+00  1.0972E-01  1.8023E+00   4.9450E-01
 3.3347E+00  1.0979E-01  1.8024E+00   4.9503E-01
 3.3369E+00  1.0986E-01  1.8025E+00   4.9557E-01
 3.3390E+00  1.0993E-01  1.8026E+00   4.9612E-01
 3.3411E+00  1.1000E-01  1.8026E+00   4.9668E-01
 3.3433E+00  1.1008E-01  1.8027E+00   4.9726E-01
 3.3455E+00  1.1015E-01  1.8028E+00   4.9784E-01
 3.3476E+00  1.1023E-01  1.8029E+00   4.9844E-01
 3.3498E+00  1.1031E-01  1.8030E+00   4.9905E-01
 3.3520E+00  1.1039E-01  1.8031E+00   4.9967E-01
 3.3541E+00  1.1047E-01  1.8032E+00   5.0032E-01
 3.3563E+00  1.1055E-01  1.8033E+00   5.0097E-01
 3.3585E+00  1.1064E-01  1.8034E+00   5.0165E-01
 3.3606E+00  1.1072E-01  1.8035E+00   5.0234E-01
 3.3628E+00  1.1082E-01  1.8036E+00   5.0306E-01
 3.3650E+00  1.1091E-01  1.8037E+00   5.0380E-01
 3.3672E+00  1.1101E-01  1.8038E+00   5.0456E-01
 3.3694E+00  1.1111E-01  1.8039E+00   5.0534E-01
 3.3716E+00  1.1122E-01  1.8041E+00   5.0616E-01
 3.3738E+00  1.1133E-01  1.8042E+00   5.0700E-01
 3.3760E+00  1.1145E-01  1.8044E+00   5.0788E-01
 3.3782E+00  1.1157E-01  1.8046E+00   5.0878E-01
 3.3804E+00  1.1171E-01  1.8048E+00   5.0972E-01
 3.3826E+00  1.1185E-01  1.8051E+00   5.1068E-01
 3.3848E+00  1.1199E-01  1.8054E+00   5.1168E-01
 3.3870E+00  1.1215E-01  1.8057E+00   5.1271E-01
 3.3892E+00  1.1232E-01  1.8061E+00   5.1378E-01
 3.3914E+00  1.1250E-01  1.8066E+00   5.1487E-01
 3.3936E+00  1.1268E-01  1.8071E+00   5.1599E-01
 3.3959E+00  1.1288E-01  1.8077E+00   5.1711E-01
 3.3981E+00  1.1310E-01  1.8084E+00   5.1825E-01
 3.4003E+00  1.1332E-01  1.8092E+00   5.1938E-01
 3.4025E+00  1.1355E-01  1.8101E+00   5.2049E-01
 3.4048E+00  1.1379E-01  1.8111E+00   5.2156E-01
 3.4070E+00  1.1404E-01  1.8122E+00   5.2257E-01
 3.4093E+00  1.1429E-01  1.8134E+00   5.2350E-01
 3.4115E+00  1.1454E-01  1.8147E+00   5.2432E-01
 3.4137E+00  1.1479E-01  1.8161E+00   5.2502E-01
 3.4160E+00  1.1502E-01  1.8175E+00   5.2557E-01
 3.4182E+00  1.1524E-01  1.8190E+00   5.2597E-01
 3.4205E+00  1.1545E-01  1.8205E+00   5.2621E-01
 3.4228E+00  1.1563E-01  1.8219E+00   5.2628E-01
 3.4250E+00  1.1578E-01  1.8233E+00   5.2620E-01
 3.4273E+00  1.1591E-01  1.8245E+00   5.2599E-01
 3.4295E+00  1.1601E-01  1.8257E+00   5.2567E-01
 3.4318E+00  1.1609E-01  1.8267E+00   5.2526E-01
 3.4341E+00  1.1615E-01  1.8276E+00   5.2480E-01
 3.4364E+00  1.1618E-01  1.8284E+00   5.2431E-01
 3.4386E+00  1.1620E-01  1.8290E+00   5.2382E-01
 3.4409E+00  1.1621E-01  1.8295E+00   5.2335E-01
 3.4432E+00  1.1621E-01  1.8298E+00   5.2291E-01
 3.4455E+00  1.1620E-01  1.8301E+00   5.2252E-01
 3.4478E+00  1.1618E-01  1.8303E+00   5.2219E-01
 3.4501E+00  1.1617E-01  1.8304E+00   5.2192E-01
 3.4524E+00  1.1615E-01  1.8305E+00   5.2172E-01
 3.4547E+00  1.1614E-01  1.8305E+00   5.2160E-01
 3.4570E+00  1.1614E-01  1.8305E+00   5.2155E-01
 3.4593E+00  1.1613E-01  1.8305E+00   5.2157E-01
 3.4616E+00  1.1614E-01  1.8304E+00   5.2168E-01
 3.4639E+00  1.1615E-01  1.8304E+00   5.2186E-01
 3.4662E+00  1.1617E-01  1.8303E+00   5.2212E-01
 3.4686E+00  1.1621E-01  1.8303E+00   5.2246E-01
 3.4709E+00  1.1625E-01  1.8303E+00   5.2288E-01
 3.4732E+00  1.1631E-01  1.8303E+00   5.2338E-01
 3.4755E+00  1.1639E-01  1.8304E+00   5.2396E-01
 3.4779E+00  1.1648E-01  1.8306E+00   5.2461E-01
 3.4802E+00  1.1660E-01  1.8309E+00   5.2533E-01
 3.4825E+00  1.1673E-01  1.8313E+00   5.2607E-01
 3.4849E+00  1.1689E-01  1.8319E+00   5.2681E-01
 3.4872E+00  1.1705E-01  1.8326E+00   5.2749E-01
 3.4895E+00  1.1723E-01  1.8335E+00   5.2804E-01
 3.4919E+00  1.1739E-01  1.8346E+00   5.2840E-01
 3.4943E+00  1.1754E-01  1.8356E+00   5.2853E-01
 3.4966E+00  1.1765E-01  1.8367E+00   5.2843E-01
 3.4990E+00  1.1772E-01  1.8375E+00   5.2813E-01
 3.5013E+00  1.1776E-01  1.8382E+00   5.2770E-01
 3.5037E+00  1.1776E-01  1.8387E+00   5.2723E-01
 3.5061E+00  1.1775E-01  1.8390E+00   5.2677E-01
 3.5084E+00  1.1773E-01  1.8392E+00   5.2637E-01
 3.5108E+00  1.1770E-01  1.8393E+00   5.2606E-01
 3.5132E+00  1.1767E-01  1.8393E+00   5.2583E-01
 3.5156E+00  1.1765E-01  1.8392E+00   5.2569E-01
 3.5180E+00  1.1763E-01  1.8391E+00   5.2564E-01
 3.5204E+00  1.1762E-01  1.8390E+00   5.2565E-01
 3.5227E+00  1.1762E-01  1.8389E+00   5.2572E-01
 3.5251E+00  1.1762E-01  1.8389E+00   5.2585E-01
 3.5275E+00  1.1764E-01  1.8388E+00   5.2602E-01
 3.5299E+00  1.1765E-01  1.8387E+00   5.2622E-01
 3.5324E+00  1.1767E-01  1.8387E+00   5.2646E-01
 3.5347E+00  1.1770E-01  1.8387E+00   5.2672E-01
 3.5372E+00  1.1773E-01  1.8386E+00   5.2700E-01
 3.5396E+00  1.1776E-01  1.8386E+00   5.2730E-01
 3.5420E+00  1.1780E-01  1.8387E+00   5.2762E-01
 3.5444E+00  1.1784E-01  1.8387E+00   5.2795E-01
 3.5468E+00  1.1788E-01  1.8387E+00   5.2829E-01
 3.5493E+00  1.1793E-01  1.8388E+00   5.2864E-01
 3.5517E+00  1.1798E-01  1.8389E+00   5.2900E-01
 3.5541E+00  1.1803E-01  1.8389E+00   5.2937E-01
 3.5566E+00  1.1808E-01  1.8390E+00   5.2975E-01
 3.5590E+00  1.1813E-01  1.8391E+00   5.3013E-01
 3.5615E+00  1.1819E-01  1.8392E+00   5.3052E-01
 3.5639E+00  1.1825E-01  1.8393E+00   5.3091E-01
 3.5663E+00  1.1830E-01  1.8394E+00   5.3131E-01
 3.5688E+00  1.1836E-01  1.8395E+00   5.3171E-01
 3.5713E+00  1.1842E-01  1.8397E+00   5.3211E-01
 3.5737E+00  1.1849E-01  1.8398E+00   5.3252E-01
 3.5762E+00  1.1855E-01  1.8400E+00   5.3293E-01
 3.5787E+00  1.1861E-01  1.8401E+00   5.3334E-01
 3.5811E+00  1.1868E-01  1.8403E+00   5.3375E-01
 3.5836E+00  1.1875E-01  1.8404E+00   5.3417E-01
 3.5861E+00  1.1881E-01  1.8406E+00   5.3459E-01
 3.5886E+00  1.1888E-01  1.8408E+00   5.3501E-01
 3.5911E+00  1.1895E-01  1.8409E+00   5.3543E-01
 3.5935E+00  1.1902E-01  1.8411E+00   5.3585E-01
 3.5960E+00  1.1909E-01  1.8413E+00   5.3628E-01
 3.5985E+00  1.1916E-01  1.8415E+00   5.3670E-01
 3.6010E+00  1.1923E-01  1.8417E+00   5.3713E-01
 3.6035E+00  1.1930E-01  1.8418E+00   5.3756E-01
 3.6060E+00  1.1937E-01  1.8420E+00   5.3799E-01
 3.6086E+00  1.1945E-01  1.8422E+00   5.3842E-01
 3.6111E+00  1.1952E-01  1.8424E+00   5.3885E-01
 3.6136E+00  1.1959E-01  1.8427E+00   5.3928E-01
 3.6161E+00  1.1967E-01  1.8429E+00   5.3972E-01
 3.6186E+00  1.1974E-01  1.8431E+00   5.4015E-01
 3.6211E+00  1.1982E-01  1.8433E+00   5.4059E-01
 3.6237E+00  1.1989E-01  1.8435E+00   5.4102E-01
 3.6262E+00  1.1997E-01  1.8437E+00   5.4146E-01
 3.6288E+00  1.2005E-01  1.8440E+00   5.4190E-01
 3.6313E+00  1.2012E-01  1.8442E+00   5.4233E-01
 3.6338E+00  1.2020E-01  1.8444E+00   5.4277E-01
 3.6364E+00  1.2028E-01  1.8446E+00   5.4321E-01
 3.6389E+00  1.2036E-01  1.8449E+00   5.4365E-01
 3.6415E+00  1.2043E-01  1.8451E+00   5.4409E-01
 3.6441E+00  1.2051E-01  1.8453E+00   5.4453E-01
 3.6466E+00  1.2059E-01  1.8456E+00   5.4497E-01
 3.6492E+00  1.2067E-01  1.8458E+00   5.4542E-01
 3.6517E+00  1.2075E-01  1.8461E+00   5.4586E-01
 3.6543E+00  1.2083E-01  1.8463E+00   5.4630E-01
 3.6569E+00  1.2091E-01  1.8466E+00   5.4675E-01
 3.6595E+00  1.2099E-01  1.8468E+00   5.4719E-01
 3.6621E+00  1.2107E-01  1.8471E+00   5.4763E-01
 3.6646E+00  1.2115E-01  1.8473E+00   5.4808E-01
 3.6672E+00  1.2124E-01  1.8476E+00   5.4852E-01
 3.6698E+00  1.2132E-01  1.8478E+00   5.4897E-01
 3.6724E+00  1.2140E-01  1.8481E+00   5.4941E-01
 3.6750E+00  1.2148E-01  1.8484E+00   5.4986E-01
 3.6776E+00  1.2157E-01  1.8486E+00   5.5031E-01
 3.6803E+00  1.2165E-01  1.8489E+00   5.5076E-01
 3.6829E+00  1.2173E-01  1.8491E+00   5.5120E-01
 3.6855E+00  1.2182E-01  1.8494E+00   5.5165E-01
 3.6881E+00  1.2190E-01  1.8497E+00   5.5210E-01
 3.6907E+00  1.2198E-01  1.8500E+00   5.5254E-01
 3.6934E+00  1.2207E-01  1.8502E+00   5.5299E-01
 3.6960E+00  1.2215E-01  1.8505E+00   5.5344E-01
 3.6986E+00  1.2224E-01  1.8508E+00   5.5389E-01
 3.7013E+00  1.2232E-01  1.8511E+00   5.5434E-01
 3.7039E+00  1.2241E-01  1.8513E+00   5.5479E-01
 3.7066E+00  1.2249E-01  1.8516E+00   5.5524E-01
 3.7092E+00  1.2258E-01  1.8519E+00   5.5569E-01
 3.7119E+00  1.2266E-01  1.8522E+00   5.5614E-01
 3.7145E+00  1.2275E-01  1.8525E+00   5.5659E-01
 3.7172E+00  1.2284E-01  1.8528E+00   5.5704E-01
 3.7199E+00  1.2292E-01  1.8531E+00   5.5749E-01
 3.7225E+00  1.2301E-01  1.8533E+00   5.5794E-01
 3.7252E+00  1.2310E-01  1.8536E+00   5.5840E-01
 3.7279E+00  1.2318E-01  1.8539E+00   5.5885E-01
 3.7306E+00  1.2327E-01  1.8542E+00   5.5930E-01
 3.7332E+00  1.2336E-01  1.8545E+00   5.5975E-01
 3.7359E+00  1.2345E-01  1.8548E+00   5.6020E-01
 3.7386E+00  1.2353E-01  1.8551E+00   5.6066E-01
 3.7413E+00  1.2362E-01  1.8554E+00   5.6111E-01
 3.7440E+00  1.2371E-01  1.8557E+00   5.6156E-01
 3.7467E+00  1.2380E-01  1.8560E+00   5.6202E-01
 3.7494E+00  1.2389E-01  1.8563E+00   5.6247E-01
 3.7521E+00  1.2398E-01  1.8566E+00   5.6292E-01
 3.7549E+00  1.2407E-01  1.8569E+00   5.6338E-01
 3.7576E+00  1.2415E-01  1.8572E+00   5.6383E-01
 3.7603E+00  1.2424E-01  1.8575E+00   5.6429E-01
 3.7630E+00  1.2433E-01  1.8579E+00   5.6474E-01
 3.7658E+00  1.2442E-01  1.8582E+00   5.6519E-01
 3.7685E+00  1.2451E-01  1.8585E+00   5.6565E-01
 3.7713E+00  1.2460E-01  1.8588E+00   5.6610E-01
 3.7740E+00  1.2469E-01  1.8591E+00   5.6656E-01
 3.7767E+00  1.2479E-01  1.8594E+00   5.6701E-01
 3.7795E+00  1.2488E-01  1.8597E+00   5.6747E-01
 3.7823E+00  1.2497E-01  1.8601E+00   5.6793E-01
 3.7850E+00  1.2506E-01  1.8604E+00   5.6838E-01
 3.7878E+00  1.2515E-01  1.8607E+00   5.6884E-01
 3.7906E+00  1.2524E-01  1.8610E+00   5.6929E-01
 3.7933E+00  1.2533E-01  1.8613E+00   5.6975E-01
 3.7961E+00  1.2542E-01  1.8617E+00   5.7020E-01
 3.7989E+00  1.2552E-01  1.8620E+00   5.7066E-01
 3.8017E+00  1.2561E-01  1.8623E+00   5.7112E-01
 3.8045E+00  1.2570E-01  1.8627E+00   5.7157E-01
 3.8072E+00  1.2579E-01  1.8630E+00   5.7203E-01
 3.8100E+00  1.2589E-01  1.8633E+00   5.7249E-01
 3.8129E+00  1.2598E-01  1.8637E+00   5.7295E-01
 3.8157E+00  1.2607E-01  1.8640E+00   5.7340E-01
 3.8185E+00  1.2617E-01  1.8643E+00   5.7386E-01
 3.8213E+00  1.2626E-01  1.8647E+00   5.7432E-01
 3.8241E+00  1.2635E-01  1.8650E+00   5.7477E-01
 3.8269E+00  1.2645E-01  1.8653E+00   5.7523E-01
 3.8298E+00  1.2654E-01  1.8657E+00   5.7569E-01
 3.8326E+00  1.2663E-01  1.8660E+00   5.7615E-01
 3.8354E+00  1.2673E-01  1.8663E+00   5.7661E-01
 3.8383E+00  1.2682E-01  1.8667E+00   5.7706E-01
 3.8411E+00  1.2692E-01  1.8670E+00   5.7752E-01
 3.8439E+00  1.2701E-01  1.8674E+00   5.7798E-01
 3.8468E+00  1.2711E-01  1.8677E+00   5.7844E-01
 3.8497E+00  1.2720E-01  1.8681E+00   5.7890E-01
 3.8525E+00  1.2730E-01  1.8684E+00   5.7935E-01
 3.8554E+00  1.2739E-01  1.8688E+00   5.7981E-01
 3.8582E+00  1.2749E-01  1.8691E+00   5.8027E-01
 3.8611E+00  1.2758E-01  1.8695E+00   5.8073E-01
 3.8640E+00  1.2768E-01  1.8698E+00   5.8119E-01
 3.8669E+00  1.2777E-01  1.8702E+00   5.8165E-01
 3.8698E+00  1.2787E-01  1.8705E+00   5.8211E-01
 3.8727E+00  1.2797E-01  1.8709E+00   5.8257E-01
 3.8756E+00  1.2806E-01  1.8712E+00   5.8303E-01
 3.8784E+00  1.2816E-01  1.8716E+00   5.8348E-01
 3.8813E+00  1.2825E-01  1.8720E+00   5.8394E-01
 3.8843E+00  1.2835E-01  1.8723E+00   5.8440E-01
 3.8872E+00  1.2845E-01  1.8727E+00   5.8486E-01
 3.8901E+00  1.2855E-01  1.8730E+00   5.8532E-01
 3.8930E+00  1.2864E-01  1.8734E+00   5.8578E-01
 3.8959E+00  1.2874E-01  1.8738E+00   5.8624E-01
 3.8988E+00  1.2884E-01  1.8741E+00   5.8670E-01
 3.9018E+00  1.2893E-01  1.8745E+00   5.8716E-01
 3.9047E+00  1.2903E-01  1.8749E+00   5.8762E-01
 3.9077E+00  1.2913E-01  1.8752E+00   5.8808E-01
 3.9106E+00  1.2923E-01  1.8756E+00   5.8854E-01
 3.9136E+00  1.2933E-01  1.8760E+00   5.8900E-01
 3.9165E+00  1.2942E-01  1.8764E+00   5.8946E-01
 3.9195E+00  1.2952E-01  1.8767E+00   5.8992E-01
 3.9224E+00  1.2962E-01  1.8771E+00   5.9038E-01
 3.9254E+00  1.2972E-01  1.8775E+00   5.9084E-01
 3.9284E+00  1.2982E-01  1.8779E+00   5.9130E-01
 3.9314E+00  1.2992E-01  1.8782E+00   5.9176E-01
 3.9344E+00  1.3002E-01  1.8786E+00   5.9222E-01
 3.9373E+00  1.3012E-01  1.8790E+00   5.9268E-01
 3.9403E+00  1.3022E-01  1.8794E+00   5.9314E-01
 3.9433E+00  1.3031E-01  1.8798E+00   5.9360E-01
 3.9463E+00  1.3041E-01  1.8801E+00   5.9406E-01
 3.9493E+00  1.3051E-01  1.8805E+00   5.9452E-01
 3.9524E+00  1.3061E-01  1.8809E+00   5.9498E-01
 3.9554E+00  1.3071E-01  1.8813E+00   5.9544E-01
 3.9584E+00  1.3081E-01  1.8817E+00   5.9590E-01
 3.9614E+00  1.3091E-01  1.8821E+00   5.9636E-01
 3.9644E+00  1.3101E-01  1.8825E+00   5.9682E-01
 3.9675E+00  1.3112E-01  1.8828E+00   5.9728E-01
 3.9705E+00  1.3122E-01  1.8832E+00   5.9774E-01
 3.9735E+00  1.3132E-01  1.8836E+00   5.9820E-01
 3.9766E+00  1.3142E-01  1.8840E+00   5.9866E-01
 3.9796E+00  1.3152E-01  1.8844E+00   5.9912E-01
 3.9827E+00  1.3162E-01  1.8848E+00   5.9958E-01
 3.9858E+00  1.3172E-01  1.8852E+00   6.0004E-01
 3.9888E+00  1.3182E-01  1.8856E+00   6.0050E-01
 3.9919E+00  1.3192E-01  1.8860E+00   6.0096E-01
 3.9950E+00  1.3203E-01  1.8864E+00   6.0142E-01
 3.9981E+00  1.3213E-01  1.8868E+00   6.0188E-01
 4.0011E+00  1.3223E-01  1.8872E+00   6.0234E-01
 4.0042E+00  1.3233E-01  1.8876E+00   6.0280E-01
 4.0073E+00  1.3243E-01  1.8880E+00   6.0326E-01
 4.0104E+00  1.3254E-01  1.8884E+00   6.0372E-01
 4.0135E+00  1.3264E-01  1.8888E+00   6.0418E-01
 4.0166E+00  1.3274E-01  1.8892E+00   6.0464E-01
 4.0197E+00  1.3284E-01  1.8896E+00   6.0510E-01
 4.0229E+00  1.3295E-01  1.8900E+00   6.0556E-01
 4.0260E+00  1.3305E-01  1.8905E+00   6.0602E-01
 4.0291E+00  1.3315E-01  1.8909E+00   6.0648E-01
 4.0323E+00  1.3326E-01  1.8913E+00   6.0694E-01
 4.0354E+00  1.3336E-01  1.8917E+00   6.0739E-01
 4.0385E+00  1.3346E-01  1.8921E+00   6.0785E-01
 4.0417E+00  1.3357E-01  1.8925E+00   6.0831E-01
 4.0448E+00  1.3367E-01  1.8929E+00   6.0877E-01
 4.0480E+00  1.3377E-01  1.8934E+00   6.0923E-01
 4.0512E+00  1.3388E-01  1.8938E+00   6.0969E-01
 4.0543E+00  1.3398E-01  1.8942E+00   6.1015E-01
 4.0575E+00  1.3409E-01  1.8946E+00   6.1061E-01
 4.0607E+00  1.3419E-01  1.8950E+00   6.1107E-01
 4.0639E+00  1.3429E-01  1.8955E+00   6.1153E-01
 4.0670E+00  1.3440E-01  1.8959E+00   6.1199E-01
 4.0702E+00  1.3450E-01  1.8963E+00   6.1245E-01
 4.0734E+00  1.3461E-01  1.8967E+00   6.1291E-01
 4.0766E+00  1.3471E-01  1.8972E+00   6.1337E-01
 4.0798E+00  1.3482E-01  1.8976E+00   6.1382E-01
 4.0831E+00  1.3492E-01  1.8980E+00   6.1428E-01
 4.0863E+00  1.3503E-01  1.8984E+00   6.1474E-01
 4.0895E+00  1.3513E-01  1.8989E+00   6.1520E-01
 4.0927E+00  1.3524E-01  1.8993E+00   6.1566E-01
 4.0960E+00  1.3534E-01  1.8997E+00   6.1612E-01
 4.0992E+00  1.3545E-01  1.9002E+00   6.1657E-01
 4.1024E+00  1.3556E-01  1.9006E+00   6.1703E-01
 4.1057E+00  1.3566E-01  1.9010E+00   6.1749E-01
 4.1089E+00  1.3577E-01  1.9015E+00   6.1795E-01
 4.1122E+00  1.3587E-01  1.9019E+00   6.1841E-01
 4.1155E+00  1.3598E-01  1.9023E+00   6.1887E-01
 4.1187E+00  1.3609E-01  1.9028E+00   6.1932E-01
 4.1220E+00  1.3619E-01  1.9032E+00   6.1978E-01
 4.1253E+00  1.3630E-01  1.9037E+00   6.2024E-01
 4.1286E+00  1.3640E-01  1.9041E+00   6.2069E-01
 4.1319E+00  1.3651E-01  1.9046E+00   6.2115E-01
 4.1352E+00  1.3662E-01  1.9050E+00   6.2161E-01
 4.1385E+00  1.3673E-01  1.9054E+00   6.2207E-01
 4.1418E+00  1.3683E-01  1.9059E+00   6.2252E-01
 4.1451E+00  1.3694E-01  1.9063E+00   6.2298E-01
 4.1484E+00  1.3705E-01  1.9068E+00   6.2344E-01
 4.1517E+00  1.3715E-01  1.9072E+00   6.2389E-01
 4.1550E+00  1.3726E-01  1.9077E+00   6.2435E-01
 4.1584E+00  1.3737E-01  1.9081E+00   6.2481E-01
 4.1617E+00  1.3748E-01  1.9086E+00   6.2527E-01
 4.1650E+00  1.3758E-01  1.9090E+00   6.2572E-01
 4.1684E+00  1.3769E-01  1.9095E+00   6.2618E-01
 4.1717E+00  1.3780E-01  1.9099E+00   6.2663E-01
 4.1751E+00  1.3791E-01  1.9104E+00   6.2709E-01
 4.1785E+00  1.3802E-01  1.9109E+00   6.2754E-01
 4.1818E+00  1.3812E-01  1.9113E+00   6.2800E-01
 4.1852E+00  1.3823E-01  1.9118E+00   6.2845E-01
 4.1886E+00  1.3834E-01  1.9122E+00   6.2891E-01
 4.1920E+00  1.3845E-01  1.9127E+00   6.2937E-01
 4.1954E+00  1.3856E-01  1.9132E+00   6.2982E-01
 4.1988E+00  1.3867E-01  1.9136E+00   6.3028E-01
 4.2022E+00  1.3878E-01  1.9141E+00   6.3073E-01
 4.2056E+00  1.3888E-01  1.9146E+00   6.3119E-01
 4.2090E+00  1.3899E-01  1.9150E+00   6.3164E-01
 4.2124E+00  1.3910E-01  1.9155E+00   6.3209E-01
 4.2158E+00  1.3921E-01  1.9160E+00   6.3255E-01
 4.2193E+00  1.3932E-01  1.9164E+00   6.3300E-01
 4.2227E+00  1.3943E-01  1.9169E+00   6.3346E-01
 4.2261E+00  1.3954E-01  1.9174E+00   6.3391E-01
 4.2296E+00  1.3965E-01  1.9178E+00   6.3436E-01
 4.2330E+00  1.3976E-01  1.9183E+00   6.3482E-01
 4.2365E+00  1.3987E-01  1.9188E+00   6.3527E-01
 4.2400E+00  1.3998E-01  1.9193E+00   6.3572E-01
 4.2434E+00  1.4009E-01  1.9197E+00   6.3618E-01
 4.2469E+00  1.4020E-01  1.9202E+00   6.3663E-01
 4.2504E+00  1.4031E-01  1.9207E+00   6.3708E-01
 4.2539E+00  1.4042E-01  1.9212E+00   6.3753E-01
 4.2574E+00  1.4053E-01  1.9217E+00   6.3799E-01
 4.2609E+00  1.4064E-01  1.9221E+00   6.3844E-01
 4.2644E+00  1.4075E-01  1.9226E+00   6.3889E-01
 4.2679E+00  1.4086E-01  1.9231E+00   6.3934E-01
 4.2714E+00  1.4097E-01  1.9236E+00   6.3980E-01
 4.2749E+00  1.4108E-01  1.9241E+00   6.4025E-01
 4.2784E+00  1.4119E-01  1.9246E+00   6.4070E-01
 4.2820E+00  1.4130E-01  1.9250E+00   6.4115E-01
 4.2855E+00  1.4142E-01  1.9255E+00   6.4160E-01
 4.2891E+00  1.4153E-01  1.9260E+00   6.4205E-01
 4.2926E+00  1.4164E-01  1.9265E+00   6.4250E-01
 4.2962E+00  1.4175E-01  1.9270E+00   6.4295E-01
 4.2997E+00  1.4186E-01  1.9275E+00   6.4340E-01
 4.3033E+00  1.4197E-01  1.9280E+00   6.4385E-01
 4.3069E+00  1.4208E-01  1.9285E+00   6.4430E-01
 4.3105E+00  1.4220E-01  1.9290E+00   6.4475E-01
 4.3140E+00  1.4231E-01  1.9295E+00   6.4520E-01
 4.3176E+00  1.4242E-01  1.9300E+00   6.4565E-01
 4.3212E+00  1.4253E-01  1.9305E+00   6.4610E-01
 4.3248E+00  1.4264E-01  1.9310E+00   6.4655E-01
 4.3284E+00  1.4276E-01  1.9315E+00   6.4699E-01
 4.3321E+00  1.4287E-01  1.9320E+00   6.4744E-01
 4.3357E+00  1.4298E-01  1.9325E+00   6.4789E-01
 4.3393E+00  1.4309E-01  1.9330E+00   6.4834E-01
 4.3430E+00  1.4321E-01  1.9335E+00   6.4879E-01
 4.3466E+00  1.4332E-01  1.9340E+00   6.4923E-01
 4.3502E+00  1.4343E-01  1.9345E+00   6.4968E-01
 4.3539E+00  1.4354E-01  1.9350E+00   6.5013E-01
 4.3575E+00  1.4366E-01  1.9355E+00   6.5058E-01
 4.3612E+00  1.4377E-01  1.9360E+00   6.5102E-01
 4.3649E+00  1.4388E-01  1.9365E+00   6.5147E-01
 4.3685E+00  1.4399E-01  1.9370E+00   6.5191E-01
 4.3722E+00  1.4411E-01  1.9375E+00   6.5236E-01
 4.3759E+00  1.4422E-01  1.9380E+00   6.5281E-01
 4.3796E+00  1.4433E-01  1.9386E+00   6.5325E-01
 4.3833E+00  1.4445E-01  1.9391E+00   6.5370E-01
 4.3870E+00  1.4456E-01  1.9396E+00   6.5414E-01
 4.3908E+00  1.4467E-01  1.9401E+00   6.5459E-01
 4.3945E+00  1.4479E-01  1.9406E+00   6.5503E-01
 4.3982E+00  1.4490E-01  1.9411E+00   6.5548E-01
 4.4019E+00  1.4501E-01  1.9417E+00   6.5592E-01
 4.4057E+00  1.4513E-01  1.9422E+00   6.5636E-01
 4.4094E+00  1.4524E-01  1.9427E+00   6.5681E-01
 4.4132E+00  1.4536E-01  1.9432E+00   6.5725E-01
 4.4169E+00  1.4547E-01  1.9437E+00   6.5769E-01
 4.4207E+00  1.4558E-01  1.9443E+00   6.5814E-01
 4.4245E+00  1.4570E-01  1.9448E+00   6.5858E-01
 4.4283E+00  1.4581E-01  1.9453E+00   6.5902E-01
 4.4320E+00  1.4593E-01  1.9458E+00   6.5946E-01
 4.4358E+00  1.4604E-01  1.9464E+00   6.5991E-01
 4.4396E+00  1.4616E-01  1.9469E+00   6.6035E-01
 4.4434E+00  1.4627E-01  1.9474E+00   6.6079E-01
 4.4472E+00  1.4638E-01  1.9480E+00   6.6123E-01
 4.4511E+00  1.4650E-01  1.9485E+00   6.6167E-01
 4.4549E+00  1.4661E-01  1.9490E+00   6.6211E-01
 4.4587E+00  1.4673E-01  1.9496E+00   6.6255E-01
 4.4626E+00  1.4684E-01  1.9501E+00   6.6299E-01
 4.4664E+00  1.4696E-01  1.9506E+00   6.6343E-01
 4.4702E+00  1.4707E-01  1.9512E+00   6.6387E-01
 4.4741E+00  1.4719E-01  1.9517E+00   6.6431E-01
 4.4780E+00  1.4730E-01  1.9522E+00   6.6475E-01
 4.4818E+00  1.4742E-01  1.9528E+00   6.6519E-01
 4.4857E+00  1.4753E-01  1.9533E+00   6.6563E-01
 4.4896E+00  1.4765E-01  1.9539E+00   6.6606E-01
 4.4935E+00  1.4777E-01  1.9544E+00   6.6650E-01
 4.4974E+00  1.4788E-01  1.9549E+00   6.6694E-01
 4.5013E+00  1.4800E-01  1.9555E+00   6.6738E-01
 4.5052E+00  1.4811E-01  1.9560E+00   6.6781E-01
 4.5091E+00  1.4823E-01  1.9566E+00   6.6825E-01
 4.5130E+00  1.4834E-01  1.9571E+00   6.6869E-01
 4.5170E+00  1.4846E-01  1.9577E+00   6.6912E-01
 4.5209E+00  1.4858E-01  1.9582E+00   6.6956E-01
 4.5248E+00  1.4869E-01  1.9588E+00   6.6999E-01
 4.5288E+00  1.4881E-01  1.9593E+00   6.7043E-01
 4.5328E+00  1.4892E-01  1.9599E+00   6.7086E-01
 4.5367E+00  1.4904E-01  1.9604E+00   6.7130E-01
 4.5407E+00  1.4916E-01  1.9610E+00   6.7173E-01
 4.5447E+00  1.4927E-01  1.9615E+00   6.7217E-01
 4.5487E+00  1.4939E-01  1.9621E+00   6.7260E-01
 4.5527E+00  1.4950E-01  1.9626E+00   6.7303E-01
 4.5567E+00  1.4962E-01  1.9632E+00   6.7347E-01
 4.5607E+00  1.4974E-01  1.9638E+00   6.7390E-01
 4.5647E+00  1.4985E-01  1.9643E+00   6.7433E-01
 4.5687E+00  1.4997E-01  1.9649E+00   6.7476E-01
 4.5727E+00  1.5009E-01  1.9654E+00   6.7520E-01
 4.5768E+00  1.5020E-01  1.9660E+00   6.7563E-01
 4.5808E+00  1.5032E-01  1.9666E+00   6.7606E-01
 4.5849E+00  1.5044E-01  1.9671E+00   6.7649E-01
 4.5889E+00  1.5055E-01  1.9677E+00   6.7692E-01
 4.5930E+00  1.5067E-01  1.9683E+00   6.7735E-01
 4.5971E+00  1.5079E-01  1.9688E+00   6.7778E-01
 4.6011E+00  1.5091E-01  1.9694E+00   6.7821E-01
 4.6052E+00  1.5102E-01  1.9700E+00   6.7864E-01
 4.6093E+00  1.5114E-01  1.9705E+00   6.7907E-01
 4.6134E+00  1.5126E-01  1.9711E+00   6.7950E-01
 4.6175E+00  1.5137E-01  1.9717E+00   6.7993E-01
 4.6216E+00  1.5149E-01  1.9722E+00   6.8036E-01
 4.6258E+00  1.5161E-01  1.9728E+00   6.8078E-01
 4.6299E+00  1.5173E-01  1.9734E+00   6.8121E-01
 4.6340E+00  1.5184E-01  1.9740E+00   6.8164E-01
 4.6382E+00  1.5196E-01  1.9745E+00   6.8207E-01
 4.6423E+00  1.5208E-01  1.9751E+00   6.8249E-01
 4.6465E+00  1.5220E-01  1.9757E+00   6.8292E-01
 4.6506E+00  1.5231E-01  1.9763E+00   6.8334E-01
 4.6548E+00  1.5243E-01  1.9768E+00   6.8377E-01
 4.6590E+00  1.5255E-01  1.9774E+00   6.8419E-01
 4.6632E+00  1.5267E-01  1.9780E+00   6.8462E-01
 4.6674E+00  1.5279E-01  1.9786E+00   6.8504E-01
 4.6716E+00  1.5290E-01  1.9792E+00   6.8547E-01
 4.6758E+00  1.5302E-01  1.9797E+00   6.8589E-01
 4.6800E+00  1.5314E-01  1.9803E+00   6.8631E-01
 4.6843E+00  1.5326E-01  1.9809E+00   6.8674E-01
 4.6885E+00  1.5338E-01  1.9815E+00   6.8716E-01
 4.6927E+00  1.5349E-01  1.9821E+00   6.8758E-01
 4.6970E+00  1.5361E-01  1.9827E+00   6.8801E-01
 4.7013E+00  1.5373E-01  1.9833E+00   6.8843E-01
 4.7055E+00  1.5385E-01  1.9839E+00   6.8885E-01
 4.7098E+00  1.5397E-01  1.9844E+00   6.8927E-01
 4.7141E+00  1.5409E-01  1.9850E+00   6.8969E-01
 4.7184E+00  1.5420E-01  1.9856E+00   6.9011E-01
 4.7227E+00  1.5432E-01  1.9862E+00   6.9053E-01
 4.7270E+00  1.5444E-01  1.9868E+00   6.9095E-01
 4.7313E+00  1.5456E-01  1.9874E+00   6.9137E-01
 4.7356E+00  1.5468E-01  1.9880E+00   6.9179E-01
 4.7399E+00  1.5480E-01  1.9886E+00   6.9221E-01
 4.7443E+00  1.5492E-01  1.9892E+00   6.9262E-01
 4.7486E+00  1.5504E-01  1.9898E+00   6.9304E-01
 4.7530E+00  1.5515E-01  1.9904E+00   6.9346E-01
 4.7573E+00  1.5527E-01  1.9910E+00   6.9388E-01
 4.7617E+00  1.5539E-01  1.9916E+00   6.9429E-01
 4.7661E+00  1.5551E-01  1.9922E+00   6.9471E-01
 4.7705E+00  1.5563E-01  1.9928E+00   6.9513E-01
 4.7748E+00  1.5575E-01  1.9934E+00   6.9554E-01
 4.7793E+00  1.5587E-01  1.9940E+00   6.9596E-01
 4.7837E+00  1.5599E-01  1.9946E+00   6.9637E-01
 4.7881E+00  1.5611E-01  1.9952E+00   6.9679E-01
 4.7925E+00  1.5623E-01  1.9958E+00   6.9720E-01
 4.7969E+00  1.5634E-01  1.9964E+00   6.9761E-01
 4.8014E+00  1.5646E-01  1.9970E+00   6.9803E-01
 4.8058E+00  1.5658E-01  1.9977E+00   6.9844E-01
 4.8103E+00  1.5670E-01  1.9983E+00   6.9885E-01
 4.8148E+00  1.5682E-01  1.9989E+00   6.9927E-01
 4.8192E+00  1.5694E-01  1.9995E+00   6.9968E-01
 4.8237E+00  1.5706E-01  2.0001E+00   7.0009E-01
 4.8282E+00  1.5718E-01  2.0007E+00   7.0050E-01
 4.8327E+00  1.5730E-01  2.0013E+00   7.0091E-01
 4.8372E+00  1.5742E-01  2.0019E+00   7.0132E-01
 4.8417E+00  1.5754E-01  2.0026E+00   7.0173E-01
 4.8463E+00  1.5766E-01  2.0032E+00   7.0214E-01
 4.8508E+00  1.5778E-01  2.0038E+00   7.0255E-01
 4.8553E+00  1.5790E-01  2.0044E+00   7.0296E-01
 4.8599E+00  1.5802E-01  2.0050E+00   7.0337E-01
 4.8644E+00  1.5814E-01  2.0057E+00   7.0378E-01
 4.8690E+00  1.5826E-01  2.0063E+00   7.0418E-01
 4.8736E+00  1.5838E-01  2.0069E+00   7.0459E-01
 4.8781E+00  1.5850E-01  2.0075E+00   7.0500E-01
 4.8827E+00  1.5862E-01  2.0081E+00   7.0540E-01
 4.8873E+00  1.5874E-01  2.0088E+00   7.0581E-01
 4.8920E+00  1.5886E-01  2.0094E+00   7.0622E-01
 4.8966E+00  1.5898E-01  2.0100E+00   7.0662E-01
 4.9012E+00  1.5910E-01  2.0106E+00   7.0703E-01
 4.9059E+00  1.5922E-01  2.0113E+00   7.0743E-01
 4.9105E+00  1.5934E-01  2.0119E+00   7.0783E-01
 4.9151E+00  1.5946E-01  2.0125E+00   7.0824E-01
 4.9198E+00  1.5958E-01  2.0132E+00   7.0864E-01
 4.9245E+00  1.5970E-01  2.0138E+00   7.0904E-01
 4.9292E+00  1.5982E-01  2.0144E+00   7.0945E-01
 4.9339E+00  1.5994E-01  2.0151E+00   7.0985E-01
 4.9385E+00  1.6006E-01  2.0157E+00   7.1025E-01
 4.9432E+00  1.6018E-01  2.0163E+00   7.1065E-01
 4.9480E+00  1.6030E-01  2.0170E+00   7.1105E-01
 4.9527E+00  1.6042E-01  2.0176E+00   7.1145E-01
 4.9574E+00  1.6054E-01  2.0182E+00   7.1186E-01
 4.9622E+00  1.6066E-01  2.0189E+00   7.1226E-01
 4.9669E+00  1.6078E-01  2.0195E+00   7.1265E-01
 4.9717E+00  1.6090E-01  2.0201E+00   7.1305E-01
 4.9765E+00  1.6102E-01  2.0208E+00   7.1345E-01
 4.9813E+00  1.6114E-01  2.0214E+00   7.1385E-01
 4.9860E+00  1.6126E-01  2.0221E+00   7.1425E-01
 4.9908E+00  1.6138E-01  2.0227E+00   7.1465E-01
 4.9957E+00  1.6151E-01  2.0234E+00   7.1504E-01
 5.0004E+00  1.6163E-01  2.0240E+00   7.1544E-01
 5.0053E+00  1.6175E-01  2.0246E+00   7.1583E-01
 5.0101E+00  1.6187E-01  2.0253E+00   7.1623E-01
 5.0150E+00  1.6199E-01  2.0259E+00   7.1663E-01
 5.0198E+00  1.6211E-01  2.0266E+00   7.1702E-01
 5.0247E+00  1.6223E-01  2.0272E+00   7.1742E-01
 5.0296E+00  1.6235E-01  2.0279E+00   7.1781E-01
 5.0344E+00  1.6247E-01  2.0285E+00   7.1820E-01
 5.0393E+00  1.6259E-01  2.0292E+00   7.1860E-01
 5.0442E+00  1.6271E-01  2.0298E+00   7.1899E-01
 5.0492E+00  1.6283E-01  2.0305E+00   7.1938E-01
 5.0541E+00  1.6295E-01  2.0311E+00   7.1978E-01
 5.0590E+00  1.6308E-01  2.0318E+00   7.2017E-01
 5.0639E+00  1.6320E-01  2.0324E+00   7.2056E-01
 5.0689E+00  1.6332E-01  2.0331E+00   7.2095E-01
 5.0739E+00  1.6344E-01  2.0337E+00   7.2134E-01
 5.0788E+00  1.6356E-01  2.0344E+00   7.2173E-01
 5.0838E+00  1.6368E-01  2.0351E+00   7.2212E-01
 5.0888E+00  1.6380E-01  2.0357E+00   7.2251E-01
 5.0938E+00  1.6392E-01  2.0364E+00   7.2290E-01
 5.0988E+00  1.6404E-01  2.0370E+00   7.2329E-01
 5.1038E+00  1.6416E-01  2.0377E+00   7.2368E-01
 5.1088E+00  1.6429E-01  2.0384E+00   7.2406E-01
 5.1139E+00  1.6441E-01  2.0390E+00   7.2445E-01
 5.1189E+00  1.6453E-01  2.0397E+00   7.2484E-01
 5.1240E+00  1.6465E-01  2.0403E+00   7.2523E-01
 5.1291E+00  1.6477E-01  2.0410E+00   7.2561E-01
 5.1341E+00  1.6489E-01  2.0417E+00   7.2600E-01
 5.1392E+00  1.6501E-01  2.0423E+00   7.2638E-01
 5.1443E+00  1.6513E-01  2.0430E+00   7.2677E-01
 5.1494E+00  1.6526E-01  2.0437E+00   7.2715E-01
 5.1546E+00  1.6538E-01  2.0443E+00   7.2754E-01
 5.1597E+00  1.6550E-01  2.0450E+00   7.2792E-01
 5.1648E+00  1.6562E-01  2.0457E+00   7.2830E-01
 5.1700E+00  1.6574E-01  2.0463E+00   7.2869E-01
 5.1751E+00  1.6586E-01  2.0470E+00   7.2907E-01
 5.1803E+00  1.6598E-01  2.0477E+00   7.2945E-01
 5.1855E+00  1.6610E-01  2.0484E+00   7.2983E-01
 5.1907E+00  1.6623E-01  2.0490E+00   7.3022E-01
 5.1959E+00  1.6635E-01  2.0497E+00   7.3060E-01
 5.2011E+00  1.6647E-01  2.0504E+00   7.3098E-01
 5.2063E+00  1.6659E-01  2.0510E+00   7.3136E-01
 5.2115E+00  1.6671E-01  2.0517E+00   7.3174E-01
 5.2168E+00  1.6683E-01  2.0524E+00   7.3212E-01
 5.2220E+00  1.6696E-01  2.0531E+00   7.3250E-01
 5.2273E+00  1.6708E-01  2.0537E+00   7.3288E-01
 5.2326E+00  1.6720E-01  2.0544E+00   7.3325E-01
 5.2378E+00  1.6732E-01  2.0551E+00   7.3363E-01
 5.2431E+00  1.6744E-01  2.0558E+00   7.3401E-01
 5.2485E+00  1.6756E-01  2.0565E+00   7.3439E-01
 5.2538E+00  1.6768E-01  2.0571E+00   7.3476E-01
 5.2591E+00  1.6781E-01  2.0578E+00   7.3514E-01
 5.2645E+00  1.6793E-01  2.0585E+00   7.3552E-01
 5.2698E+00  1.6805E-01  2.0592E+00   7.3589E-01
 5.2752E+00  1.6817E-01  2.0599E+00   7.3627E-01
 5.2805E+00  1.6829E-01  2.0606E+00   7.3664E-01
 5.2859E+00  1.6841E-01  2.0612E+00   7.3702E-01
 5.2913E+00  1.6854E-01  2.0619E+00   7.3739E-01
 5.2967E+00  1.6866E-01  2.0626E+00   7.3776E-01
 5.3021E+00  1.6878E-01  2.0633E+00   7.3814E-01
 5.3075E+00  1.6890E-01  2.0640E+00   7.3851E-01
 5.3130E+00  1.6902E-01  2.0647E+00   7.3888E-01
 5.3184E+00  1.6914E-01  2.0654E+00   7.3926E-01
 5.3239E+00  1.6927E-01  2.0660E+00   7.3963E-01
 5.3294E+00  1.6939E-01  2.0667E+00   7.4000E-01
 5.3349E+00  1.6951E-01  2.0674E+00   7.4037E-01
 5.3403E+00  1.6963E-01  2.0681E+00   7.4074E-01
 5.3459E+00  1.6975E-01  2.0688E+00   7.4111E-01
 5.3514E+00  1.6987E-01  2.0695E+00   7.4148E-01
 5.3569E+00  1.7000E-01  2.0702E+00   7.4185E-01
 5.3624E+00  1.7012E-01  2.0709E+00   7.4222E-01
 5.3680E+00  1.7024E-01  2.0716E+00   7.4259E-01
 5.3735E+00  1.7036E-01  2.0723E+00   7.4296E-01
 5.3791E+00  1.7048E-01  2.0730E+00   7.4333E-01
 5.3847E+00  1.7061E-01  2.0737E+00   7.4370E-01
 5.3903E+00  1.7073E-01  2.0744E+00   7.4406E-01
 5.3959E+00  1.7085E-01  2.0751E+00   7.4443E-01
 5.4016E+00  1.7097E-01  2.0758E+00   7.4480E-01
 5.4072E+00  1.7109E-01  2.0765E+00   7.4517E-01
 5.4128E+00  1.7121E-01  2.0772E+00   7.4553E-01
 5.4185E+00  1.7134E-01  2.0779E+00   7.4590E-01
 5.4241E+00  1.7146E-01  2.0786E+00   7.4626E-01
 5.4298E+00  1.7158E-01  2.0793E+00   7.4663E-01
 5.4355E+00  1.7170E-01  2.0800E+00   7.4699E-01
 5.4412E+00  1.7182E-01  2.0807E+00   7.4736E-01
 5.4469E+00  1.7195E-01  2.0814E+00   7.4772E-01
 5.4527E+00  1.7207E-01  2.0821E+00   7.4809E-01
 5.4584E+00  1.7219E-01  2.0828E+00   7.4845E-01
 5.4642E+00  1.7231E-01  2.0835E+00   7.4881E-01
 5.4699E+00  1.7243E-01  2.0842E+00   7.4918E-01
 5.4757E+00  1.7256E-01  2.0849E+00   7.4954E-01
 5.4815E+00  1.7268E-01  2.0856E+00   7.4990E-01
 5.4873E+00  1.7280E-01  2.0863E+00   7.5026E-01
 5.4931E+00  1.7292E-01  2.0870E+00   7.5063E-01
 5.4989E+00  1.7304E-01  2.0877E+00   7.5099E-01
 5.5048E+00  1.7317E-01  2.0884E+00   7.5135E-01
 5.5106E+00  1.7329E-01  2.0891E+00   7.5171E-01
 5.5165E+00  1.7341E-01  2.0898E+00   7.5207E-01
 5.5223E+00  1.7353E-01  2.0905E+00   7.5243E-01
 5.5282E+00  1.7365E-01  2.0912E+00   7.5279E-01
 5.5341E+00  1.7378E-01  2.0920E+00   7.5315E-01
 5.5400E+00  1.7390E-01  2.0927E+00   7.5351E-01
 5.5460E+00  1.7402E-01  2.0934E+00   7.5387E-01
 5.5519E+00  1.7414E-01  2.0941E+00   7.5423E-01
 5.5579E+00  1.7427E-01  2.0948E+00   7.5459E-01
 5.5638E+00  1.7439E-01  2.0955E+00   7.5495E-01
 5.5698E+00  1.7451E-01  2.0962E+00   7.5530E-01
 5.5758E+00  1.7463E-01  2.0970E+00   7.5566E-01
 5.5818E+00  1.7475E-01  2.0977E+00   7.5602E-01
 5.5878E+00  1.7488E-01  2.0984E+00   7.5638E-01
 5.5938E+00  1.7500E-01  2.0991E+00   7.5674E-01
 5.5999E+00  1.7512E-01  2.0998E+00   7.5709E-01
 5.6059E+00  1.7524E-01  2.1005E+00   7.5745E-01
 5.6120E+00  1.7536E-01  2.1012E+00   7.5781E-01
 5.6181E+00  1.7549E-01  2.1020E+00   7.5816E-01
 5.6242E+00  1.7561E-01  2.1027E+00   7.5852E-01
 5.6303E+00  1.7573E-01  2.1034E+00   7.5887E-01
 5.6364E+00  1.7585E-01  2.1041E+00   7.5923E-01
 5.6425E+00  1.7598E-01  2.1048E+00   7.5958E-01
 5.6487E+00  1.7610E-01  2.1056E+00   7.5994E-01
 5.6548E+00  1.7622E-01  2.1063E+00   7.6030E-01
 5.6610E+00  1.7634E-01  2.1070E+00   7.6065E-01
 5.6672E+00  1.7647E-01  2.1077E+00   7.6101E-01
 5.6734E+00  1.7659E-01  2.1085E+00   7.6136E-01
 5.6796E+00  1.7671E-01  2.1092E+00   7.6171E-01
 5.6858E+00  1.7683E-01  2.1099E+00   7.6207E-01
 5.6921E+00  1.7695E-01  2.1106E+00   7.6242E-01
 5.6983E+00  1.7708E-01  2.1113E+00   7.6278E-01
 5.7046E+00  1.7720E-01  2.1121E+00   7.6313E-01
 5.7109E+00  1.7732E-01  2.1128E+00   7.6348E-01
 5.7172E+00  1.7744E-01  2.1135E+00   7.6384E-01
 5.7235E+00  1.7757E-01  2.1143E+00   7.6419E-01
 5.7298E+00  1.7769E-01  2.1150E+00   7.6454E-01
 5.7362E+00  1.7781E-01  2.1157E+00   7.6490E-01
 5.7425E+00  1.7793E-01  2.1164E+00   7.6525E-01
 5.7489E+00  1.7806E-01  2.1172E+00   7.6560E-01
 5.7553E+00  1.7818E-01  2.1179E+00   7.6595E-01
 5.7616E+00  1.7830E-01  2.1186E+00   7.6630E-01
 5.7680E+00  1.7842E-01  2.1193E+00   7.6666E-01
 5.7745E+00  1.7855E-01  2.1201E+00   7.6701E-01
 5.7809E+00  1.7867E-01  2.1208E+00   7.6736E-01
 5.7874E+00  1.7879E-01  2.1215E+00   7.6771E-01
 5.7938E+00  1.7892E-01  2.1223E+00   7.6807E-01
 5.8003E+00  1.7904E-01  2.1230E+00   7.6842E-01
 5.8068E+00  1.7916E-01  2.1237E+00   7.6877E-01
 5.8133E+00  1.7928E-01  2.1245E+00   7.6912E-01
 5.8198E+00  1.7941E-01  2.1252E+00   7.6947E-01
 5.8264E+00  1.7953E-01  2.1259E+00   7.6983E-01
 5.8329E+00  1.7965E-01  2.1267E+00   7.7018E-01
 5.8395E+00  1.7978E-01  2.1274E+00   7.7053E-01
 5.8461E+00  1.7990E-01  2.1281E+00   7.7088E-01
 5.8527E+00  1.8002E-01  2.1289E+00   7.7123E-01
 5.8593E+00  1.8014E-01  2.1296E+00   7.7158E-01
 5.8659E+00  1.8027E-01  2.1303E+00   7.7193E-01
 5.8726E+00  1.8039E-01  2.1311E+00   7.7229E-01
 5.8792E+00  1.8051E-01  2.1318E+00   7.7264E-01
 5.8859E+00  1.8064E-01  2.1326E+00   7.7299E-01
 5.8926E+00  1.8076E-01  2.1333E+00   7.7334E-01
 5.8993E+00  1.8088E-01  2.1340E+00   7.7369E-01
 5.9060E+00  1.8100E-01  2.1348E+00   7.7404E-01
 5.9127E+00  1.8113E-01  2.1355E+00   7.7439E-01
 5.9195E+00  1.8125E-01  2.1362E+00   7.7475E-01
 5.9263E+00  1.8137E-01  2.1370E+00   7.7510E-01
 5.9330E+00  1.8150E-01  2.1377E+00   7.7545E-01
 5.9398E+00  1.8162E-01  2.1385E+00   7.7580E-01
 5.9466E+00  1.8174E-01  2.1392E+00   7.7615E-01
 5.9535E+00  1.8187E-01  2.1399E+00   7.7651E-01
 5.9603E+00  1.8199E-01  2.1407E+00   7.7686E-01
 5.9672E+00  1.8211E-01  2.1414E+00   7.7721E-01
 5.9741E+00  1.8224E-01  2.1422E+00   7.7756E-01
 5.9809E+00  1.8236E-01  2.1429E+00   7.7791E-01
 5.9878E+00  1.8248E-01  2.1437E+00   7.7827E-01
 5.9948E+00  1.8261E-01  2.1444E+00   7.7862E-01
 6.0017E+00  1.8273E-01  2.1451E+00   7.7897E-01
 6.0087E+00  1.8286E-01  2.1459E+00   7.7933E-01
 6.0156E+00  1.8298E-01  2.1466E+00   7.7968E-01
 6.0226E+00  1.8310E-01  2.1474E+00   7.8003E-01
 6.0296E+00  1.8323E-01  2.1481E+00   7.8039E-01
 6.0366E+00  1.8335E-01  2.1489E+00   7.8074E-01
 6.0437E+00  1.8347E-01  2.1496E+00   7.8110E-01
 6.0507E+00  1.8360E-01  2.1504E+00   7.8145E-01
 6.0578E+00  1.8372E-01  2.1511E+00   7.8181E-01
 6.0649E+00  1.8385E-01  2.1519E+00   7.8216E-01
 6.0720E+00  1.8397E-01  2.1526E+00   7.8251E-01
 6.0791E+00  1.8409E-01  2.1533E+00   7.8287E-01
 6.0862E+00  1.8422E-01  2.1541E+00   7.8323E-01
 6.0934E+00  1.8434E-01  2.1548E+00   7.8358E-01
 6.1006E+00  1.8447E-01  2.1556E+00   7.8394E-01
 6.1078E+00  1.8459E-01  2.1563E+00   7.8430E-01
 6.1150E+00  1.8472E-01  2.1571E+00   7.8465E-01
 6.1222E+00  1.8484E-01  2.1578E+00   7.8501E-01
 6.1294E+00  1.8497E-01  2.1586E+00   7.8537E-01
 6.1367E+00  1.8509E-01  2.1593E+00   7.8573E-01
 6.1439E+00  1.8522E-01  2.1601E+00   7.8608E-01
 6.1512E+00  1.8534E-01  2.1608E+00   7.8644E-01
 6.1585E+00  1.8547E-01  2.1616E+00   7.8680E-01
 6.1658E+00  1.8559E-01  2.1623E+00   7.8716E-01
 6.1732E+00  1.8571E-01  2.1631E+00   7.8752E-01
 6.1806E+00  1.8584E-01  2.1639E+00   7.8788E-01
 6.1879E+00  1.8597E-01  2.1646E+00   7.8824E-01
 6.1953E+00  1.8609E-01  2.1654E+00   7.8861E-01
 6.2027E+00  1.8622E-01  2.1661E+00   7.8897E-01
 6.2102E+00  1.8634E-01  2.1669E+00   7.8933E-01
 6.2176E+00  1.8647E-01  2.1676E+00   7.8969E-01
 6.2251E+00  1.8659E-01  2.1684E+00   7.9006E-01
 6.2325E+00  1.8672E-01  2.1691E+00   7.9042E-01
 6.2401E+00  1.8684E-01  2.1699E+00   7.9079E-01
 6.2476E+00  1.8697E-01  2.1706E+00   7.9115E-01
 6.2551E+00  1.8710E-01  2.1714E+00   7.9152E-01
 6.2626E+00  1.8722E-01  2.1722E+00   7.9188E-01
 6.2702E+00  1.8735E-01  2.1729E+00   7.9225E-01
 6.2778E+00  1.8747E-01  2.1737E+00   7.9262E-01
 6.2854E+00  1.8760E-01  2.1744E+00   7.9299E-01
 6.2931E+00  1.8773E-01  2.1752E+00   7.9336E-01
 6.3007E+00  1.8785E-01  2.1759E+00   7.9373E-01
 6.3084E+00  1.8798E-01  2.1767E+00   7.9410E-01
 6.3160E+00  1.8811E-01  2.1775E+00   7.9447E-01
 6.3238E+00  1.8823E-01  2.1782E+00   7.9484E-01
 6.3315E+00  1.8836E-01  2.1790E+00   7.9521E-01
 6.3392E+00  1.8849E-01  2.1797E+00   7.9559E-01
 6.3470E+00  1.8861E-01  2.1805E+00   7.9596E-01
 6.3548E+00  1.8874E-01  2.1813E+00   7.9634E-01
 6.3625E+00  1.8887E-01  2.1820E+00   7.9671E-01
 6.3704E+00  1.8900E-01  2.1828E+00   7.9709E-01
 6.3782E+00  1.8912E-01  2.1836E+00   7.9747E-01
 6.3861E+00  1.8925E-01  2.1843E+00   7.9784E-01
 6.3939E+00  1.8938E-01  2.1851E+00   7.9822E-01
 6.4018E+00  1.8951E-01  2.1858E+00   7.9860E-01
 6.4098E+00  1.8964E-01  2.1866E+00   7.9899E-01
 6.4177E+00  1.8976E-01  2.1874E+00   7.9937E-01
 6.4256E+00  1.8989E-01  2.1881E+00   7.9975E-01
 6.4336E+00  1.9002E-01  2.1889E+00   8.0014E-01
 6.4416E+00  1.9015E-01  2.1897E+00   8.0052E-01
 6.4496E+00  1.9028E-01  2.1904E+00   8.0091E-01
 6.4577E+00  1.9041E-01  2.1912E+00   8.0129E-01
 6.4657E+00  1.9054E-01  2.1920E+00   8.0168E-01
 6.4737E+00  1.9067E-01  2.1927E+00   8.0207E-01
 6.4818E+00  1.9080E-01  2.1935E+00   8.0246E-01
 6.4900E+00  1.9093E-01  2.1943E+00   8.0285E-01
 6.4981E+00  1.9106E-01  2.1950E+00   8.0325E-01
 6.5063E+00  1.9119E-01  2.1958E+00   8.0364E-01
 6.5145E+00  1.9132E-01  2.1966E+00   8.0404E-01
 6.5226E+00  1.9145E-01  2.1973E+00   8.0443E-01
 6.5308E+00  1.9158E-01  2.1981E+00   8.0483E-01
 6.5391E+00  1.9171E-01  2.1989E+00   8.0523E-01
 6.5473E+00  1.9184E-01  2.1997E+00   8.0563E-01
 6.5556E+00  1.9197E-01  2.2004E+00   8.0603E-01
 6.5639E+00  1.9210E-01  2.2012E+00   8.0643E-01
 6.5722E+00  1.9223E-01  2.2020E+00   8.0684E-01
 6.5805E+00  1.9236E-01  2.2028E+00   8.0724E-01
 6.5889E+00  1.9250E-01  2.2035E+00   8.0765E-01
 6.5973E+00  1.9263E-01  2.2043E+00   8.0806E-01
 6.6057E+00  1.9276E-01  2.2051E+00   8.0847E-01
 6.6142E+00  1.9289E-01  2.2059E+00   8.0888E-01
 6.6226E+00  1.9303E-01  2.2066E+00   8.0929E-01
 6.6310E+00  1.9316E-01  2.2074E+00   8.0971E-01
 6.6395E+00  1.9329E-01  2.2082E+00   8.1012E-01
 6.6480E+00  1.9343E-01  2.2090E+00   8.1054E-01
 6.6566E+00  1.9356E-01  2.2097E+00   8.1096E-01
 6.6652E+00  1.9369E-01  2.2105E+00   8.1138E-01
 6.6737E+00  1.9383E-01  2.2113E+00   8.1180E-01
 6.6823E+00  1.9396E-01  2.2121E+00   8.1223E-01
 6.6909E+00  1.9410E-01  2.2129E+00   8.1265E-01
 6.6996E+00  1.9423E-01  2.2137E+00   8.1308E-01
 6.7083E+00  1.9437E-01  2.2144E+00   8.1351E-01
 6.7169E+00  1.9450E-01  2.2152E+00   8.1394E-01
 6.7257E+00  1.9464E-01  2.2160E+00   8.1438E-01
 6.7344E+00  1.9477E-01  2.2168E+00   8.1481E-01
 6.7431E+00  1.9491E-01  2.2176E+00   8.1525E-01
 6.7519E+00  1.9505E-01  2.2184E+00   8.1569E-01
 6.7607E+00  1.9518E-01  2.2192E+00   8.1613E-01
 6.7696E+00  1.9532E-01  2.2199E+00   8.1657E-01
 6.7784E+00  1.9546E-01  2.2207E+00   8.1701E-01
 6.7873E+00  1.9560E-01  2.2215E+00   8.1746E-01
 6.7962E+00  1.9574E-01  2.2223E+00   8.1791E-01
 6.8051E+00  1.9587E-01  2.2231E+00   8.1836E-01
 6.8140E+00  1.9601E-01  2.2239E+00   8.1881E-01
 6.8230E+00  1.9615E-01  2.2247E+00   8.1927E-01
 6.8320E+00  1.9629E-01  2.2255E+00   8.1973E-01
 6.8410E+00  1.9643E-01  2.2263E+00   8.2019E-01
 6.8501E+00  1.9657E-01  2.2271E+00   8.2065E-01
 6.8591E+00  1.9671E-01  2.2279E+00   8.2111E-01
 6.8682E+00  1.9685E-01  2.2287E+00   8.2158E-01
 6.8773E+00  1.9699E-01  2.2295E+00   8.2205E-01
 6.8864E+00  1.9714E-01  2.2303E+00   8.2252E-01
 6.8956E+00  1.9728E-01  2.2311E+00   8.2299E-01
 6.9048E+00  1.9742E-01  2.2319E+00   8.2347E-01
 6.9140E+00  1.9756E-01  2.2327E+00   8.2395E-01
 6.9232E+00  1.9771E-01  2.2335E+00   8.2443E-01
 6.9325E+00  1.9785E-01  2.2343E+00   8.2491E-01
 6.9417E+00  1.9799E-01  2.2351E+00   8.2540E-01
 6.9511E+00  1.9814E-01  2.2359E+00   8.2589E-01
 6.9604E+00  1.9828E-01  2.2368E+00   8.2638E-01
 6.9698E+00  1.9843E-01  2.2376E+00   8.2687E-01
 6.9791E+00  1.9857E-01  2.2384E+00   8.2737E-01
 6.9885E+00  1.9872E-01  2.2392E+00   8.2787E-01
 6.9980E+00  1.9887E-01  2.2400E+00   8.2837E-01
 7.0074E+00  1.9902E-01  2.2408E+00   8.2888E-01
 7.0169E+00  1.9916E-01  2.2416E+00   8.2939E-01
 7.0264E+00  1.9931E-01  2.2425E+00   8.2990E-01
 7.0359E+00  1.9946E-01  2.2433E+00   8.3041E-01
 7.0455E+00  1.9961E-01  2.2441E+00   8.3093E-01
 7.0551E+00  1.9976E-01  2.2449E+00   8.3145E-01
 7.0647E+00  1.9991E-01  2.2458E+00   8.3197E-01
 7.0743E+00  2.0006E-01  2.2466E+00   8.3250E-01
 7.0840E+00  2.0021E-01  2.2474E+00   8.3303E-01
 7.0937E+00  2.0036E-01  2.2483E+00   8.3357E-01
 7.1034E+00  2.0051E-01  2.2491E+00   8.3410E-01
 7.1131E+00  2.0067E-01  2.2499E+00   8.3464E-01
 7.1229E+00  2.0082E-01  2.2508E+00   8.3518E-01
 7.1327E+00  2.0097E-01  2.2516E+00   8.3573E-01
 7.1425E+00  2.0113E-01  2.2524E+00   8.3628E-01
 7.1524E+00  2.0128E-01  2.2533E+00   8.3683E-01
 7.1623E+00  2.0144E-01  2.2541E+00   8.3739E-01
 7.1722E+00  2.0159E-01  2.2550E+00   8.3795E-01
 7.1821E+00  2.0175E-01  2.2558E+00   8.3851E-01
 7.1921E+00  2.0191E-01  2.2567E+00   8.3908E-01
 7.2021E+00  2.0207E-01  2.2575E+00   8.3966E-01
 7.2121E+00  2.0223E-01  2.2584E+00   8.4023E-01
 7.2222E+00  2.0239E-01  2.2592E+00   8.4081E-01
 7.2322E+00  2.0254E-01  2.2601E+00   8.4139E-01
 7.2423E+00  2.0270E-01  2.2610E+00   8.4198E-01
 7.2524E+00  2.0287E-01  2.2618E+00   8.4257E-01
 7.2626E+00  2.0303E-01  2.2627E+00   8.4317E-01
 7.2728E+00  2.0319E-01  2.2636E+00   8.4377E-01
 7.2830E+00  2.0335E-01  2.2644E+00   8.4437E-01
 7.2932E+00  2.0352E-01  2.2653E+00   8.4498E-01
 7.3035E+00  2.0368E-01  2.2662E+00   8.4559E-01
 7.3138E+00  2.0385E-01  2.2670E+00   8.4621E-01
 7.3241E+00  2.0401E-01  2.2679E+00   8.4683E-01
 7.3345E+00  2.0418E-01  2.2688E+00   8.4746E-01
 7.3449E+00  2.0435E-01  2.2697E+00   8.4809E-01
 7.3553E+00  2.0452E-01  2.2706E+00   8.4873E-01
 7.3657E+00  2.0469E-01  2.2715E+00   8.4937E-01
 7.3762E+00  2.0486E-01  2.2723E+00   8.5001E-01
 7.3867E+00  2.0503E-01  2.2732E+00   8.5067E-01
 7.3973E+00  2.0520E-01  2.2741E+00   8.5132E-01
 7.4078E+00  2.0537E-01  2.2750E+00   8.5199E-01
 7.4184E+00  2.0555E-01  2.2759E+00   8.5265E-01
 7.4291E+00  2.0572E-01  2.2768E+00   8.5333E-01
 7.4397E+00  2.0590E-01  2.2777E+00   8.5401E-01
 7.4504E+00  2.0607E-01  2.2786E+00   8.5469E-01
 7.4611E+00  2.0625E-01  2.2795E+00   8.5538E-01
 7.4719E+00  2.0643E-01  2.2805E+00   8.5608E-01
 7.4827E+00  2.0661E-01  2.2814E+00   8.5679E-01
 7.4935E+00  2.0679E-01  2.2823E+00   8.5750E-01
 7.5043E+00  2.0697E-01  2.2832E+00   8.5822E-01
 7.5152E+00  2.0715E-01  2.2841E+00   8.5894E-01
 7.5261E+00  2.0733E-01  2.2850E+00   8.5968E-01
 7.5370E+00  2.0752E-01  2.2859E+00   8.6042E-01
 7.5480E+00  2.0770E-01  2.2869E+00   8.6117E-01
 7.5590E+00  2.0789E-01  2.2878E+00   8.6193E-01
 7.5701E+00  2.0808E-01  2.2887E+00   8.6270E-01
 7.5811E+00  2.0826E-01  2.2896E+00   8.6347E-01
 7.5922E+00  2.0845E-01  2.2906E+00   8.6426E-01
 7.6033E+00  2.0864E-01  2.2915E+00   8.6506E-01
 7.6145E+00  2.0884E-01  2.2924E+00   8.6587E-01
 7.6257E+00  2.0903E-01  2.2934E+00   8.6669E-01
 7.6370E+00  2.0923E-01  2.2943E+00   8.6752E-01
 7.6482E+00  2.0942E-01  2.2952E+00   8.6836E-01
 7.6595E+00  2.0962E-01  2.2962E+00   8.6922E-01
 7.6708E+00  2.0982E-01  2.2971E+00   8.7010E-01
 7.6822E+00  2.1003E-01  2.2980E+00   8.7099E-01
 7.6936E+00  2.1023E-01  2.2990E+00   8.7190E-01
 7.7050E+00  2.1044E-01  2.2999E+00   8.7283E-01
 7.7165E+00  2.1065E-01  2.3008E+00   8.7378E-01
 7.7280E+00  2.1086E-01  2.3018E+00   8.7475E-01
 7.7395E+00  2.1107E-01  2.3027E+00   8.7574E-01
 7.7511E+00  2.1129E-01  2.3036E+00   8.7676E-01
 7.7627E+00  2.1151E-01  2.3046E+00   8.7781E-01
 7.7744E+00  2.1174E-01  2.3055E+00   8.7889E-01
 7.7860E+00  2.1197E-01  2.3064E+00   8.8001E-01
 7.7977E+00  2.1220E-01  2.3074E+00   8.8116E-01
 7.8095E+00  2.1244E-01  2.3083E+00   8.8235E-01
 7.8212E+00  2.1268E-01  2.3093E+00   8.8359E-01
 7.8331E+00  2.1293E-01  2.3102E+00   8.8488E-01
 7.8449E+00  2.1319E-01  2.3111E+00   8.8622E-01
 7.8568E+00  2.1345E-01  2.3121E+00   8.8763E-01
 7.8688E+00  2.1373E-01  2.3131E+00   8.8911E-01
 7.8807E+00  2.1401E-01  2.3140E+00   8.9065E-01
 7.8927E+00  2.1431E-01  2.3151E+00   8.9229E-01
 7.9047E+00  2.1462E-01  2.3161E+00   8.9403E-01
 7.9168E+00  2.1495E-01  2.3172E+00   8.9587E-01
 7.9289E+00  2.1530E-01  2.3183E+00   8.9783E-01
 7.9410E+00  2.1567E-01  2.3195E+00   8.9993E-01
 7.9532E+00  2.1607E-01  2.3207E+00   9.0215E-01
 7.9654E+00  2.1650E-01  2.3221E+00   9.0455E-01
 7.9777E+00  2.1696E-01  2.3237E+00   9.0711E-01
 7.9900E+00  2.1746E-01  2.3254E+00   9.0985E-01
 8.0023E+00  2.1801E-01  2.3273E+00   9.1278E-01
 8.0147E+00  2.1861E-01  2.3296E+00   9.1587E-01
 8.0271E+00  2.1927E-01  2.3322E+00   9.1911E-01
 8.0395E+00  2.1997E-01  2.3353E+00   9.2244E-01
 8.0520E+00  2.2074E-01  2.3390E+00   9.2581E-01
 8.0645E+00  2.2156E-01  2.3432E+00   9.2910E-01
 8.0771E+00  2.2242E-01  2.3481E+00   9.3214E-01
 8.0897E+00  2.2329E-01  2.3537E+00   9.3475E-01
 8.1023E+00  2.2414E-01  2.3599E+00   9.3669E-01
 8.1150E+00  2.2493E-01  2.3665E+00   9.3777E-01
 8.1277E+00  2.2562E-01  2.3734E+00   9.3784E-01
 8.1405E+00  2.2618E-01  2.3801E+00   9.3683E-01
 8.1533E+00  2.2658E-01  2.3865E+00   9.3481E-01
 8.1661E+00  2.2682E-01  2.3921E+00   9.3197E-01
 8.1790E+00  2.2690E-01  2.3970E+00   9.2854E-01
 8.1920E+00  2.2687E-01  2.4009E+00   9.2483E-01
 8.2049E+00  2.2675E-01  2.4040E+00   9.2108E-01
 8.2179E+00  2.2658E-01  2.4063E+00   9.1746E-01
 8.2309E+00  2.2637E-01  2.4080E+00   9.1412E-01
 8.2440E+00  2.2616E-01  2.4093E+00   9.1113E-01
 8.2572E+00  2.2596E-01  2.4102E+00   9.0851E-01
 8.2703E+00  2.2578E-01  2.4109E+00   9.0625E-01
 8.2835E+00  2.2562E-01  2.4114E+00   9.0435E-01
 8.2968E+00  2.2548E-01  2.4119E+00   9.0274E-01
 8.3101E+00  2.2538E-01  2.4123E+00   9.0141E-01
 8.3234E+00  2.2530E-01  2.4127E+00   9.0031E-01
 8.3368E+00  2.2525E-01  2.4132E+00   8.9941E-01
 8.3502E+00  2.2522E-01  2.4137E+00   8.9869E-01
 8.3637E+00  2.2521E-01  2.4142E+00   8.9812E-01
 8.3772E+00  2.2522E-01  2.4148E+00   8.9766E-01
 8.3907E+00  2.2525E-01  2.4155E+00   8.9731E-01
 8.4044E+00  2.2529E-01  2.4162E+00   8.9705E-01
 8.4180E+00  2.2535E-01  2.4169E+00   8.9685E-01
 8.4317E+00  2.2542E-01  2.4177E+00   8.9672E-01
 8.4454E+00  2.2550E-01  2.4186E+00   8.9663E-01
 8.4592E+00  2.2559E-01  2.4195E+00   8.9659E-01
 8.4730E+00  2.2569E-01  2.4205E+00   8.9658E-01
 8.4869E+00  2.2580E-01  2.4215E+00   8.9659E-01
 8.5008E+00  2.2591E-01  2.4226E+00   8.9663E-01
 8.5148E+00  2.2603E-01  2.4237E+00   8.9668E-01
 8.5288E+00  2.2615E-01  2.4248E+00   8.9675E-01
 8.5428E+00  2.2628E-01  2.4260E+00   8.9682E-01
 8.5569E+00  2.2642E-01  2.4272E+00   8.9691E-01
 8.5710E+00  2.2655E-01  2.4284E+00   8.9699E-01
 8.5852E+00  2.2669E-01  2.4296E+00   8.9708E-01
 8.5995E+00  2.2683E-01  2.4309E+00   8.9717E-01
 8.6138E+00  2.2698E-01  2.4322E+00   8.9725E-01
 8.6281E+00  2.2712E-01  2.4335E+00   8.9733E-01
 8.6425E+00  2.2727E-01  2.4349E+00   8.9741E-01
 8.6569E+00  2.2742E-01  2.4362E+00   8.9748E-01
 8.6714E+00  2.2757E-01  2.4376E+00   8.9755E-01
 8.6859E+00  2.2772E-01  2.4390E+00   8.9761E-01
 8.7005E+00  2.2787E-01  2.4404E+00   8.9766E-01
 8.7151E+00  2.2802E-01  2.4418E+00   8.9770E-01
 8.7298E+00  2.2817E-01  2.4432E+00   8.9773E-01
 8.7445E+00  2.2832E-01  2.4446E+00   8.9776E-01
 8.7592E+00  2.2848E-01  2.4461E+00   8.9777E-01
 8.7741E+00  2.2863E-01  2.4475E+00   8.9778E-01
 8.7890E+00  2.2878E-01  2.4490E+00   8.9777E-01
 8.8039E+00  2.2893E-01  2.4504E+00   8.9776E-01
 8.8189E+00  2.2908E-01  2.4519E+00   8.9773E-01
 8.8338E+00  2.2922E-01  2.4534E+00   8.9770E-01
 8.8489E+00  2.2937E-01  2.4548E+00   8.9765E-01
 8.8641E+00  2.2952E-01  2.4563E+00   8.9759E-01
 8.8793E+00  2.2967E-01  2.4578E+00   8.9752E-01
 8.8945E+00  2.2981E-01  2.4593E+00   8.9745E-01
 8.9098E+00  2.2995E-01  2.4607E+00   8.9736E-01
 8.9251E+00  2.3010E-01  2.4622E+00   8.9726E-01
 8.9405E+00  2.3024E-01  2.4637E+00   8.9715E-01
 8.9559E+00  2.3038E-01  2.4651E+00   8.9703E-01
 8.9714E+00  2.3052E-01  2.4666E+00   8.9690E-01
 8.9870E+00  2.3065E-01  2.4681E+00   8.9676E-01
 9.0026E+00  2.3079E-01  2.4695E+00   8.9662E-01
 9.0183E+00  2.3092E-01  2.4710E+00   8.9646E-01
 9.0339E+00  2.3106E-01  2.4724E+00   8.9629E-01
 9.0497E+00  2.3119E-01  2.4739E+00   8.9612E-01
 9.0655E+00  2.3132E-01  2.4753E+00   8.9594E-01
 9.0814E+00  2.3145E-01  2.4767E+00   8.9575E-01
 9.0974E+00  2.3157E-01  2.4782E+00   8.9555E-01
 9.1134E+00  2.3170E-01  2.4796E+00   8.9535E-01
 9.1294E+00  2.3183E-01  2.4810E+00   8.9513E-01
 9.1455E+00  2.3195E-01  2.4824E+00   8.9492E-01
 9.1616E+00  2.3207E-01  2.4838E+00   8.9469E-01
 9.1778E+00  2.3219E-01  2.4852E+00   8.9446E-01
 9.1941E+00  2.3231E-01  2.4865E+00   8.9423E-01
 9.2105E+00  2.3243E-01  2.4879E+00   8.9398E-01
 9.2269E+00  2.3254E-01  2.4893E+00   8.9374E-01
 9.2433E+00  2.3266E-01  2.4906E+00   8.9349E-01
 9.2598E+00  2.3277E-01  2.4919E+00   8.9324E-01
 9.2764E+00  2.3288E-01  2.4933E+00   8.9298E-01
 9.2930E+00  2.3299E-01  2.4946E+00   8.9272E-01
 9.3097E+00  2.3310E-01  2.4959E+00   8.9246E-01
 9.3264E+00  2.3321E-01  2.4972E+00   8.9219E-01
 9.3433E+00  2.3331E-01  2.4985E+00   8.9192E-01
 9.3600E+00  2.3342E-01  2.4997E+00   8.9166E-01
 9.3770E+00  2.3352E-01  2.5010E+00   8.9139E-01
 9.3940E+00  2.3363E-01  2.5023E+00   8.9112E-01
 9.4111E+00  2.3373E-01  2.5035E+00   8.9085E-01
 9.4282E+00  2.3383E-01  2.5047E+00   8.9058E-01
 9.4454E+00  2.3393E-01  2.5060E+00   8.9031E-01
 9.4626E+00  2.3403E-01  2.5072E+00   8.9004E-01
 9.4798E+00  2.3413E-01  2.5084E+00   8.8977E-01
 9.4972E+00  2.3422E-01  2.5096E+00   8.8951E-01
 9.5147E+00  2.3432E-01  2.5107E+00   8.8925E-01
 9.5322E+00  2.3442E-01  2.5119E+00   8.8899E-01
 9.5497E+00  2.3451E-01  2.5131E+00   8.8873E-01
 9.5674E+00  2.3460E-01  2.5142E+00   8.8848E-01
 9.5850E+00  2.3470E-01  2.5153E+00   8.8823E-01
 9.6027E+00  2.3479E-01  2.5165E+00   8.8798E-01
 9.6206E+00  2.3488E-01  2.5176E+00   8.8774E-01
 9.6385E+00  2.3497E-01  2.5187E+00   8.8750E-01
 9.6564E+00  2.3506E-01  2.5198E+00   8.8727E-01
 9.6745E+00  2.3516E-01  2.5209E+00   8.8705E-01
 9.6926E+00  2.3525E-01  2.5219E+00   8.8683E-01
 9.7106E+00  2.3533E-01  2.5230E+00   8.8662E-01
 9.7289E+00  2.3542E-01  2.5240E+00   8.8641E-01
 9.7472E+00  2.3551E-01  2.5251E+00   8.8621E-01
 9.7655E+00  2.3560E-01  2.5261E+00   8.8602E-01
 9.7840E+00  2.3569E-01  2.5271E+00   8.8584E-01
 9.8025E+00  2.3578E-01  2.5282E+00   8.8566E-01
 9.8210E+00  2.3587E-01  2.5292E+00   8.8550E-01
 9.8396E+00  2.3596E-01  2.5302E+00   8.8534E-01
 9.8583E+00  2.3605E-01  2.5312E+00   8.8519E-01
 9.8771E+00  2.3614E-01  2.5321E+00   8.8505E-01
 9.8960E+00  2.3623E-01  2.5331E+00   8.8492E-01
 9.9149E+00  2.3631E-01  2.5341E+00   8.8480E-01
 9.9339E+00  2.3640E-01  2.5350E+00   8.8469E-01
 9.9529E+00  2.3649E-01  2.5360E+00   8.8459E-01
 9.9721E+00  2.3658E-01  2.5369E+00   8.8451E-01
 9.9913E+00  2.3668E-01  2.5379E+00   8.8443E-01
 1.0011E+01  2.3677E-01  2.5388E+00   8.8436E-01
 1.0030E+01  2.3686E-01  2.5397E+00   8.8431E-01
 1.0049E+01  2.3695E-01  2.5406E+00   8.8427E-01
 1.0069E+01  2.3704E-01  2.5415E+00   8.8424E-01
 1.0088E+01  2.3714E-01  2.5424E+00   8.8422E-01
 1.0108E+01  2.3723E-01  2.5433E+00   8.8421E-01
 1.0128E+01  2.3733E-01  2.5442E+00   8.8422E-01
 1.0148E+01  2.3742E-01  2.5451E+00   8.8424E-01
 1.0168E+01  2.3752E-01  2.5460E+00   8.8428E-01
 1.0188E+01  2.3762E-01  2.5469E+00   8.8433E-01
 1.0208E+01  2.3771E-01  2.5478E+00   8.8439E-01
 1.0228E+01  2.3781E-01  2.5486E+00   8.8447E-01
 1.0248E+01  2.3791E-01  2.5495E+00   8.8456E-01
 1.0268E+01  2.3802E-01  2.5504E+00   8.8466E-01
 1.0289E+01  2.3812E-01  2.5512E+00   8.8478E-01
 1.0309E+01  2.3822E-01  2.5521E+00   8.8492E-01
 1.0330E+01  2.3833E-01  2.5529E+00   8.8507E-01
 1.0350E+01  2.3844E-01  2.5538E+00   8.8524E-01
 1.0371E+01  2.3854E-01  2.5546E+00   8.8542E-01
 1.0392E+01  2.3865E-01  2.5555E+00   8.8562E-01
 1.0413E+01  2.3877E-01  2.5564E+00   8.8584E-01
 1.0434E+01  2.3888E-01  2.5572E+00   8.8607E-01
 1.0455E+01  2.3899E-01  2.5581E+00   8.8632E-01
 1.0476E+01  2.3911E-01  2.5589E+00   8.8659E-01
 1.0497E+01  2.3923E-01  2.5598E+00   8.8687E-01
 1.0518E+01  2.3935E-01  2.5606E+00   8.8718E-01
 1.0540E+01  2.3947E-01  2.5615E+00   8.8750E-01
 1.0561E+01  2.3959E-01  2.5623E+00   8.8783E-01
 1.0583E+01  2.3972E-01  2.5632E+00   8.8819E-01
 1.0604E+01  2.3985E-01  2.5640E+00   8.8857E-01
 1.0626E+01  2.3998E-01  2.5649E+00   8.8896E-01
 1.0648E+01  2.4011E-01  2.5658E+00   8.8938E-01
 1.0670E+01  2.4025E-01  2.5666E+00   8.8981E-01
 1.0692E+01  2.4038E-01  2.5675E+00   8.9026E-01
 1.0714E+01  2.4052E-01  2.5684E+00   8.9074E-01
 1.0736E+01  2.4067E-01  2.5693E+00   8.9123E-01
 1.0758E+01  2.4081E-01  2.5702E+00   8.9174E-01
 1.0781E+01  2.4096E-01  2.5711E+00   8.9228E-01
 1.0803E+01  2.4111E-01  2.5720E+00   8.9284E-01
 1.0826E+01  2.4126E-01  2.5729E+00   8.9341E-01
 1.0848E+01  2.4142E-01  2.5738E+00   8.9401E-01
 1.0871E+01  2.4158E-01  2.5748E+00   8.9463E-01
 1.0894E+01  2.4174E-01  2.5757E+00   8.9528E-01
 1.0917E+01  2.4191E-01  2.5767E+00   8.9594E-01
 1.0940E+01  2.4208E-01  2.5776E+00   8.9663E-01
 1.0963E+01  2.4225E-01  2.5786E+00   8.9734E-01
 1.0986E+01  2.4243E-01  2.5796E+00   8.9807E-01
 1.1009E+01  2.4261E-01  2.5806E+00   8.9883E-01
 1.1033E+01  2.4280E-01  2.5816E+00   8.9961E-01
 1.1056E+01  2.4299E-01  2.5827E+00   9.0041E-01
 1.1080E+01  2.4318E-01  2.5837E+00   9.0124E-01
 1.1104E+01  2.4338E-01  2.5848E+00   9.0209E-01
 1.1128E+01  2.4358E-01  2.5859E+00   9.0296E-01
 1.1152E+01  2.4378E-01  2.5870E+00   9.0386E-01
 1.1176E+01  2.4399E-01  2.5882E+00   9.0478E-01
 1.1200E+01  2.4421E-01  2.5893E+00   9.0572E-01
 1.1224E+01  2.4443E-01  2.5905E+00   9.0669E-01
 1.1248E+01  2.4465E-01  2.5917E+00   9.0768E-01
 1.1273E+01  2.4489E-01  2.5930E+00   9.0870E-01
 1.1297E+01  2.4512E-01  2.5943E+00   9.0973E-01
 1.1322E+01  2.4536E-01  2.5956E+00   9.1079E-01
 1.1347E+01  2.4561E-01  2.5969E+00   9.1186E-01
 1.1372E+01  2.4586E-01  2.5983E+00   9.1296E-01
 1.1397E+01  2.4612E-01  2.5997E+00   9.1408E-01
 1.1422E+01  2.4638E-01  2.6011E+00   9.1521E-01
 1.1447E+01  2.4665E-01  2.6026E+00   9.1637E-01
 1.1472E+01  2.4692E-01  2.6041E+00   9.1754E-01
 1.1498E+01  2.4720E-01  2.6057E+00   9.1872E-01
 1.1523E+01  2.4749E-01  2.6073E+00   9.1992E-01
 1.1549E+01  2.4778E-01  2.6090E+00   9.2112E-01
 1.1575E+01  2.4808E-01  2.6107E+00   9.2234E-01
 1.1601E+01  2.4838E-01  2.6124E+00   9.2357E-01
 1.1627E+01  2.4869E-01  2.6143E+00   9.2480E-01
 1.1653E+01  2.4901E-01  2.6161E+00   9.2603E-01
 1.1679E+01  2.4933E-01  2.6180E+00   9.2726E-01
 1.1705E+01  2.4965E-01  2.6200E+00   9.2849E-01
 1.1732E+01  2.4998E-01  2.6220E+00   9.2971E-01
 1.1758E+01  2.5032E-01  2.6241E+00   9.3092E-01
 1.1785E+01  2.5066E-01  2.6263E+00   9.3212E-01
 1.1812E+01  2.5100E-01  2.6285E+00   9.3330E-01
 1.1839E+01  2.5135E-01  2.6308E+00   9.3446E-01
 1.1866E+01  2.5170E-01  2.6331E+00   9.3559E-01
 1.1893E+01  2.5205E-01  2.6355E+00   9.3669E-01
 1.1921E+01  2.5240E-01  2.6379E+00   9.3776E-01
 1.1948E+01  2.5276E-01  2.6404E+00   9.3879E-01
 1.1976E+01  2.5312E-01  2.6429E+00   9.3977E-01
 1.2003E+01  2.5347E-01  2.6455E+00   9.4071E-01
 1.2031E+01  2.5383E-01  2.6482E+00   9.4159E-01
 1.2059E+01  2.5418E-01  2.6508E+00   9.4242E-01
 1.2087E+01  2.5454E-01  2.6536E+00   9.4319E-01
 1.2116E+01  2.5489E-01  2.6563E+00   9.4391E-01
 1.2144E+01  2.5523E-01  2.6591E+00   9.4455E-01
 1.2172E+01  2.5558E-01  2.6619E+00   9.4513E-01
 1.2201E+01  2.5591E-01  2.6648E+00   9.4564E-01
 1.2230E+01  2.5625E-01  2.6676E+00   9.4608E-01
 1.2259E+01  2.5657E-01  2.6705E+00   9.4644E-01
 1.2288E+01  2.5689E-01  2.6733E+00   9.4674E-01
 1.2317E+01  2.5720E-01  2.6762E+00   9.4696E-01
 1.2346E+01  2.5750E-01  2.6790E+00   9.4712E-01
 1.2376E+01  2.5780E-01  2.6819E+00   9.4721E-01
 1.2405E+01  2.5809E-01  2.6847E+00   9.4723E-01
 1.2435E+01  2.5837E-01  2.6875E+00   9.4719E-01
 1.2465E+01  2.5864E-01  2.6902E+00   9.4708E-01
 1.2495E+01  2.5890E-01  2.6929E+00   9.4693E-01
 1.2525E+01  2.5915E-01  2.6956E+00   9.4672E-01
 1.2556E+01  2.5939E-01  2.6982E+00   9.4646E-01
 1.2586E+01  2.5962E-01  2.7008E+00   9.4616E-01
 1.2617E+01  2.5985E-01  2.7034E+00   9.4583E-01
 1.2648E+01  2.6007E-01  2.7059E+00   9.4546E-01
 1.2678E+01  2.6028E-01  2.7083E+00   9.4507E-01
 1.2710E+01  2.6048E-01  2.7107E+00   9.4465E-01
 1.2741E+01  2.6068E-01  2.7130E+00   9.4422E-01
 1.2772E+01  2.6087E-01  2.7153E+00   9.4377E-01
 1.2804E+01  2.6105E-01  2.7176E+00   9.4332E-01
 1.2835E+01  2.6123E-01  2.7198E+00   9.4287E-01
 1.2867E+01  2.6141E-01  2.7219E+00   9.4241E-01
 1.2899E+01  2.6158E-01  2.7240E+00   9.4196E-01
 1.2931E+01  2.6174E-01  2.7260E+00   9.4153E-01
 1.2964E+01  2.6191E-01  2.7280E+00   9.4110E-01
 1.2996E+01  2.6207E-01  2.7300E+00   9.4069E-01
 1.3029E+01  2.6223E-01  2.7319E+00   9.4030E-01
 1.3062E+01  2.6239E-01  2.7338E+00   9.3992E-01
 1.3095E+01  2.6254E-01  2.7357E+00   9.3957E-01
 1.3128E+01  2.6270E-01  2.7375E+00   9.3925E-01
 1.3161E+01  2.6286E-01  2.7394E+00   9.3895E-01
 1.3195E+01  2.6301E-01  2.7411E+00   9.3867E-01
 1.3228E+01  2.6317E-01  2.7429E+00   9.3843E-01
 1.3262E+01  2.6333E-01  2.7447E+00   9.3821E-01
 1.3296E+01  2.6349E-01  2.7464E+00   9.3802E-01
 1.3330E+01  2.6365E-01  2.7481E+00   9.3786E-01
 1.3365E+01  2.6381E-01  2.7498E+00   9.3773E-01
 1.3399E+01  2.6397E-01  2.7515E+00   9.3763E-01
 1.3434E+01  2.6414E-01  2.7532E+00   9.3756E-01
 1.3469E+01  2.6431E-01  2.7549E+00   9.3752E-01
 1.3504E+01  2.6448E-01  2.7566E+00   9.3750E-01
 1.3539E+01  2.6465E-01  2.7583E+00   9.3751E-01
 1.3575E+01  2.6483E-01  2.7600E+00   9.3755E-01
 1.3610E+01  2.6501E-01  2.7617E+00   9.3762E-01
 1.3646E+01  2.6519E-01  2.7634E+00   9.3771E-01
 1.3682E+01  2.6537E-01  2.7651E+00   9.3783E-01
 1.3718E+01  2.6556E-01  2.7668E+00   9.3797E-01
 1.3755E+01  2.6575E-01  2.7685E+00   9.3814E-01
 1.3791E+01  2.6594E-01  2.7703E+00   9.3833E-01
 1.3828E+01  2.6614E-01  2.7720E+00   9.3854E-01
 1.3865E+01  2.6634E-01  2.7738E+00   9.3877E-01
 1.3902E+01  2.6654E-01  2.7756E+00   9.3902E-01
 1.3939E+01  2.6675E-01  2.7773E+00   9.3929E-01
 1.3977E+01  2.6696E-01  2.7792E+00   9.3958E-01
 1.4015E+01  2.6717E-01  2.7810E+00   9.3988E-01
 1.4053E+01  2.6739E-01  2.7828E+00   9.4020E-01
 1.4091E+01  2.6761E-01  2.7847E+00   9.4054E-01
 1.4129E+01  2.6783E-01  2.7865E+00   9.4089E-01
 1.4168E+01  2.6805E-01  2.7884E+00   9.4126E-01
 1.4207E+01  2.6828E-01  2.7903E+00   9.4164E-01
 1.4246E+01  2.6851E-01  2.7922E+00   9.4203E-01
 1.4285E+01  2.6874E-01  2.7942E+00   9.4244E-01
 1.4325E+01  2.6898E-01  2.7961E+00   9.4285E-01
 1.4364E+01  2.6922E-01  2.7981E+00   9.4328E-01
 1.4404E+01  2.6946E-01  2.8001E+00   9.4371E-01
 1.4444E+01  2.6970E-01  2.8021E+00   9.4415E-01
 1.4485E+01  2.6995E-01  2.8042E+00   9.4460E-01
 1.4525E+01  2.7020E-01  2.8062E+00   9.4506E-01
 1.4566E+01  2.7045E-01  2.8083E+00   9.4553E-01
 1.4607E+01  2.7070E-01  2.8104E+00   9.4600E-01
 1.4648E+01  2.7096E-01  2.8125E+00   9.4647E-01
 1.4690E+01  2.7122E-01  2.8146E+00   9.4696E-01
 1.4731E+01  2.7148E-01  2.8168E+00   9.4744E-01
 1.4773E+01  2.7174E-01  2.8190E+00   9.4793E-01
 1.4816E+01  2.7201E-01  2.8212E+00   9.4842E-01
 1.4858E+01  2.7227E-01  2.8234E+00   9.4892E-01
 1.4901E+01  2.7254E-01  2.8256E+00   9.4942E-01
 1.4944E+01  2.7281E-01  2.8279E+00   9.4991E-01
 1.4987E+01  2.7309E-01  2.8301E+00   9.5042E-01
 1.5030E+01  2.7336E-01  2.8324E+00   9.5092E-01
 1.5074E+01  2.7364E-01  2.8347E+00   9.5142E-01
 1.5118E+01  2.7392E-01  2.8370E+00   9.5192E-01
 1.5162E+01  2.7420E-01  2.8394E+00   9.5242E-01
 1.5207E+01  2.7448E-01  2.8417E+00   9.5293E-01
 1.5251E+01  2.7476E-01  2.8441E+00   9.5343E-01
 1.5296E+01  2.7504E-01  2.8465E+00   9.5393E-01
 1.5342E+01  2.7533E-01  2.8489E+00   9.5442E-01
 1.5387E+01  2.7562E-01  2.8513E+00   9.5492E-01
 1.5433E+01  2.7591E-01  2.8538E+00   9.5542E-01
 1.5479E+01  2.7619E-01  2.8562E+00   9.5591E-01
 1.5525E+01  2.7649E-01  2.8587E+00   9.5640E-01
 1.5572E+01  2.7678E-01  2.8612E+00   9.5689E-01
 1.5619E+01  2.7707E-01  2.8637E+00   9.5738E-01
 1.5666E+01  2.7736E-01  2.8662E+00   9.5786E-01
 1.5713E+01  2.7766E-01  2.8687E+00   9.5835E-01
 1.5761E+01  2.7795E-01  2.8712E+00   9.5883E-01
 1.5809E+01  2.7825E-01  2.8738E+00   9.5931E-01
 1.5858E+01  2.7855E-01  2.8764E+00   9.5979E-01
 1.5906E+01  2.7884E-01  2.8789E+00   9.6026E-01
 1.5955E+01  2.7914E-01  2.8815E+00   9.6074E-01
 1.6005E+01  2.7944E-01  2.8841E+00   9.6122E-01
 1.6054E+01  2.7974E-01  2.8867E+00   9.6169E-01
 1.6104E+01  2.8004E-01  2.8893E+00   9.6217E-01
 1.6154E+01  2.8035E-01  2.8919E+00   9.6264E-01
 1.6205E+01  2.8065E-01  2.8945E+00   9.6312E-01
 1.6255E+01  2.8095E-01  2.8972E+00   9.6360E-01
 1.6306E+01  2.8125E-01  2.8998E+00   9.6408E-01
 1.6358E+01  2.8156E-01  2.9024E+00   9.6457E-01
 1.6410E+01  2.8186E-01  2.9051E+00   9.6506E-01
 1.6462E+01  2.8217E-01  2.9077E+00   9.6556E-01
 1.6514E+01  2.8247E-01  2.9104E+00   9.6606E-01
 1.6567E+01  2.8278E-01  2.9130E+00   9.6658E-01
 1.6620E+01  2.8309E-01  2.9157E+00   9.6710E-01
 1.6674E+01  2.8340E-01  2.9183E+00   9.6764E-01
 1.6727E+01  2.8371E-01  2.9210E+00   9.6819E-01
 1.6782E+01  2.8402E-01  2.9236E+00   9.6876E-01
 1.6836E+01  2.8433E-01  2.9262E+00   9.6935E-01
 1.6891E+01  2.8464E-01  2.9289E+00   9.6996E-01
 1.6946E+01  2.8496E-01  2.9315E+00   9.7059E-01
 1.7002E+01  2.8527E-01  2.9342E+00   9.7125E-01
 1.7058E+01  2.8559E-01  2.9368E+00   9.7195E-01
 1.7114E+01  2.8591E-01  2.9394E+00   9.7268E-01
 1.7170E+01  2.8624E-01  2.9420E+00   9.7345E-01
 1.7227E+01  2.8657E-01  2.9447E+00   9.7427E-01
 1.7285E+01  2.8690E-01  2.9473E+00   9.7513E-01
 1.7343E+01  2.8723E-01  2.9499E+00   9.7605E-01
 1.7401E+01  2.8757E-01  2.9525E+00   9.7704E-01
 1.7459E+01  2.8792E-01  2.9552E+00   9.7809E-01
 1.7518E+01  2.8827E-01  2.9578E+00   9.7923E-01
 1.7578E+01  2.8863E-01  2.9604E+00   9.8044E-01
 1.7638E+01  2.8900E-01  2.9631E+00   9.8176E-01
 1.7698E+01  2.8938E-01  2.9657E+00   9.8317E-01
 1.7759E+01  2.8978E-01  2.9684E+00   9.8471E-01
 1.7820E+01  2.9018E-01  2.9712E+00   9.8637E-01
 1.7881E+01  2.9060E-01  2.9739E+00   9.8816E-01
 1.7943E+01  2.9104E-01  2.9768E+00   9.9011E-01
 1.8005E+01  2.9150E-01  2.9797E+00   9.9222E-01
 1.8068E+01  2.9199E-01  2.9827E+00   9.9451E-01
 1.8131E+01  2.9250E-01  2.9858E+00   9.9698E-01
 1.8195E+01  2.9304E-01  2.9891E+00   9.9965E-01
 1.8259E+01  2.9362E-01  2.9926E+00   1.0025E+00
 1.8323E+01  2.9423E-01  2.9963E+00   1.0056E+00
 1.8388E+01  2.9489E-01  3.0002E+00   1.0089E+00
 1.8454E+01  2.9560E-01  3.0045E+00   1.0124E+00
 1.8520E+01  2.9636E-01  3.0092E+00   1.0161E+00
 1.8586E+01  2.9717E-01  3.0144E+00   1.0200E+00
 1.8653E+01  2.9805E-01  3.0200E+00   1.0240E+00
 1.8720E+01  2.9898E-01  3.0263E+00   1.0280E+00
 1.8788E+01  2.9996E-01  3.0332E+00   1.0319E+00
 1.8856E+01  3.0100E-01  3.0407E+00   1.0357E+00
 1.8925E+01  3.0208E-01  3.0491E+00   1.0392E+00
 1.8994E+01  3.0318E-01  3.0581E+00   1.0423E+00
 1.9064E+01  3.0429E-01  3.0678E+00   1.0447E+00
 1.9135E+01  3.0539E-01  3.0780E+00   1.0463E+00
 1.9205E+01  3.0644E-01  3.0887E+00   1.0469E+00
 1.9277E+01  3.0742E-01  3.0995E+00   1.0465E+00
 1.9349E+01  3.0831E-01  3.1103E+00   1.0450E+00
 1.9421E+01  3.0909E-01  3.1208E+00   1.0424E+00
 1.9494E+01  3.0974E-01  3.1308E+00   1.0388E+00
 1.9568E+01  3.1026E-01  3.1400E+00   1.0344E+00
 1.9642E+01  3.1066E-01  3.1484E+00   1.0294E+00
 1.9717E+01  3.1093E-01  3.1558E+00   1.0240E+00
 1.9792E+01  3.1111E-01  3.1622E+00   1.0184E+00
 1.9868E+01  3.1121E-01  3.1676E+00   1.0129E+00
 1.9944E+01  3.1124E-01  3.1722E+00   1.0076E+00
 2.0021E+01  3.1124E-01  3.1760E+00   1.0027E+00
 2.0099E+01  3.1121E-01  3.1792E+00   9.9835E-01
 2.0177E+01  3.1119E-01  3.1819E+00   9.9457E-01
 2.0256E+01  3.1118E-01  3.1842E+00   9.9146E-01
 2.0335E+01  3.1119E-01  3.1862E+00   9.8903E-01
 2.0415E+01  3.1125E-01  3.1882E+00   9.8734E-01
 2.0496E+01  3.1137E-01  3.1901E+00   9.8638E-01
 2.0577E+01  3.1156E-01  3.1923E+00   9.8615E-01
 2.0659E+01  3.1182E-01  3.1947E+00   9.8663E-01
 2.0742E+01  3.1217E-01  3.1975E+00   9.8780E-01
 2.0825E+01  3.1263E-01  3.2009E+00   9.8958E-01
 2.0909E+01  3.1319E-01  3.2050E+00   9.9191E-01
 2.0994E+01  3.1387E-01  3.2100E+00   9.9463E-01
 2.1079E+01  3.1465E-01  3.2160E+00   9.9757E-01
 2.1165E+01  3.1554E-01  3.2232E+00   1.0005E+00
 2.1252E+01  3.1652E-01  3.2315E+00   1.0031E+00
 2.1339E+01  3.1755E-01  3.2409E+00   1.0051E+00
 2.1428E+01  3.1860E-01  3.2512E+00   1.0062E+00
 2.1517E+01  3.1962E-01  3.2623E+00   1.0061E+00
 2.1606E+01  3.2058E-01  3.2736E+00   1.0046E+00
 2.1697E+01  3.2143E-01  3.2848E+00   1.0017E+00
 2.1788E+01  3.2214E-01  3.2954E+00   9.9768E-01
 2.1880E+01  3.2272E-01  3.3052E+00   9.9270E-01
 2.1972E+01  3.2317E-01  3.3141E+00   9.8715E-01
 2.2066E+01  3.2351E-01  3.3219E+00   9.8144E-01
 2.2160E+01  3.2378E-01  3.3287E+00   9.7590E-01
 2.2255E+01  3.2403E-01  3.3349E+00   9.7080E-01
 2.2351E+01  3.2427E-01  3.3406E+00   9.6634E-01
 2.2448E+01  3.2455E-01  3.3462E+00   9.6257E-01
 2.2546E+01  3.2489E-01  3.3520E+00   9.5947E-01
 2.2644E+01  3.2532E-01  3.3582E+00   9.5695E-01
 2.2743E+01  3.2583E-01  3.3651E+00   9.5482E-01
 2.2843E+01  3.2643E-01  3.3728E+00   9.5283E-01
 2.2945E+01  3.2711E-01  3.3814E+00   9.5069E-01
 2.3047E+01  3.2784E-01  3.3910E+00   9.4808E-01
 2.3149E+01  3.2861E-01  3.4014E+00   9.4467E-01
 2.3253E+01  3.2937E-01  3.4125E+00   9.4017E-01
 2.3358E+01  3.3009E-01  3.4239E+00   9.3438E-01
 2.3464E+01  3.3072E-01  3.4352E+00   9.2718E-01
 2.3570E+01  3.3124E-01  3.4462E+00   9.1861E-01
 2.3678E+01  3.3163E-01  3.4564E+00   9.0878E-01
 2.3787E+01  3.3187E-01  3.4656E+00   8.9793E-01
 2.3896E+01  3.3196E-01  3.4736E+00   8.8637E-01
 2.4007E+01  3.3193E-01  3.4803E+00   8.7438E-01
 2.4119E+01  3.3178E-01  3.4859E+00   8.6225E-01
 2.4231E+01  3.3153E-01  3.4902E+00   8.5023E-01
 2.4345E+01  3.3122E-01  3.4935E+00   8.3851E-01
 2.4460E+01  3.3085E-01  3.4959E+00   8.2720E-01
 2.4576E+01  3.3045E-01  3.4977E+00   8.1642E-01
 2.4693E+01  3.3003E-01  3.4988E+00   8.0618E-01
 2.4811E+01  3.2959E-01  3.4995E+00   7.9650E-01
 2.4930E+01  3.2917E-01  3.4998E+00   7.8738E-01
