Amorphous hydrogenated "Diamondlike" Carbon films from Handbook of 
optical constants of solids II, edited by E.D. Palik (1991) Academic 
Press.  Values set to -1.e+32 where data is not provided.
Table IIa, deposition conditions:
50W Plasma Power, Room Temp. substrate, No post-deposition anneal
Wavel.    real imag.
microns  index index
--------------------
0.350 1.779 0.084
0.360 1.777 0.076
0.370 1.776 0.068
0.380 1.769 0.060
0.390 1.758 0.053
0.400 1.765 0.048
0.410 1.760 0.044
0.420 1.758 0.041
0.470 1.724 0.022
0.480 1.717 0.019
0.490 1.723 0.017
0.500 1.718 0.015
0.510 1.715 0.013
0.520 1.710 0.011
0.530 1.703 0.010
0.540 1.710 0.008
0.550 1.704 0.006
0.560 1.701 0.005
0.570 1.691 -1.e-32
0.580 1.685 -1.e-32
0.590 1.693 -1.e-32
0.600 1.689 -1.e-32
0.610 1.687 -1.e-32
0.620 1.684 -1.e-32
0.630 1.678 -1.e-32
0.640 1.686 -1.e-32
0.650 1.683 -1.e-32
0.660 1.681 -1.e-32
0.670 1.676 -1.e-32
0.680 1.672 -1.e-32
0.690 1.680 -1.e-32
0.700 1.678 -1.e-32
0.710 1.678 -1.e-32
0.720 1.678 -1.e-32
0.730 1.677 -1.e-32
Tables IIb and III, deposition conditions:
150W Plasma Power, Room Temp. substrate, No post-deposition anneal
Wavel.    real imag.
microns  index index
--------------------
0.350 1.749 0.056
0.360 1.745 0.052
0.370 1.748 0.047
0.380 1.750 0.042
0.390 1.743 0.037
0.430 1.725 0.020
0.440 1.717 0.016
0.450 1.715 0.012
0.460 ~ .713 0.009
0.470 1.706 0.005
0.480 1.701 0.003
0.490 1.693 0.002
0.500 1.693 -1.e-32
0.550 1.689 -1.e-32
0.560 1.686 -1.e-32
0.570 1.684 -1.e-32
0.580 1.681 -1.e-32
0.590 1.684 -1.e-32
0.600 1.687 -1.e-32
0.610 1.685 -1.e-32
0.620 1.686 -1.e-32
0.630 1.683 -1.e-32
0.640 1.685 -1.e-32
0.650 1.687 -1.e-32
0.660 1.684 -1.e-32
0.670 1.682 -1.e-32
0.680 1.678 -1.e-32
0.690 1.680 -1.e-32
0.700 1.682 -1.e-32
0.710 1.680 -1.e-32
0.720 1.683 -1.e-32
0.730 1.685 -1.e-32
4.000 1.65 0.01
10.00 1.75 0.01
Table IIc, deposition conditions:
150W Plasma Power, unstated substrate Temp., 400C post-deposition anneal
Wavel.    real imag.
microns  index index
--------------------
0.350 1.838 0.129
0.360 1.826 0.127
0.370 1.829 0.126
0.380 1.845 0.124
0.390 1.825 0.113
0.420 1.797 0.082
0.430 1.807 0.074
0.440 1.789 0.064
0.450 1.788 0.055
0.460 1.798 0.046
0.470 1.782 0.040
0.480 1.774 0.034
0.490 1.783 0.027
0.520 1.758 0.019
0.530 1.764 0.014
0.540 1.780 0.008
0.550 1.765 0.009
0.560 1.758 0.009
0.570 1.770 0.006
0.580 1.756 0.008
0.590 1.759 0.007
0.600 1.775 0.005
0.610 1.760 0.007
0.620 1.755 0.008
0.630 1.768 0.007
0.640 1.752 0.009
0.650 1.754 0.010
0.660 1.769 0.010
0.670 1.752 0.011
0.680 1.745 0.011
0.690 1.757 0.012
0.700 1.743 0.012
0.710 1.749 0.012
0.720 1.771 0.012
0.730 1.767 0.012
Table IVa, deposition conditions:
Arc dc glow discharge, 250C substrate Temp., No post-deposition anneal
Wavel.    real imag.
microns  index index
--------------------
0.2611 1.74 0.246
0.2755 1.75 0.220
0.2918 1.76 0.195
0.3100 1.77 0.168
0.3307 1.77 0.144
0.3543 1.77 0.119
0.3815 1.76 0.089
0.4133 1.76 0.061
0.4509 1.75 0.041
0.4960 1.75 0.026
0.5511 1.74 0.0120
0.6200 1.74 0.0065
0.7086 1.74 0.0057
0.8267 1.74 0.0030
Table IVb, deposition conditions:
Arc dc glow discharge, 250C substrate Temp., 350C post-deposition anneal
Wavel.    real imag.
microns  index index
--------------------
0.2611 1.62 0.360
0.2755 1.66 0.320
0.2918 1.72 0.273
0.3100 1.76 0.234
0.3307 1.77 0.203
0.3543 1.77 0.168
0.3815 1.78 0.129
0.4133 1.77 0.096
0.4509 1.77 0.068
0.4960 1.77 0.047
0.5511 1.77 0.027
0.6200 1.76 0.0155
0.7036 1.76 0.0090
0.8267 1.76 0.0050
Table VIa, deposition conditions:
Ion assisted deposit, Specimen No. 1
Wavel.    real imag.
microns  index index
--------------------
0.170 1.957 0.705
0.175 1.938 0.713
0.180 1.930 0.722
0.185 1.924 0.730
0.190 1.929 0.744
0.195 1.928 0.748
0.20 1.918 0.750
0.21 1.932 0.767
0.22 1.948 0.777
0.23 1.969 0.790
0.24 1.986 0.801
0.25 2.004 0.825
0.26 2.032 0.835
0.28 2.100 0.851
0.30 2.171 0.866
0.32 2.217 0.875
0.34 2.292 0.865
0.36 2.312 0.881
0.40 2.408 0.853
0.45 2.518 0.805
0.50 2.610 0.754
0.55 2.672 0.717
0.60 2.715 0.692
0.65 2.773 0.641
0.70 2.815 0.579
0.80 2.875 0.505
0.90 2.926 0.462
1.0 2.951 0.442
1.2 2.982 0.390
1.5 3.037 0.309
2.0 3.123 0.217
2.5 3.125 0.160
Table VIb, deposition conditions:
Ion assisted deposit, Specimen No. 5
Wavel.    real imag.
microns  index index
--------------------
0.170 1.750 0.415
0.175 1.750 0.414
0.180 1.753 0.412
0.185 1.756 0.410
0.190 1.758 0.409
0.195 1.766 0.405
0.20 1.767 0.405
0.21 1.780 0.401
0.22 1.787 0.400
0.23 1.796 0.393
0.24 1.813 0.388
0.25 1.828 0.379
0.26 1.848 0.376
0.28 1.868 0.368
0.30 1.897 0.352
0.32 1.925 0.336
0.34 1.958 0.304
0.36 1.975 0.287
0.40 2.007 0.242
0.45 2.016 0.201
0.50 2.028 0.160
0.55 2.029 0.121
0.60 2.026 0.093
0.65 2.022 0.071
0.70 2.019 0.062
0.80 2.018 0.037
0.90 2.017 0.025
1.0 2.013 0.022
1.2 2.017 0.008
1.5 2.013 0.005
2.0 2.013 0.001
2.5 2.013 -1.e-32
Table VIc, deposition conditions:
Ion assisted deposit, Specimen No. 9
Wavel.    real imag.
microns  index index
--------------------
0.170 1.741 0.259
0.175 1.735 0.257
0.180 1.730 0.259
0.185 1.724 0.259
0.190 1.718 0.261
0.195 1.725 0.263
0.20 1.728 0.264
0.21 1.737 0.261
0.22 1.727 0.260
0.23 1.730 0.256
0.24 1.743 0.251
0.25 1.749 0.246
0.26 1.753 0.242
0.28 1.772 0.226
0.30 1.783 0.218
0.32 1.798 0.193
0.34 1.809 0.185
0.36 1.820 0.156
0.40 1.831 0.121
0.45 1.830 0.083
0.50 1.836 0.065
0.55 1.830 0.045
0.60 1.826 0.035
0.65 1.822 0.027
0.70 1.822 0.021
0.80 1.821 0.016
0.90 1.819 0.013
1.0 1.820 0.007
1.2 1.82 0.006
1.5 1.819 0.002
2.0 1.819 0.001
2.5 1.818 -1.e-32
