From Rouleau and Martin, Astrophys. J., 377, 526-540, 1991.
Sample:  BE1
  Wavelength     Wave        real     imaginary
  (microns)     Number      index       index   
  3.0046E+02  3.3282E+01  7.9760E+00  5.7150E+00
  2.8382E+02  3.5234E+01  7.2760E+00  5.4650E+00
  2.6817E+02  3.7290E+01  6.9490E+00  5.0570E+00
  2.5332E+02  3.9476E+01  6.6870E+00  4.7580E+00
  2.3934E+02  4.1782E+01  6.4970E+00  4.4650E+00
  2.2607E+02  4.4234E+01  6.3520E+00  4.2250E+00
  2.1357E+02  4.6823E+01  6.2240E+00  4.0130E+00
  2.0179E+02  4.9556E+01  6.1130E+00  3.8240E+00
  1.9062E+02  5.2460E+01  6.0140E+00  3.6540E+00
  1.8008E+02  5.5532E+01  5.9230E+00  3.5020E+00
  1.7012E+02  5.8782E+01  5.8370E+00  3.3660E+00
  1.6071E+02  6.2226E+01  5.7530E+00  3.2410E+00
  1.5183E+02  6.5863E+01  5.6690E+00  3.1250E+00
  1.4344E+02  6.9718E+01  5.5880E+00  3.0120E+00
  1.3550E+02  7.3798E+01  5.5110E+00  2.9020E+00
  1.2801E+02  7.8121E+01  5.4390E+00  2.7990E+00
  1.2098E+02  8.2661E+01  5.3720E+00  2.7010E+00
  1.1429E+02  8.7500E+01  5.3080E+00  2.6100E+00
  1.0792E+02  9.2661E+01  5.2450E+00  2.5260E+00
  1.0197E+02  9.8065E+01  5.1780E+00  2.4450E+00
  9.6348E+01  1.0379E+02  5.1150E+00  2.3520E+00
  9.0976E+01  1.0992E+02  5.0740E+00  2.2710E+00
  8.5992E+01  1.1629E+02  5.0240E+00  2.2040E+00
  8.1205E+01  1.2315E+02  4.9790E+00  2.1320E+00
  7.6733E+01  1.3032E+02  4.9420E+00  2.0760E+00
  7.2472E+01  1.3798E+02  4.8890E+00  2.0300E+00
  6.8470E+01  1.4605E+02  4.8440E+00  1.9690E+00
  6.4684E+01  1.5460E+02  4.7980E+00  1.9280E+00
  6.1114E+01  1.6363E+02  4.7460E+00  1.8770E+00
  5.7728E+01  1.7323E+02  4.7050E+00  1.8250E+00
  5.4529E+01  1.8339E+02  4.6720E+00  1.7860E+00
  5.1516E+01  1.9411E+02  4.6290E+00  1.7650E+00
  4.8685E+01  2.0540E+02  4.5660E+00  1.7410E+00
  4.5977E+01  2.1750E+02  4.4980E+00  1.6960E+00
  4.3448E+01  2.3016E+02  4.4470E+00  1.6390E+00
  4.1046E+01  2.4363E+02  4.4150E+00  1.5890E+00
  3.8774E+01  2.5790E+02  4.3840E+00  1.5600E+00
  3.6632E+01  2.7298E+02  4.3380E+00  1.5340E+00
  3.4598E+01  2.8903E+02  4.2950E+00  1.4920E+00
  3.2692E+01  3.0589E+02  4.2700E+00  1.4920E+00
  3.0884E+01  3.2379E+02  4.2060E+00  1.4450E+00
  2.9176E+01  3.4274E+02  4.1590E+00  1.4270E+00
  2.7562E+01  3.6282E+02  4.1180E+00  1.3830E+00
  2.6039E+01  3.8403E+02  4.0570E+00  1.3610E+00
  2.4598E+01  4.0653E+02  4.0160E+00  1.3280E+00
  2.3238E+01  4.3032E+02  3.9800E+00  1.2950E+00
  2.1955E+01  4.5548E+02  3.9350E+00  1.2910E+00
  2.0739E+01  4.8218E+02  3.8830E+00  1.2390E+00
  1.9592E+01  5.1040E+02  3.8650E+00  1.1930E+00
  1.8510E+01  5.4024E+02  3.8370E+00  1.1900E+00
  1.7487E+01  5.7185E+02  3.8050E+00  1.1480E+00
  1.6520E+01  6.0532E+02  3.7840E+00  1.1450E+00
  1.5605E+01  6.4081E+02  3.7470E+00  1.1170E+00
  1.4743E+01  6.7831E+02  3.7300E+00  1.0990E+00
  1.3928E+01  7.1798E+02  3.7020E+00  1.0950E+00
  1.3158E+01  7.6000E+02  3.6660E+00  1.0850E+00
  1.2430E+01  8.0452E+02  3.6350E+00  1.0690E+00
  1.1742E+01  8.5161E+02  3.6100E+00  1.0630E+00
  1.1091E+01  9.0161E+02  3.5670E+00  1.0580E+00
  1.0482E+01  9.5403E+02  3.5460E+00  1.0350E+00
  9.9042E+00  1.0097E+03  3.5200E+00  1.0480E+00
  9.3514E+00  1.0694E+03  3.4820E+00  1.0550E+00
  8.8382E+00  1.1315E+03  3.4250E+00  1.0690E+00
  8.3502E+00  1.1976E+03  3.3510E+00  1.0590E+00
  7.8880E+00  1.2677E+03  3.2910E+00  1.0280E+00
  7.4519E+00  1.3419E+03  3.2360E+00  9.8750E-01
  7.0375E+00  1.4210E+03  3.2030E+00  9.4750E-01
  6.6488E+00  1.5040E+03  3.1700E+00  9.0430E-01
  6.2817E+00  1.5919E+03  3.1470E+00  8.6450E-01
  5.9330E+00  1.6855E+03  3.1420E+00  8.2310E-01
  5.6058E+00  1.7839E+03  3.1480E+00  8.0360E-01
  5.2969E+00  1.8879E+03  3.1440E+00  8.0300E-01
  5.0040E+00  1.9984E+03  3.1280E+00  8.0390E-01
  4.7274E+00  2.1153E+03  3.1070E+00  8.0230E-01
  4.4653E+00  2.2395E+03  3.0850E+00  7.9720E-01
  4.2177E+00  2.3710E+03  3.0630E+00  7.9140E-01
  3.9846E+00  2.5097E+03  3.0420E+00  7.8520E-01
  3.7644E+00  2.6565E+03  3.0240E+00  7.7780E-01
  3.5571E+00  2.8113E+03  3.0170E+00  7.7500E-01
  3.3604E+00  2.9758E+03  2.9950E+00  7.9610E-01
  3.1746E+00  3.1500E+03  2.9590E+00  7.9730E-01
  2.9988E+00  3.3347E+03  2.9330E+00  7.9530E-01
  2.8330E+00  3.5298E+03  2.9060E+00  7.9760E-01
  2.6765E+00  3.7363E+03  2.8770E+00  7.9880E-01
  2.5285E+00  3.9548E+03  2.8470E+00  7.9950E-01
  2.3883E+00  4.1871E+03  2.8160E+00  8.0050E-01
  2.2566E+00  4.4315E+03  2.7830E+00  7.9860E-01
  2.1317E+00  4.6911E+03  2.7520E+00  7.9320E-01
  2.0140E+00  4.9653E+03  2.7230E+00  7.8800E-01
  1.9024E+00  5.2565E+03  2.6940E+00  7.8380E-01
  1.7974E+00  5.5637E+03  2.6660E+00  7.7700E-01
  1.6979E+00  5.8895E+03  2.6400E+00  7.7260E-01
  1.6041E+00  6.2339E+03  2.6130E+00  7.6580E-01
  1.5153E+00  6.5992E+03  2.5920E+00  7.5870E-01
  1.4315E+00  6.9855E+03  2.5710E+00  7.5980E-01
  1.3524E+00  7.3944E+03  2.5460E+00  7.5990E-01
  1.2777E+00  7.8266E+03  2.5220E+00  7.5870E-01
  1.2074E+00  8.2823E+03  2.4990E+00  7.6090E-01
  1.1408E+00  8.7661E+03  2.4730E+00  7.6440E-01
  1.0773E+00  9.2823E+03  2.4440E+00  7.6620E-01
  1.0181E+00  9.8226E+03  2.4160E+00  7.6570E-01
  9.6124E-01  1.0403E+04  2.3900E+00  7.6520E-01
  9.0842E-01  1.1008E+04  2.3640E+00  7.6560E-01
  8.5813E-01  1.1653E+04  2.3400E+00  7.6740E-01
  8.1046E-01  1.2339E+04  2.3160E+00  7.7310E-01
  7.6590E-01  1.3056E+04  2.2840E+00  7.8290E-01
  7.2345E-01  1.3823E+04  2.2510E+00  7.8060E-01
  6.8357E-01  1.4629E+04  2.2290E+00  7.8450E-01
  6.4550E-01  1.5492E+04  2.1950E+00  8.0030E-01
  6.0994E-01  1.6395E+04  2.1520E+00  8.0520E-01
  5.7621E-01  1.7355E+04  2.1120E+00  8.0370E-01
  5.4434E-01  1.8371E+04  2.0750E+00  8.0100E-01
  5.1431E-01  1.9444E+04  2.0370E+00  7.9850E-01
  4.8589E-01  2.0581E+04  1.9980E+00  7.9400E-01
  4.5892E-01  2.1790E+04  1.9600E+00  7.8800E-01
  4.3357E-01  2.3065E+04  1.9220E+00  7.8250E-01
  4.0965E-01  2.4411E+04  1.8810E+00  7.7470E-01
  3.8702E-01  2.5839E+04  1.8390E+00  7.6070E-01
  3.6557E-01  2.7355E+04  1.8020E+00  7.4230E-01
  3.4540E-01  2.8952E+04  1.7680E+00  7.2490E-01
  3.2623E-01  3.0653E+04  1.7320E+00  7.0800E-01
  3.0823E-01  3.2444E+04  1.6930E+00  6.8370E-01
  2.9115E-01  3.4347E+04  1.6640E+00  6.4780E-01
  2.7507E-01  3.6355E+04  1.6440E+00  6.2020E-01
  2.5985E-01  3.8484E+04  1.6240E+00  5.8540E-01
  2.4550E-01  4.0734E+04  1.6150E+00  5.4950E-01
  2.3195E-01  4.3113E+04  1.6290E+00  5.1560E-01
  2.1912E-01  4.5637E+04  1.6370E+00  5.1720E-01
  2.0698E-01  4.8315E+04  1.6270E+00  5.1300E-01
  1.9555E-01  5.1137E+04  1.6150E+00  5.0220E-01
  1.8474E-01  5.4129E+04  1.6220E+00  4.8380E-01
  1.7452E-01  5.7298E+04  1.6550E+00  4.7120E-01
  1.6487E-01  6.0653E+04  1.6650E+00  4.6980E-01
  1.5576E-01  6.4202E+04  1.6790E+00  4.8290E-01
  1.4715E-01  6.7960E+04  1.6890E+00  5.0370E-01
  1.3901E-01  7.1935E+04  1.7040E+00  5.3490E-01
  1.3133E-01  7.6145E+04  1.7110E+00  5.7920E-01
  1.2406E-01  8.0605E+04  1.7070E+00  6.3610E-01
  1.1720E-01  8.5323E+04  1.6860E+00  7.0110E-01
  1.1071E-01  9.0323E+04  1.6440E+00  7.6730E-01
  1.0464E-01  9.5565E+04  1.5830E+00  8.3040E-01
  9.8805E-02  1.0121E+05  1.4970E+00  8.7790E-01
  9.3373E-02  1.0710E+05  1.4040E+00  9.0820E-01
  8.8193E-02  1.1339E+05  1.3120E+00  9.1660E-01
  8.3333E-02  1.2000E+05  1.2170E+00  9.0950E-01
  7.8730E-02  1.2702E+05  1.1250E+00  8.9320E-01
  7.4341E-02  1.3452E+05  1.0330E+00  8.5810E-01
  7.0255E-02  1.4234E+05  9.5080E-01  8.0550E-01
  6.6346E-02  1.5073E+05  8.8710E-01  7.4080E-01
  6.2690E-02  1.5952E+05  8.4190E-01  6.7570E-01
  5.9217E-02  1.6887E+05  8.0540E-01  6.1800E-01
  5.5957E-02  1.7871E+05  7.6940E-01  5.6070E-01
  5.2856E-02  1.8919E+05  7.3810E-01  4.9480E-01
  4.9940E-02  2.0024E+05  7.2250E-01  4.2200E-01
  4.7166E-02  2.1202E+05  7.2500E-01  3.5470E-01
  4.4572E-02  2.2435E+05  7.3690E-01  3.0160E-01
  4.2105E-02  2.3750E+05  7.4670E-01  2.6090E-01
  3.9769E-02  2.5145E+05  7.5370E-01  2.2010E-01
  3.7576E-02  2.6613E+05  7.6650E-01  1.7830E-01
  3.5500E-02  2.8169E+05  7.8620E-01  1.4400E-01
  3.3532E-02  2.9823E+05  8.0420E-01  1.1730E-01
  3.1681E-02  3.1565E+05  8.2650E-01  9.6130E-02
  2.9930E-02  3.3411E+05  8.3980E-01  7.8170E-02
  2.8272E-02  3.5371E+05  8.5710E-01  6.3970E-02
  2.6713E-02  3.7435E+05  8.7240E-01  5.2380E-02
  2.5234E-02  3.9629E+05  8.8600E-01  4.3000E-02
  2.3837E-02  4.1952E+05  8.9830E-01  3.5350E-02
  2.2521E-02  4.4403E+05  9.0950E-01  2.9110E-02
  2.1277E-02  4.7000E+05  9.1940E-01  2.4020E-02
  2.0101E-02  4.9750E+05  9.2820E-01  1.9840E-02
  1.8989E-02  5.2661E+05  9.3610E-01  1.6370E-02
  1.7937E-02  5.5750E+05  9.4300E-01  1.3520E-02
  1.6947E-02  5.9008E+05  9.5020E-01  1.1250E-02
  1.6008E-02  6.2468E+05  9.5530E-01  9.4430E-03
  1.5124E-02  6.6121E+05  9.5980E-01  7.9640E-03
  1.4287E-02  6.9992E+05  9.6460E-01  6.7130E-03
  1.3497E-02  7.4089E+05  9.6840E-01  5.6150E-03
  1.2752E-02  7.8419E+05  9.7190E-01  4.6470E-03
  1.2051E-02  8.2984E+05  9.7500E-01  3.8370E-03
  1.1376E-02  8.7903E+05  9.7790E-01  3.1920E-03
  1.0755E-02  9.2984E+05  9.8040E-01  2.6910E-03
  1.0156E-02  9.8468E+05  9.8260E-01  2.2870E-03
  9.5975E-03  1.0419E+06  9.8460E-01  1.9410E-03
  9.0643E-03  1.1032E+06  9.8630E-01  1.6300E-03
  8.5635E-03  1.1677E+06  9.8790E-01  1.3530E-03
  8.0887E-03  1.2363E+06  9.8930E-01  1.1230E-03
  8.1472E-03  1.2274E+06  9.9050E-01  9.3170E-04
  7.2219E-03  1.3847E+06  9.9170E-01  7.7300E-04
  6.8207E-03  1.4661E+06  9.9270E-01  5.4080E-04
  6.4449E-03  1.5516E+06  9.9360E-01  5.3100E-04
  6.0874E-03  1.6427E+06  9.9450E-01  4.3810E-04
  5.7541E-03  1.7379E+06  9.9530E-01  3.6040E-04
  5.4338E-03  1.8403E+06  9.9600E-01  2.9640E-04
  5.1325E-03  1.9484E+06  9.9670E-01  2.4380E-04
  4.8494E-03  2.0621E+06  9.9750E-01  2.0030E-04
  4.5807E-03  2.1831E+06  9.9870E-01  1.6510E-04
  4.3281E-03  2.3105E+06  9.9920E-01  3.4450E-03
  4.0884E-03  2.4460E+06  9.9840E-01  2.8400E-03
  3.8617E-03  2.5895E+06  9.9760E-01  2.3380E-03
  3.6481E-03  2.7411E+06  9.9750E-01  1.9280E-03
  3.4473E-03  2.9008E+06  9.9760E-01  1.5870E-03
  3.2563E-03  3.0710E+06  9.9770E-01  1.2990E-03
  3.0762E-03  3.2508E+06  9.9790E-01  1.0560E-03
  2.9060E-03  3.4411E+06  9.9800E-01  8.6780E-04
  2.7452E-03  3.6427E+06  9.9820E-01  7.1560E-04
  2.5936E-03  3.8556E+06  9.9830E-01  5.8530E-04
  2.4501E-03  4.0815E+06  9.9850E-01  4.7870E-04
  2.3147E-03  4.3202E+06  9.9860E-01  3.9400E-04
  2.1869E-03  4.5726E+06  9.9880E-01  3.2090E-04
  2.0660E-03  4.8403E+06  9.9890E-01  2.6170E-04
  1.9515E-03  5.1242E+06  9.9900E-01  2.1310E-04
  1.8439E-03  5.4234E+06  9.9910E-01  1.7210E-04
  1.7418E-03  5.7411E+06  9.9920E-01  1.4200E-04
  1.6454E-03  6.0774E+06  9.9930E-01  1.1490E-04
  1.5545E-03  6.4331E+06  9.9940E-01  9.2550E-05
  1.4685E-03  6.8097E+06  9.9940E-01  7.4980E-05
  1.3873E-03  7.2081E+06  1.0000E+00  6.0480E-05
  1.3106E-03  7.6298E+06  1.0000E+00  4.8830E-05
  1.2388E-03  8.0726E+06  1.0000E+00  3.9500E-05
  1.1698E-03  8.5484E+06  1.0000E+00  3.1710E-05
  1.1052E-03  9.0484E+06  1.0000E+00  2.5600E-05
  1.0438E-03  9.5806E+06  1.0000E+00  2.0630E-05
  9.8648E-04  1.0137E+07  1.0000E+00  1.6490E-05
  9.3163E-04  1.0734E+07  1.0000E+00  1.3210E-05
  8.8006E-04  1.1363E+07  1.0000E+00  1.0620E-05
  8.3166E-04  1.2024E+07  1.0000E+00  8.5330E-06
  7.8580E-04  1.2726E+07  1.0000E+00  6.8390E-06
  7.4207E-04  1.3476E+07  1.0000E+00  5.4790E-06
  7.0096E-04  1.4266E+07  1.0000E+00  4.3840E-06
  6.6239E-04  1.5097E+07  1.0000E+00  3.5030E-06
  6.2563E-04  1.5984E+07  1.0000E+00  2.7990E-06
  5.9104E-04  1.6919E+07  1.0000E+00  2.2350E-06
  5.5831E-04  1.7911E+07  1.0000E+00  1.7900E-06
  5.2766E-04  1.8952E+07  1.0000E+00  1.4260E-06
  4.9839E-04  2.0065E+07  1.0000E+00  1.1350E-06
  4.7077E-04  2.1242E+07  1.0000E+00  9.0460E-07
  4.4476E-04  2.2484E+07  1.0000E+00  7.2170E-07
  4.2020E-04  2.3798E+07  1.0000E+00  5.7560E-07
  3.9693E-04  2.5194E+07  1.0000E+00  4.5870E-07
  3.7508E-04  2.6661E+07  1.0000E+00  3.6500E-07
  3.5429E-04  2.8226E+07  1.0000E+00  2.8990E-07
