From:	IO::"memilham@CRDEC-VAX4.ARPA" 15-JUN-1988 12:41
To:	HAL::DALTON
Subj:	Optical Constants: Dixon 200-10 Graphite

Received: from CRDEC-VAX4.ARPA by ames-io.ARPA with INTERNET ;
          Wed, 15 Jun 88 12:40:38 PDT
Date:     Wed, 15 Jun 88 9:21:07 EDT
From:     "Merrill E. Milham" <memilham@CRDEC-VAX4.ARPA>
To:       dalton%hal@AMES-IO.ARPA
Subject:  Optical Constants: Dixon 200-10 Graphite
Message-ID:  <8806150921.aa10535@CRDEC-VAX4.CRDEC-VAX4.ARPA>
 
DIXON 200-10 GRAPHITE PELLET    M.R.QUERRY
        wn     wl       n        k       Dn      Dk      R
      (cm-1)  (um)
      180.00 55.5556  14.081  11.173   0.936   1.715 0.84105 NK2001
      190.00 52.6316  13.059  10.974   0.825   1.559 0.83674 NK2001
      200.00 50.0000  12.265  10.704   0.741   1.413 0.83213 NK2001
      210.00 47.6190  11.724  10.336   0.696   1.302 0.82652 NK2001
      220.00 45.4545  11.242  10.099   0.653   1.213 0.82250 NK2001
      230.00 43.4783  10.869   9.764   0.627   1.135 0.81702 NK2001
      240.00 41.6667  10.572   9.684   0.599   1.086 0.81535 NK2001
      250.00 40.0000  10.114   9.434   0.563   1.005 0.81073 NK2001
      260.00 38.4615   9.838   9.199   0.545   0.953 0.80639 NK2001
      270.00 37.0370   9.528   9.036   0.521   0.900 0.80314 NK2001
      280.00 35.7143   9.235   8.818   0.501   0.849 0.79876 NK2001
      290.00 34.4828   8.986   8.630   0.485   0.806 0.79483 NK2001
      300.00 33.3333   8.716   8.412   0.468   0.760 0.79011 NK2001
      310.00 32.2581   8.529   8.184   0.459   0.726 0.78500 NK2001
      320.00 31.2500   8.348   8.009   0.449   0.696 0.78089 NK2001
      330.00 30.3030   8.180   7.844   0.439   0.668 0.77687 NK2001
      340.00 29.4118   7.994   7.665   0.429   0.639 0.77231 NK2001
      350.00 28.5714   7.873   7.463   0.423   0.617 0.76704 NK2001
      360.00 27.7778   7.750   7.316   0.417   0.597 0.76304 NK2001
      370.00 27.0270   7.630   7.150   0.411   0.577 0.75838 NK2001
      380.00 26.3158   7.545   7.019   0.407   0.563 0.75458 NK2001
      390.00 25.6410   7.429   6.898   0.400   0.546 0.75091 NK2001
      400.00 25.0000   7.329   6.767   0.394   0.531 0.74686 NK2001
      410.00 24.3902   7.239   6.638   0.390   0.517 0.74276 NK2001
      420.00 23.8095   7.159   6.526   0.385   0.505 0.73912 NK2001
      430.00 23.2558   7.060   6.412   0.379   0.491 0.73523 NK2001
      440.00 22.7273   6.981   6.284   0.375   0.478 0.73087 NK2001
      450.00 22.2222   6.922   6.178   0.372   0.469 0.72717 NK2001
      460.00 21.7391   6.859   6.076   0.368   0.460 0.72349 NK2001
      470.00 21.2766   6.794   5.977   0.364   0.451 0.71982 NK2001
      480.00 20.8333   6.732   5.872   0.360   0.442 0.71590 NK2001
      490.00 20.4082   6.683   5.775   0.357   0.434 0.71220 NK2001
      500.00 20.0000   6.643   5.690   0.355   0.428 0.70892 NK2001
      510.00 19.6078   6.589   5.609   0.351   0.421 0.70564 NK2001
      520.00 19.2308   6.539   5.520   0.348   0.413 0.70202 NK2001
      530.00 18.8679   6.508   5.435   0.346   0.408 0.69861 NK2001
      540.00 18.5185   6.478   5.365   0.343   0.404 0.69573 NK2001
      550.00 18.1818   6.445   5.295   0.341   0.399 0.69277 NK2001
      560.00 17.8571   6.414   5.238   0.339   0.394 0.69029 NK2001
      570.00 17.5439   6.374   5.180   0.336   0.389 0.68771 NK2001
      580.00 17.2414   6.333   5.118   0.333   0.384 0.68489 NK2001
      590.00 16.9492   6.305   5.053   0.331   0.379 0.68204 NK2001
      600.00 16.6667   6.274   5.006   0.329   0.375 0.67984 NK2001
      610.00 16.3934   6.226   4.948   0.325   0.370 0.67699 NK2001
      620.00 16.1290   6.203   4.886   0.323   0.366 0.67418 NK2001
      630.00 15.8730   6.158   4.842   0.320   0.361 0.67191 NK2001
      640.00 15.6250   6.130   4.754   0.317   0.356 0.66788 NK2001
      650.00 15.3846   6.128   4.706   0.317   0.355 0.66574 NK2001
      660.00 15.1515   6.116   4.658   0.315   0.352 0.66355 NK2001
      670.00 14.9254   6.095   4.623   0.314   0.350 0.66180 NK2001
      680.00 14.7059   6.066   4.579   0.311   0.346 0.65951 NK2001
      690.00 14.4928   6.037   4.531   0.309   0.342 0.65706 NK2001
      700.00 14.2857   6.030   4.479   0.308   0.340 0.65467 NK2001
      710.00 14.0845   6.014   4.446   0.306   0.338 0.65299 NK2001
      720.00 13.8889   5.998   4.405   0.304   0.336 0.65094 NK2001
      730.00 13.6986   5.984   4.370   0.303   0.334 0.64913 NK2001
      740.00 13.5135   5.975   4.332   0.302   0.332 0.64733 NK2001
      750.00 13.3333   5.968   4.307   0.301   0.330 0.64607 NK2001
      760.00 13.1579   5.949   4.283   0.299   0.328 0.64469 NK2001
      770.00 12.9870   5.933   4.256   0.298   0.326 0.64324 NK2001
      780.00 12.8205   5.910   4.231   0.296   0.324 0.64175 NK2001
      790.00 12.6582   5.895   4.199   0.295   0.322 0.64003 NK2001
      800.00 12.5000   5.880   4.178   0.294   0.320 0.63885 NK2001
      810.00 12.3457   5.856   4.148   0.292   0.317 0.63708 NK2001
      820.00 12.1951   5.845   4.110   0.290   0.315 0.63511 NK2001
      830.00 12.0482   5.839   4.094   0.290   0.314 0.63423 NK2001
      840.00 11.9048   5.819   4.075   0.288   0.312 0.63302 NK2001
      850.00 11.7647   5.811   4.050   0.287   0.311 0.63168 NK2001
      860.00 11.6279   5.803   4.046   0.287   0.310 0.63139 NK2001
      870.00 11.4943   5.756   4.020   0.284   0.306 0.62934 NK2001
      880.00 11.3636   5.755   3.976   0.283   0.304 0.62722 NK2001
      890.00 11.2360   5.744   3.965   0.282   0.303 0.62650 NK2001
      900.00 11.1111   5.734   3.943   0.281   0.302 0.62525 NK2001
      910.00 10.9890   5.724   3.927   0.280   0.301 0.62432 NK2001
      920.00 10.8696   5.712   3.915   0.279   0.299 0.62350 NK2001
      930.00 10.7527   5.696   3.897   0.278   0.298 0.62232 NK2001
      940.00 10.6383   5.681   3.886   0.277   0.296 0.62150 NK2001
      950.00 10.5263   5.665   3.869   0.276   0.295 0.62037 NK2001
      960.00 10.4167   5.652   3.857   0.275   0.293 0.61956 NK2001
      970.00 10.3093   5.634   3.837   0.273   0.291 0.61821 NK2001
      980.00 10.2041   5.623   3.827   0.273   0.290 0.61752 NK2001
      990.00 10.1010   5.599   3.811   0.271   0.288 0.61629 NK2001
     1000.00 10.0000   5.588   3.790   0.270   0.287 0.61497 NK2001
     1010.00  9.9010   5.580   3.775   0.269   0.286 0.61406 NK2001
     1020.00  9.8039   5.568   3.764   0.268   0.285 0.61331 NK2001
     1030.00  9.7087   5.554   3.752   0.267   0.283 0.61244 NK2001
     1040.00  9.6154   5.541   3.741   0.266   0.282 0.61158 NK2001
     1050.00  9.5238   5.527   3.729   0.266   0.281 0.61069 NK2001
     1060.00  9.4340   5.510   3.722   0.265   0.279 0.61002 NK2001
     1070.00  9.3458   5.493   3.707   0.263   0.278 0.60888 NK2001
     1080.00  9.2593   5.486   3.696   0.263   0.277 0.60820 NK2001
     1090.00  9.1743   5.468   3.694   0.262   0.275 0.60773 NK2001
     1100.00  9.0909   5.444   3.679   0.260   0.273 0.60647 NK2001
     1110.00  9.0090   5.426   3.664   0.259   0.272 0.60532 NK2001
     1120.00  8.9286   5.410   3.645   0.258   0.270 0.60398 NK2001
     1130.00  8.8496   5.408   3.632   0.258   0.270 0.60326 NK2001
     1140.00  8.7719   5.392   3.627   0.257   0.268 0.60266 NK2001
     1150.00  8.6957   5.372   3.611   0.255   0.266 0.60140 NK2001
     1160.00  8.6207   5.359   3.598   0.254   0.265 0.60041 NK2001
     1170.00  8.5470   5.347   3.588   0.254   0.264 0.59962 NK2001
     1180.00  8.4746   5.332   3.572   0.252   0.263 0.59843 NK2001
     1190.00  8.4034   5.327   3.557   0.252   0.262 0.59754 NK2001
     1200.00  8.3333   5.310   3.553   0.251   0.261 0.59694 NK2001
     1210.00  8.2645   5.295   3.536   0.250   0.259 0.59572 NK2001
     1220.00  8.1967   5.288   3.524   0.249   0.258 0.59488 NK2001
     1230.00  8.1301   5.274   3.514   0.248   0.257 0.59404 NK2001
     1240.00  8.0645   5.263   3.495   0.247   0.256 0.59276 NK2001
     1250.00  8.0000   5.262   3.486   0.247   0.255 0.59224 NK2001
     1260.00  7.9365   5.248   3.477   0.246   0.254 0.59144 NK2001
     1270.00  7.8740   5.240   3.461   0.245   0.253 0.59035 NK2001
     1280.00  7.8125   5.240   3.454   0.245   0.253 0.58997 NK2001
     1290.00  7.7519   5.235   3.452   0.245   0.253 0.58974 NK2001
     1300.00  7.6923   5.224   3.449   0.244   0.252 0.58935 NK2001
     1310.00  7.6336   5.211   3.442   0.243   0.251 0.58863 NK2001
     1320.00  7.5758   5.202   3.432   0.243   0.250 0.58786 NK2001
     1330.00  7.5188   5.198   3.425   0.242   0.250 0.58741 NK2001
     1340.00  7.4627   5.189   3.421   0.242   0.249 0.58695 NK2001
     1350.00  7.4074   5.181   3.418   0.241   0.248 0.58662 NK2001
     1360.00  7.3529   5.170   3.417   0.241   0.247 0.58631 NK2001
     1370.00  7.2993   5.157   3.412   0.240   0.246 0.58572 NK2001
     1380.00  7.2464   5.149   3.401   0.240   0.246 0.58493 NK2001
     1390.00  7.1942   5.142   3.401   0.239   0.245 0.58476 NK2001
     1400.00  7.1429   5.130   3.398   0.239   0.244 0.58431 NK2001
     1410.00  7.0922   5.121   3.396   0.238   0.244 0.58398 NK2001
     1420.00  7.0423   5.109   3.395   0.238   0.243 0.58366 NK2001
     1430.00  6.9930   5.093   3.391   0.237   0.242 0.58305 NK2001
     1440.00  6.9444   5.084   3.383   0.236   0.241 0.58239 NK2001
     1450.00  6.8966   5.072   3.381   0.236   0.240 0.58202 NK2001
     1460.00  6.8493   5.059   3.374   0.235   0.239 0.58128 NK2001
     1470.00  6.8027   5.054   3.369   0.235   0.238 0.58090 NK2001
     1480.00  6.7568   5.041   3.369   0.234   0.238 0.58058 NK2001
     1490.00  6.7114   5.031   3.361   0.234   0.237 0.57988 NK2001
     1500.00  6.6667   5.022   3.361   0.233   0.236 0.57970 NK2001
     1510.00  6.6225   5.008   3.358   0.233   0.235 0.57916 NK2001
     1520.00  6.5789   4.998   3.352   0.232   0.234 0.57861 NK2001
     1530.00  6.5359   4.992   3.351   0.232   0.234 0.57841 NK2001
     1540.00  6.4935   4.978   3.350   0.231   0.233 0.57801 NK2001
     1550.00  6.4516   4.973   3.345   0.231   0.233 0.57759 NK2001
     1560.00  6.4103   4.961   3.349   0.231   0.232 0.57757 NK2001
     1570.00  6.3694   4.954   3.350   0.230   0.231 0.57749 NK2001
     1580.00  6.3291   4.940   3.372   0.231   0.231 0.57851 NK2001
     1590.00  6.2893   4.890   3.371   0.229   0.228 0.57735 NK2001
     1600.00  6.2500   4.867   3.332   0.227   0.225 0.57445 NK2001
     1610.00  6.2112   4.872   3.317   0.226   0.225 0.57361 NK2001
     1620.00  6.1728   4.870   3.317   0.226   0.225 0.57352 NK2001
     1630.00  6.1350   4.861   3.311   0.226   0.224 0.57300 NK2001
     1640.00  6.0976   4.855   3.313   0.225   0.224 0.57297 NK2001
     1650.00  6.0606   4.838   3.312   0.225   0.223 0.57253 NK2001
     1660.00  6.0241   4.828   3.306   0.224   0.222 0.57192 NK2001
     1670.00  5.9880   4.817   3.305   0.224   0.221 0.57158 NK2001
     1680.00  5.9524   4.805   3.301   0.223   0.220 0.57108 NK2001
     1690.00  5.9172   4.794   3.296   0.223   0.219 0.57048 NK2001
     1700.00  5.8824   4.785   3.294   0.222   0.219 0.57018 NK2001
     1710.00  5.8480   4.770   3.289   0.222   0.218 0.56952 NK2001
     1720.00  5.8140   4.762   3.285   0.221   0.217 0.56911 NK2001
     1730.00  5.7803   4.751   3.284   0.221   0.216 0.56878 NK2001
     1740.00  5.7471   4.741   3.281   0.220   0.216 0.56839 NK2001
     1750.00  5.7143   4.729   3.277   0.220   0.215 0.56787 NK2001
     1760.00  5.6818   4.720   3.275   0.219   0.214 0.56753 NK2001
     1770.00  5.6497   4.707   3.276   0.219   0.213 0.56729 NK2001
     1780.00  5.6180   4.694   3.270   0.218   0.212 0.56658 NK2001
     1790.00  5.5866   4.689   3.269   0.218   0.212 0.56644 NK2001
     1800.00  5.5556   4.673   3.273   0.218   0.211 0.56631 NK2001
     1810.00  5.5249   4.657   3.266   0.217   0.210 0.56553 NK2001
     1820.00  5.4945   4.648   3.263   0.216   0.209 0.56512 NK2001
     1830.00  5.4645   4.635   3.263   0.216   0.208 0.56482 NK2001
     1840.00  5.4348   4.623   3.260   0.215   0.207 0.56436 NK2001
     1850.00  5.4054   4.609   3.258   0.215   0.206 0.56393 NK2001
     1860.00  5.3763   4.597   3.253   0.214   0.205 0.56335 NK2001
     1870.00  5.3476   4.586   3.254   0.214   0.205 0.56313 NK2001
     1880.00  5.3191   4.570   3.250   0.213   0.203 0.56251 NK2001
     1890.00  5.2910   4.558   3.246   0.213   0.202 0.56203 NK2001
     1900.00  5.2632   4.545   3.242   0.212   0.202 0.56149 NK2001
     1910.00  5.2356   4.536   3.241   0.212   0.201 0.56121 NK2001
     1920.00  5.2083   4.519   3.241   0.211   0.200 0.56083 NK2001
     1930.00  5.1813   4.503   3.236   0.210   0.199 0.56017 NK2001
     1940.00  5.1546   4.491   3.233   0.210   0.198 0.55965 NK2001
     1950.00  5.1282   4.476   3.231   0.209   0.197 0.55923 NK2001
     1960.00  5.1020   4.462   3.226   0.209   0.196 0.55859 NK2001
     1970.00  5.0761   4.447   3.225   0.208   0.194 0.55819 NK2001
     1980.00  5.0505   4.430   3.222   0.207   0.193 0.55761 NK2001
     1990.00  5.0251   4.402   3.221   0.207   0.191 0.55698 NK2001
     2000.00  5.0000   4.377   3.194   0.205   0.189 0.55450 NK2001
     2010.00  4.9751   4.379   3.174   0.204   0.189 0.55309 NK2001
     2020.00  4.9505   4.376   3.168   0.204   0.189 0.55258 NK2001
     2030.00  4.9261   4.368   3.166   0.204   0.188 0.55227 NK2001
     2040.00  4.9020   4.356   3.160   0.203   0.187 0.55156 NK2001
     2050.00  4.8780   4.346   3.154   0.202   0.187 0.55091 NK2001
     2060.00  4.8544   4.337   3.144   0.202   0.186 0.55000 NK2001
     2070.00  4.8309   4.330   3.141   0.202   0.185 0.54960 NK2001
     2080.00  4.8077   4.318   3.135   0.201   0.184 0.54894 NK2001
     2090.00  4.7847   4.311   3.130   0.201   0.184 0.54839 NK2001
     2100.00  4.7619   4.297   3.127   0.200   0.183 0.54788 NK2001
     2110.00  4.7393   4.288   3.116   0.199   0.182 0.54688 NK2001
     2120.00  4.7170   4.281   3.114   0.199   0.182 0.54656 NK2001
     2130.00  4.6948   4.268   3.109   0.198   0.181 0.54593 NK2001
     2140.00  4.6729   4.256   3.101   0.198   0.180 0.54501 NK2001
     2150.00  4.6512   4.248   3.093   0.197   0.179 0.54421 NK2001
     2160.00  4.6296   4.241   3.089   0.197   0.179 0.54382 NK2001
     2170.00  4.6083   4.232   3.083   0.196   0.178 0.54312 NK2001
     2180.00  4.5872   4.222   3.079   0.196   0.177 0.54264 NK2001
     2190.00  4.5662   4.211   3.067   0.195   0.176 0.54146 NK2001
     2200.00  4.5455   4.208   3.064   0.195   0.176 0.54114 NK2001
     2210.00  4.5249   4.192   3.061   0.194   0.175 0.54060 NK2001
     2220.00  4.5045   4.184   3.048   0.194   0.174 0.53938 NK2001
     2230.00  4.4843   4.181   3.043   0.193   0.174 0.53893 NK2001
     2240.00  4.4643   4.173   3.038   0.193   0.174 0.53838 NK2001
     2250.00  4.4444   4.166   3.036   0.193   0.173 0.53804 NK2001
     2260.00  4.4248   4.156   3.030   0.192   0.172 0.53731 NK2001
     2270.00  4.4053   4.149   3.021   0.192   0.172 0.53647 NK2001
     2280.00  4.3860   4.144   3.013   0.191   0.171 0.53579 NK2001
     2290.00  4.3668   4.140   3.008   0.191   0.171 0.53527 NK2001
     2300.00  4.3478   4.142   3.003   0.191   0.171 0.53494 NK2001
     2310.00  4.3290   4.140   3.008   0.191   0.171 0.53527 NK2001
     2320.00  4.3103   4.134   3.014   0.191   0.171 0.53559 NK2001
     2330.00  4.2918   4.119   3.024   0.191   0.170 0.53604 NK2001
     2340.00  4.2735   4.096   3.023   0.190   0.168 0.53549 NK2001
     2350.00  4.2553   4.089   3.017   0.190   0.168 0.53484 NK2001
     2360.00  4.2373   4.071   3.029   0.190   0.166 0.53547 NK2001
     2370.00  4.2194   4.035   3.014   0.188   0.164 0.53349 NK2001
     2380.00  4.2017   4.020   2.989   0.187   0.163 0.53108 NK2001
     2390.00  4.1841   4.019   2.968   0.186   0.162 0.52932 NK2001
     2400.00  4.1667   4.023   2.958   0.186   0.163 0.52859 NK2001
     2410.00  4.1494   4.022   2.956   0.186   0.163 0.52843 NK2001
     2420.00  4.1322   4.008   2.953   0.185   0.162 0.52789 NK2001
     2430.00  4.1152   4.004   2.939   0.185   0.161 0.52666 NK2001
     2440.00  4.0984   4.001   2.937   0.184   0.161 0.52635 NK2001
     2450.00  4.0816   3.996   2.931   0.184   0.161 0.52582 NK2001
     2460.00  4.0650   3.986   2.930   0.184   0.160 0.52543 NK2001
     2470.00  4.0486   3.980   2.922   0.183   0.159 0.52468 NK2001
     2480.00  4.0323   3.976   2.920   0.183   0.159 0.52442 NK2001
     2490.00  4.0161   3.967   2.917   0.183   0.159 0.52393 NK2001
     2500.00  4.0000   3.960   2.911   0.182   0.158 0.52328 NK2001
     2510.00  3.9841   3.951   2.906   0.182   0.157 0.52266 NK2001
     2520.00  3.9683   3.945   2.898   0.181   0.157 0.52183 NK2001
     2530.00  3.9526   3.938   2.894   0.181   0.156 0.52137 NK2001
     2540.00  3.9370   3.932   2.890   0.181   0.156 0.52086 NK2001
     2550.00  3.9216   3.925   2.887   0.180   0.156 0.52047 NK2001
     2560.00  3.9063   3.917   2.880   0.180   0.155 0.51973 NK2001
     2570.00  3.8911   3.910   2.874   0.179   0.154 0.51903 NK2001
     2580.00  3.8760   3.906   2.868   0.179   0.154 0.51845 NK2001
     2590.00  3.8610   3.900   2.866   0.179   0.154 0.51811 NK2001
     2600.00  3.8462   3.893   2.862   0.179   0.153 0.51755 NK2001
     2610.00  3.8314   3.884   2.856   0.178   0.153 0.51689 NK2001
     2620.00  3.8168   3.880   2.850   0.178   0.152 0.51624 NK2001
     2630.00  3.8023   3.876   2.847   0.178   0.152 0.51589 NK2001
     2640.00  3.7879   3.868   2.843   0.177   0.151 0.51541 NK2001
     2650.00  3.7736   3.860   2.839   0.177   0.151 0.51482 NK2001
     2660.00  3.7594   3.854   2.835   0.177   0.150 0.51438 NK2001
     2670.00  3.7453   3.846   2.829   0.176   0.150 0.51366 NK2001
     2680.00  3.7313   3.842   2.824   0.176   0.150 0.51309 NK2001
     2690.00  3.7175   3.834   2.821   0.175   0.149 0.51269 NK2001
     2700.00  3.7037   3.826   2.814   0.175   0.148 0.51185 NK2001
     2710.00  3.6900   3.826   2.808   0.175   0.148 0.51134 NK2001
     2720.00  3.6765   3.818   2.809   0.175   0.148 0.51123 NK2001
     2730.00  3.6630   3.810   2.800   0.174   0.147 0.51028 NK2001
     2740.00  3.6496   3.808   2.797   0.174   0.147 0.50987 NK2001
     2750.00  3.6364   3.803   2.795   0.174   0.147 0.50960 NK2001
     2760.00  3.6232   3.793   2.793   0.173   0.146 0.50918 NK2001
     2770.00  3.6101   3.786   2.784   0.173   0.146 0.50822 NK2001
     2780.00  3.5971   3.784   2.779   0.173   0.146 0.50779 NK2001
     2790.00  3.5842   3.778   2.780   0.172   0.145 0.50772 NK2001
     2800.00  3.5714   3.768   2.773   0.172   0.144 0.50688 NK2001
     2810.00  3.5587   3.764   2.771   0.172   0.144 0.50657 NK2001
     2820.00  3.5461   3.757   2.764   0.171   0.144 0.50574 NK2001
     2830.00  3.5336   3.755   2.761   0.171   0.143 0.50543 NK2001
     2840.00  3.5211   3.744   2.762   0.171   0.143 0.50529 NK2001
     2850.00  3.5088   3.733   2.751   0.170   0.142 0.50398 NK2001
     2860.00  3.4965   3.736   2.743   0.170   0.142 0.50331 NK2001
     2870.00  3.4843   3.732   2.742   0.170   0.142 0.50317 NK2001
     2880.00  3.4722   3.725   2.739   0.169   0.141 0.50270 NK2001
     2890.00  3.4602   3.717   2.736   0.169   0.141 0.50227 NK2001
     2900.00  3.4483   3.711   2.728   0.169   0.140 0.50134 NK2001
     2910.00  3.4364   3.709   2.723   0.168   0.140 0.50086 NK2001
     2920.00  3.4247   3.704   2.717   0.168   0.140 0.50018 NK2001
     2930.00  3.4130   3.701   2.714   0.168   0.140 0.49980 NK2001
     2940.00  3.4014   3.699   2.711   0.168   0.140 0.49949 NK2001
     2950.00  3.3898   3.695   2.710   0.168   0.139 0.49931 NK2001
     2960.00  3.3784   3.690   2.708   0.167   0.139 0.49897 NK2001
     2970.00  3.3670   3.682   2.707   0.167   0.138 0.49868 NK2001
     2980.00  3.3557   3.677   2.704   0.167   0.138 0.49834 NK2001
     2990.00  3.3445   3.667   2.698   0.166   0.137 0.49752 NK2001
     3000.00  3.3333   3.668   2.692   0.166   0.137 0.49697 NK2001
     3010.00  3.3223   3.663   2.697   0.166   0.137 0.49731 NK2001
     3020.00  3.3113   3.651   2.691   0.166   0.136 0.49651 NK2001
     3030.00  3.3003   3.648   2.685   0.165   0.136 0.49583 NK2001
     3040.00  3.2895   3.644   2.684   0.165   0.136 0.49563 NK2001
     3050.00  3.2787   3.635   2.678   0.165   0.135 0.49483 NK2001
     3060.00  3.2680   3.636   2.674   0.165   0.135 0.49445 NK2001
     3070.00  3.2573   3.629   2.673   0.165   0.135 0.49422 NK2001
     3080.00  3.2468   3.625   2.670   0.164   0.135 0.49388 NK2001
     3090.00  3.2362   3.617   2.670   0.164   0.134 0.49365 NK2001
     3100.00  3.2258   3.609   2.664   0.164   0.134 0.49289 NK2001
     3110.00  3.2154   3.606   2.658   0.163   0.133 0.49226 NK2001
     3120.00  3.2051   3.599   2.656   0.163   0.133 0.49191 NK2001
     3130.00  3.1949   3.597   2.651   0.163   0.133 0.49131 NK2001
     3140.00  3.1847   3.590   2.649   0.163   0.132 0.49097 NK2001
     3150.00  3.1746   3.588   2.645   0.162   0.132 0.49052 NK2001
     3160.00  3.1646   3.582   2.644   0.162   0.132 0.49027 NK2001
     3170.00  3.1546   3.574   2.640   0.162   0.131 0.48977 NK2001
     3180.00  3.1447   3.571   2.636   0.162   0.131 0.48923 NK2001
     3190.00  3.1348   3.564   2.636   0.161   0.130 0.48907 NK2001
     3200.00  3.1250   3.559   2.629   0.161   0.130 0.48823 NK2001
     3210.00  3.1153   3.555   2.626   0.161   0.130 0.48792 NK2001
     3220.00  3.1056   3.549   2.624   0.161   0.129 0.48756 NK2001
     3230.00  3.0960   3.543   2.621   0.160   0.129 0.48710 NK2001
     3240.00  3.0864   3.538   2.618   0.160   0.129 0.48663 NK2001
     3250.00  3.0769   3.533   2.614   0.160   0.128 0.48612 NK2001
     3260.00  3.0675   3.528   2.610   0.160   0.128 0.48567 NK2001
     3270.00  3.0581   3.522   2.605   0.159   0.128 0.48496 NK2001
     3280.00  3.0488   3.519   2.600   0.159   0.127 0.48438 NK2001
     3290.00  3.0395   3.515   2.602   0.159   0.127 0.48455 NK2001
     3300.00  3.0303   3.505   2.598   0.159   0.127 0.48391 NK2001
     3310.00  3.0211   3.501   2.591   0.158   0.126 0.48310 NK2001
     3320.00  3.0120   3.497   2.589   0.158   0.126 0.48277 NK2001
     3330.00  3.0030   3.491   2.584   0.158   0.126 0.48212 NK2001
     3340.00  2.9940   3.488   2.580   0.158   0.125 0.48172 NK2001
     3350.00  2.9851   3.484   2.579   0.157   0.125 0.48150 NK2001
     3360.00  2.9762   3.477   2.577   0.157   0.125 0.48106 NK2001
     3370.00  2.9674   3.472   2.571   0.157   0.124 0.48041 NK2001
     3380.00  2.9586   3.467   2.568   0.157   0.124 0.47989 NK2001
     3390.00  2.9499   3.462   2.563   0.156   0.124 0.47931 NK2001
     3400.00  2.9412   3.457   2.557   0.156   0.123 0.47858 NK2001
     3410.00  2.9326   3.457   2.554   0.156   0.123 0.47824 NK2001
     3420.00  2.9240   3.452   2.555   0.156   0.123 0.47826 NK2001
     3430.00  2.9155   3.443   2.553   0.155   0.122 0.47783 NK2001
     3440.00  2.9070   3.439   2.548   0.155   0.122 0.47716 NK2001
     3450.00  2.8986   3.431   2.543   0.155   0.122 0.47652 NK2001
     3460.00  2.8902   3.428   2.534   0.154   0.121 0.47551 NK2001
     3470.00  2.8818   3.426   2.531   0.154   0.121 0.47516 NK2001
     3480.00  2.8736   3.425   2.526   0.154   0.121 0.47462 NK2001
     3490.00  2.8653   3.423   2.528   0.154   0.121 0.47477 NK2001
     3500.00  2.8571   3.415   2.527   0.154   0.121 0.47448 NK2001
     3510.00  2.8490   3.409   2.521   0.153   0.120 0.47362 NK2001
     3520.00  2.8409   3.406   2.517   0.153   0.120 0.47322 NK2001
     3530.00  2.8329   3.401   2.515   0.153   0.120 0.47287 NK2001
     3540.00  2.8249   3.396   2.513   0.153   0.119 0.47249 NK2001
     3550.00  2.8169   3.387   2.505   0.152   0.119 0.47148 NK2001
     3560.00  2.8090   3.389   2.499   0.152   0.119 0.47087 NK2001
     3570.00  2.8011   3.385   2.500   0.152   0.119 0.47090 NK2001
     3580.00  2.7933   3.380   2.497   0.152   0.118 0.47039 NK2001
     3590.00  2.7855   3.375   2.493   0.151   0.118 0.46993 NK2001
     3600.00  2.7778   3.370   2.488   0.151   0.118 0.46924 NK2001
     3610.00  2.7701   3.368   2.485   0.151   0.118 0.46883 NK2001
     3620.00  2.7624   3.365   2.482   0.151   0.117 0.46849 NK2001
     3630.00  2.7548   3.359   2.480   0.151   0.117 0.46808 NK2001
     3640.00  2.7473   3.354   2.474   0.150   0.117 0.46740 NK2001
     3650.00  2.7397   3.349   2.473   0.150   0.116 0.46717 NK2001
     3660.00  2.7322   3.346   2.464   0.150   0.116 0.46610 NK2001
     3670.00  2.7248   3.346   2.464   0.150   0.116 0.46604 NK2001
     3680.00  2.7174   3.340   2.461   0.149   0.116 0.46564 NK2001
     3690.00  2.7100   3.337   2.457   0.149   0.116 0.46513 NK2001
     3700.00  2.7027   3.333   2.453   0.149   0.115 0.46452 NK2001
     3710.00  2.6954   3.331   2.452   0.149   0.115 0.46442 NK2001
     3720.00  2.6882   3.324   2.450   0.149   0.115 0.46398 NK2001
     3730.00  2.6810   3.321   2.444   0.148   0.115 0.46327 NK2001
     3740.00  2.6738   3.316   2.441   0.148   0.114 0.46286 NK2001
     3750.00  2.6667   3.312   2.437   0.148   0.114 0.46231 NK2001
     3760.00  2.6596   3.309   2.433   0.148   0.114 0.46178 NK2001
     3770.00  2.6525   3.307   2.429   0.147   0.114 0.46132 NK2001
     3780.00  2.6455   3.303   2.426   0.147   0.113 0.46088 NK2001
     3790.00  2.6385   3.300   2.421   0.147   0.113 0.46028 NK2001
     3800.00  2.6316   3.297   2.419   0.147   0.113 0.45993 NK2001
     3810.00  2.6247   3.293   2.415   0.146   0.113 0.45938 NK2001
     3820.00  2.6178   3.293   2.414   0.146   0.113 0.45931 NK2001
     3830.00  2.6110   3.287   2.411   0.146   0.112 0.45883 NK2001
     3840.00  2.6042   3.284   2.406   0.146   0.112 0.45815 NK2001
     3850.00  2.5974   3.281   2.403   0.146   0.112 0.45782 NK2001
     3860.00  2.5907   3.277   2.401   0.146   0.112 0.45749 NK2001
     3870.00  2.5840   3.274   2.397   0.145   0.112 0.45692 NK2001
     3880.00  2.5773   3.271   2.393   0.145   0.111 0.45642 NK2001
     3890.00  2.5707   3.270   2.390   0.145   0.111 0.45611 NK2001
     3900.00  2.5641   3.265   2.388   0.145   0.111 0.45573 NK2001
     3910.00  2.5575   3.265   2.385   0.145   0.111 0.45538 NK2001
     3920.00  2.5510   3.259   2.384   0.145   0.111 0.45514 NK2001
     3930.00  2.5445   3.255   2.377   0.144   0.110 0.45426 NK2001
     3940.00  2.5381   3.255   2.375   0.144   0.110 0.45398 NK2001
     3950.00  2.5316   3.252   2.372   0.144   0.110 0.45364 NK2001
     3960.00  2.5253   3.249   2.369   0.144   0.110 0.45320 NK2001
     3970.00  2.5189   3.245   2.367   0.144   0.110 0.45286 NK2001
     3980.00  2.5126   3.243   2.364   0.143   0.110 0.45250 NK2001
     3990.00  2.5063   3.238   2.364   0.143   0.109 0.45232 NK2001
     4000.00  2.5000   3.234   2.358   0.143   0.109 0.45152 NK2001
     4016.06  2.4900   3.231   2.352   0.143   0.109 0.45083 NK2001
     4032.26  2.4800   3.228   2.348   0.142   0.109 0.45025 NK2001
     4048.58  2.4700   3.223   2.344   0.142   0.109 0.44969 NK2001
     4065.04  2.4600   3.218   2.339   0.142   0.108 0.44903 NK2001
     4081.63  2.4500   3.214   2.335   0.142   0.108 0.44842 NK2001
     4098.36  2.4400   3.210   2.331   0.141   0.108 0.44784 NK2001
     4115.23  2.4300   3.206   2.326   0.141   0.107 0.44723 NK2001
     4132.23  2.4200   3.202   2.322   0.141   0.107 0.44660 NK2001
     4149.38  2.4100   3.197   2.318   0.141   0.107 0.44607 NK2001
     4166.67  2.4000   3.193   2.314   0.140   0.107 0.44548 NK2001
     4184.10  2.3900   3.188   2.311   0.140   0.106 0.44495 NK2001
     4201.68  2.3800   3.182   2.306   0.140   0.106 0.44432 NK2001
     4219.41  2.3700   3.177   2.302   0.139   0.106 0.44363 NK2001
     4237.29  2.3600   3.173   2.296   0.139   0.105 0.44288 NK2001
     4255.32  2.3500   3.169   2.292   0.139   0.105 0.44226 NK2001
     4273.50  2.3400   3.164   2.288   0.139   0.105 0.44166 NK2001
     4291.85  2.3300   3.160   2.283   0.138   0.105 0.44101 NK2001
     4310.34  2.3200   3.155   2.279   0.138   0.104 0.44035 NK2001
     4329.00  2.3100   3.151   2.274   0.138   0.104 0.43970 NK2001
     4347.83  2.3000   3.147   2.270   0.137   0.104 0.43915 NK2001
     4366.81  2.2900   3.142   2.266   0.137   0.104 0.43849 NK2001
     4385.96  2.2800   3.138   2.261   0.137   0.103 0.43783 NK2001
     4405.29  2.2700   3.135   2.257   0.137   0.103 0.43725 NK2001
     4424.78  2.2600   3.132   2.253   0.136   0.103 0.43675 NK2001
     4444.44  2.2500   3.128   2.250   0.136   0.103 0.43629 NK2001
     4464.29  2.2400   3.123   2.247   0.136   0.102 0.43580 NK2001
     4484.30  2.2300   3.118   2.244   0.136   0.102 0.43525 NK2001
     4504.50  2.2200   3.114   2.240   0.136   0.102 0.43470 NK2001
     4524.89  2.2100   3.109   2.237   0.135   0.102 0.43417 NK2001
     4545.45  2.2000   3.104   2.233   0.135   0.101 0.43358 NK2001
     4566.21  2.1900   3.100   2.229   0.135   0.101 0.43300 NK2001
     4587.16  2.1800   3.096   2.226   0.135   0.101 0.43255 NK2001
     4608.29  2.1700   3.090   2.223   0.134   0.100 0.43197 NK2001
     4629.63  2.1600   3.086   2.219   0.134   0.100 0.43138 NK2001
     4651.16  2.1500   3.082   2.216   0.134   0.100 0.43087 NK2001
     4672.90  2.1400   3.078   2.213   0.134   0.100 0.43045 NK2001
     4694.84  2.1300   3.072   2.210   0.133   0.099 0.42995 NK2001
     4716.98  2.1200   3.068   2.207   0.133   0.099 0.42945 NK2001
     4739.34  2.1100   3.063   2.204   0.133   0.099 0.42895 NK2001
     4761.90  2.1000   3.058   2.202   0.133   0.098 0.42850 NK2001
     4784.69  2.0900   3.052   2.199   0.133   0.098 0.42805 NK2001
     4807.69  2.0800   3.047   2.197   0.132   0.098 0.42761 NK2001
     4830.92  2.0700   3.041   2.194   0.132   0.097 0.42708 NK2001
     4854.37  2.0600   3.035   2.191   0.132   0.097 0.42655 NK2001
     4878.05  2.0500   3.029   2.189   0.132   0.097 0.42605 NK2001
     4901.96  2.0400   3.023   2.186   0.131   0.096 0.42552 NK2001
     4926.11  2.0300   3.017   2.182   0.131   0.096 0.42490 NK2001
     4950.50  2.0200   3.011   2.179   0.131   0.096 0.42429 NK2001
     4975.12  2.0100   3.007   2.174   0.131   0.095 0.42360 NK2001
     5000.00  2.0000   3.003   2.176   0.131   0.095 0.42373 NK2001
     5025.13  1.9900   2.992   2.175   0.130   0.095 0.42323 NK2001
     5050.51  1.9800   2.986   2.170   0.130   0.094 0.42243 NK2001
     5076.14  1.9700   2.979   2.166   0.130   0.094 0.42179 NK2001
     5102.04  1.9600   2.973   2.163   0.130   0.093 0.42118 NK2001
     5128.21  1.9500   2.966   2.160   0.129   0.093 0.42065 NK2001
     5154.64  1.9400   2.959   2.157   0.129   0.093 0.42004 NK2001
     5181.35  1.9300   2.952   2.153   0.129   0.092 0.41936 NK2001
     5208.33  1.9200   2.946   2.149   0.129   0.092 0.41871 NK2001
     5235.60  1.9100   2.939   2.146   0.128   0.091 0.41808 NK2001
     5263.16  1.9000   2.933   2.142   0.128   0.091 0.41745 NK2001
     5291.01  1.8900   2.927   2.139   0.128   0.091 0.41686 NK2001
     5319.15  1.8800   2.919   2.136   0.127   0.090 0.41624 NK2001
     5347.59  1.8700   2.914   2.131   0.127   0.090 0.41555 NK2001
     5376.34  1.8600   2.910   2.130   0.127   0.090 0.41531 NK2001
     5405.41  1.8500   2.903   2.131   0.127   0.089 0.41515 NK2001
     5434.78  1.8400   2.895   2.133   0.127   0.089 0.41518 NK2001
     5464.48  1.8300   2.881   2.133   0.127   0.088 0.41473 NK2001
     5494.51  1.8200   2.869   2.125   0.126   0.087 0.41342 NK2001
     5524.86  1.8100   2.860   2.120   0.126   0.087 0.41256 NK2001
     5555.56  1.8000   2.851   2.115   0.125   0.086 0.41160 NK2001
     5586.59  1.7900   2.843   2.109   0.125   0.086 0.41065 NK2001
     5617.98  1.7800   2.835   2.105   0.125   0.085 0.40987 NK2001
     5649.72  1.7700   2.826   2.100   0.124   0.085 0.40900 NK2001
     5681.82  1.7600   2.817   2.095   0.124   0.084 0.40810 NK2001
     5714.29  1.7500   2.809   2.090   0.124   0.084 0.40717 NK2001
     5747.13  1.7400   2.800   2.085   0.123   0.083 0.40627 NK2001
     5780.35  1.7300   2.792   2.080   0.123   0.083 0.40531 NK2001
     5813.95  1.7200   2.784   2.074   0.122   0.082 0.40437 NK2001
     5847.95  1.7100   2.775   2.069   0.122   0.082 0.40345 NK2001
     5882.35  1.7000   2.768   2.064   0.122   0.081 0.40252 NK2001
     5917.16  1.6900   2.760   2.059   0.121   0.081 0.40170 NK2001
     5952.38  1.6800   2.751   2.054   0.121   0.080 0.40070 NK2001
     5988.02  1.6700   2.742   2.049   0.121   0.080 0.39976 NK2001
     6024.10  1.6600   2.733   2.043   0.120   0.079 0.39874 NK2001
     6060.61  1.6500   2.726   2.037   0.120   0.079 0.39770 NK2001
     6097.56  1.6400   2.717   2.031   0.119   0.078 0.39669 NK2001
     6134.97  1.6300   2.709   2.026   0.119   0.078 0.39569 NK2001
     6172.84  1.6200   2.701   2.020   0.119   0.077 0.39475 NK2001
     6211.18  1.6100   2.693   2.015   0.118   0.077 0.39377 NK2001
     6250.00  1.6000   2.684   2.010   0.118   0.076 0.39282 NK2001
     6289.31  1.5900   2.674   2.003   0.118   0.076 0.39164 NK2001
     6329.11  1.5800   2.668   1.996   0.117   0.076 0.39046 NK2001
     6369.43  1.5700   2.660   1.992   0.117   0.075 0.38964 NK2001
     6410.26  1.5600   2.651   1.986   0.116   0.075 0.38853 NK2001
     6451.61  1.5500   2.642   1.980   0.116   0.074 0.38747 NK2001
     6493.51  1.5400   2.633   1.973   0.116   0.074 0.38624 NK2001
     6535.95  1.5300   2.626   1.967   0.115   0.073 0.38516 NK2001
     6578.95  1.5200   2.617   1.962   0.115   0.073 0.38420 NK2001
     6622.52  1.5100   2.608   1.956   0.115   0.072 0.38312 NK2001
     6666.67  1.5000   2.599   1.950   0.114   0.072 0.38197 NK2001
     6711.41  1.4900   2.590   1.944   0.114   0.071 0.38081 NK2001
     6756.76  1.4800   2.581   1.937   0.113   0.071 0.37955 NK2001
     6802.72  1.4700   2.572   1.930   0.113   0.070 0.37828 NK2001
     6849.32  1.4600   2.564   1.923   0.112   0.070 0.37700 NK2001
     6896.55  1.4500   2.555   1.916   0.112   0.069 0.37578 NK2001
     6944.44  1.4400   2.547   1.909   0.112   0.069 0.37446 NK2001
     6993.01  1.4300   2.539   1.902   0.111   0.068 0.37323 NK2001
     7042.25  1.4200   2.531   1.896   0.111   0.068 0.37206 NK2001
     7092.20  1.4100   2.522   1.889   0.110   0.068 0.37080 NK2001
     7142.86  1.4000   2.513   1.882   0.110   0.067 0.36962 NK2001
     7194.24  1.3900   2.504   1.876   0.109   0.067 0.36839 NK2001
     7246.38  1.3800   2.495   1.869   0.109   0.066 0.36710 NK2001
     7299.27  1.3700   2.486   1.862   0.109   0.066 0.36579 NK2001
     7352.94  1.3600   2.477   1.855   0.108   0.065 0.36445 NK2001
     7407.41  1.3500   2.468   1.848   0.108   0.065 0.36307 NK2001
     7462.69  1.3400   2.458   1.841   0.107   0.064 0.36174 NK2001
     7518.80  1.3300   2.449   1.833   0.107   0.064 0.36024 NK2001
     7575.76  1.3200   2.440   1.825   0.106   0.063 0.35874 NK2001
     7633.59  1.3100   2.430   1.817   0.106   0.063 0.35725 NK2001
     7692.31  1.3000   2.421   1.808   0.105   0.062 0.35565 NK2001
     7751.94  1.2900   2.412   1.800   0.105   0.062 0.35410 NK2001
 7812.50  1.2800   2.403   1.792   0.104   0.061 0.35257 NK2001
                             7812.50  1.2800   2.403   1.792   0.104   0.061 0.3
     7936.51  1.2600   2.385   1.775   0.103   0.060 0.34941 NK2001
     8000.00  1.2500   2.376   1.766   0.103   0.060 0.34770 NK2001
     8064.52  1.2400   2.368   1.757   0.102   0.060 0.34602 NK2001
     8130.08  1.2300   2.359   1.748   0.102   0.059 0.34433 NK2001
     8196.72  1.2200   2.351   1.739   0.101   0.059 0.34264 NK2001
     8264.46  1.2100   2.345   1.729   0.101   0.059 0.34082 NK2001
     8333.33  1.2000   2.337   1.724   0.100   0.058 0.33987 NK2001
     8403.36  1.1900   2.324   1.716   0.100   0.057 0.33819 NK2001
     8474.58  1.1800   2.316   1.706   0.099   0.057 0.33626 NK2001
     8547.01  1.1700   2.307   1.697   0.099   0.057 0.33445 NK2001
     8620.69  1.1600   2.298   1.687   0.098   0.056 0.33258 NK2001
     8695.65  1.1500   2.290   1.678   0.098   0.056 0.33075 NK2001
     8771.93  1.1400   2.281   1.668   0.097   0.055 0.32893 NK2001
     8849.56  1.1300   2.271   1.658   0.097   0.055 0.32692 NK2001
     8928.57  1.1200   2.263   1.647   0.096   0.055 0.32485 NK2001
     9009.01  1.1100   2.256   1.637   0.095   0.054 0.32288 NK2001
     9090.91  1.1000   2.248   1.627   0.095   0.054 0.32097 NK2001
     9174.31  1.0900   2.240   1.617   0.094   0.054 0.31901 NK2001
     9259.26  1.0800   2.232   1.607   0.094   0.053 0.31705 NK2001
     9345.79  1.0700   2.225   1.596   0.093   0.053 0.31511 NK2001
     9433.96  1.0600   2.217   1.587   0.093   0.053 0.31320 NK2001
     9523.81  1.0500   2.209   1.576   0.092   0.052 0.31116 NK2001
     9615.38  1.0400   2.202   1.566   0.092   0.052 0.30920 NK2001
     9708.74  1.0300   2.195   1.556   0.091   0.052 0.30717 NK2001
     9803.92  1.0200   2.187   1.545   0.090   0.052 0.30507 NK2001
     9900.99  1.0100   2.180   1.535   0.090   0.051 0.30301 NK2001
    10000.00  1.0000   2.173   1.525   0.089   0.051 0.30105 NK2001
    10101.01  0.9900   2.166   1.514   0.089   0.051 0.29895 NK2001
    10204.08  0.9800   2.159   1.504   0.088   0.050 0.29695 NK2001
    10309.28  0.9700   2.152   1.494   0.088   0.050 0.29493 NK2001
    10416.67  0.9600   2.145   1.483   0.087   0.050 0.29276 NK2001
    10526.32  0.9500   2.138   1.473   0.086   0.050 0.29062 NK2001
    10638.30  0.9400   2.132   1.462   0.086   0.049 0.28850 NK2001
    10752.69  0.9300   2.126   1.451   0.085   0.049 0.28640 NK2001
    10869.57  0.9200   2.119   1.441   0.085   0.049 0.28426 NK2001
    10989.01  0.9100   2.113   1.429   0.084   0.049 0.28202 NK2001
    11111.11  0.9000   2.108   1.418   0.083   0.049 0.27990 NK2001
    11235.96  0.8900   2.103   1.408   0.083   0.048 0.27795 NK2001
    11363.64  0.8800   2.098   1.398   0.082   0.048 0.27589 NK2001
    11494.25  0.8700   2.094   1.387   0.082   0.048 0.27387 NK2001
    11627.91  0.8600   2.091   1.380   0.081   0.048 0.27248 NK2001
    11764.71  0.8500   2.085   1.373   0.081   0.048 0.27093 NK2001
    11904.76  0.8400   2.079   1.365   0.080   0.048 0.26930 NK2001
    12048.19  0.8300   2.073   1.357   0.080   0.047 0.26754 NK2001
    12195.12  0.8200   2.067   1.349   0.079   0.047 0.26587 NK2001
    12345.68  0.8100   2.060   1.341   0.079   0.047 0.26402 NK2001
    12500.00  0.8000   2.055   1.334   0.079   0.047 0.26268 NK2001
    12658.23  0.7900   2.045   1.329   0.078   0.046 0.26119 NK2001
    12820.51  0.7800   2.036   1.319   0.078   0.046 0.25910 NK2001
    12987.01  0.7700   2.028   1.310   0.077   0.045 0.25701 NK2001
    13157.89  0.7600   2.019   1.300   0.077   0.045 0.25486 NK2001
    13333.33  0.7500   2.012   1.290   0.076   0.045 0.25265 NK2001
    13513.51  0.7400   2.004   1.280   0.075   0.044 0.25054 NK2001
    13698.63  0.7300   1.997   1.270   0.075   0.044 0.24836 NK2001
    13888.89  0.7200   1.990   1.260   0.074   0.044 0.24619 NK2001
    14084.51  0.7100   1.982   1.250   0.074   0.044 0.24402 NK2001
    14285.71  0.7000   1.975   1.240   0.073   0.043 0.24181 NK2001
    14492.75  0.6900   1.968   1.230   0.073   0.043 0.23959 NK2001
    14705.88  0.6800   1.961   1.219   0.072   0.043 0.23732 NK2001
    14925.37  0.6700   1.955   1.208   0.071   0.043 0.23490 NK2001
    15151.52  0.6600   1.951   1.198   0.071   0.042 0.23296 NK2001
    15384.62  0.6500   1.946   1.191   0.070   0.042 0.23125 NK2001
    15625.00  0.6400   1.938   1.184   0.070   0.042 0.22963 NK2001
    15873.02  0.6300   1.930   1.173   0.069   0.042 0.22721 NK2001
    16129.03  0.6200   1.924   1.163   0.069   0.041 0.22509 NK2001
    16393.44  0.6100   1.918   1.154   0.068   0.041 0.22310 NK2001
    16666.67  0.6000   1.912   1.146   0.068   0.041 0.22115 NK2001
    16949.15  0.5900   1.906   1.137   0.067   0.041 0.21923 NK2001
    17241.38  0.5800   1.899   1.130   0.067   0.040 0.21749 NK2001
    17543.86  0.5700   1.891   1.120   0.066   0.040 0.21522 NK2001
    17857.14  0.5600   1.887   1.110   0.066   0.040 0.21322 NK2001
    18181.82  0.5500   1.881   1.103   0.065   0.040 0.21162 NK2001
    18518.52  0.5400   1.874   1.096   0.065   0.039 0.20989 NK2001
    18867.92  0.5300   1.868   1.089   0.064   0.039 0.20819 NK2001
    19230.77  0.5200   1.861   1.082   0.064   0.039 0.20655 NK2001
    19607.84  0.5100   1.854   1.076   0.064   0.039 0.20491 NK2001
    20000.00  0.5000   1.846   1.070   0.063   0.038 0.20340 NK2001
    20408.16  0.4900   1.837   1.065   0.063   0.038 0.20183 NK2001
    20833.33  0.4800   1.826   1.056   0.062   0.037 0.19965 NK2001
    21276.60  0.4700   1.818   1.046   0.062   0.037 0.19735 NK2001
    21739.13  0.4600   1.812   1.039   0.061   0.037 0.19548 NK2001
    22222.22  0.4500   1.805   1.031   0.061   0.037 0.19365 NK2001
    22727.27  0.4400   1.799   1.024   0.061   0.036 0.19205 NK2001
    23255.81  0.4300   1.794   1.019   0.060   0.036 0.19066 NK2001
    23809.52  0.4200   1.789   1.015   0.060   0.036 0.18960 NK2001
    24390.24  0.4100   1.782   1.013   0.060   0.036 0.18884 NK2001
    25000.00  0.4000   1.774   1.012   0.060   0.035 0.18812 NK2001
    25641.03  0.3900   1.764   1.009   0.060   0.035 0.18716 NK2001
    26315.79  0.3800   1.755   1.007   0.060   0.034 0.18610 NK2001
    27027.03  0.3700   1.748   1.004   0.059   0.034 0.18519 NK2001
    27777.78  0.3600   1.744   1.004   0.059   0.034 0.18489 NK2001
    28571.43  0.3500   1.742   1.009   0.060   0.034 0.18571 NK2001
    29411.76  0.3400   1.739   1.023   0.060   0.033 0.18838 NK2001
    30303.03  0.3300   1.724   1.042   0.062   0.032 0.19138 NK2001
    31250.00  0.3200   1.710   1.057   0.062   0.031 0.19373 NK2001
    32258.06  0.3100   1.697   1.083   0.064   0.030 0.19841 NK2001
    33333.33  0.3000   1.673   1.119   0.066   0.028 0.20513 NK2001
    34482.76  0.2900   1.638   1.162   0.068   0.025 0.21368 NK2001
    35714.29  0.2800   1.585   1.215   0.070   0.020 0.22528 NK2001
    37037.04  0.2700   1.498   1.276   0.076   0.027 0.24083 NK2001
    38461.54  0.2600   1.358   1.323   0.080   0.038 0.25941 NK2001
    40000.00  0.2500   1.174   1.298   0.079   0.047 0.27029 NK2001
    41666.67  0.2400   1.021   1.194   0.073   0.050 0.26152 NK2001
    43478.26  0.2300   0.924   1.065   0.066   0.049 0.23868 NK2001
    45454.55  0.2200   0.860   0.937   0.059   0.046 0.20986 NK2001
    47619.05  0.2100   0.821   0.820   0.054   0.043 0.17914 NK2001
