From:	IO::"memilham@CRDEC-VAX4.ARPA" 15-JUN-1988 12:40
To:	HAL::DALTON
Subj:	Optical Constants: Asbury 260 Graphite

Received: from CRDEC-VAX4.ARPA by ames-io.ARPA with INTERNET ;
          Wed, 15 Jun 88 12:38:38 PDT
Date:     Wed, 15 Jun 88 9:19:37 EDT
From:     "Merrill E. Milham" <memilham@CRDEC-VAX4.ARPA>
To:       dalton%hal@AMES-IO.ARPA
Subject:  Optical Constants: Asbury 260 Graphite
Message-ID:  <8806150919.aa10435@CRDEC-VAX4.CRDEC-VAX4.ARPA>
 
ASBURY MIRCO 260 GRAPHITE PELLET    M.R.QUERRY
        wn      wl       n       k       Dn      Dk      R
      (cm-1)   (um)
      180.00 55.5556  12.433   9.539   0.799   1.322 0.81785 NKM260
      190.00 52.6316  11.354   9.407   0.692   1.180 0.81273 NKM260
      200.00 50.0000  10.837   8.888   0.654   1.072 0.80331 NKM260
      210.00 47.6190  10.478   8.667   0.624   1.010 0.79856 NKM260
      220.00 45.4545  10.079   8.493   0.590   0.947 0.79431 NKM260
      230.00 43.4783   9.809   8.196   0.572   0.894 0.78799 NKM260
      240.00 41.6667   9.632   8.238   0.555   0.874 0.78824 NKM260
      250.00 40.0000   9.205   8.039   0.521   0.809 0.78306 NKM260
      260.00 38.4615   9.032   7.910   0.509   0.781 0.77989 NKM260
      270.00 37.0370   8.719   7.833   0.484   0.738 0.77743 NKM260
      280.00 35.7143   8.443   7.671   0.465   0.696 0.77312 NKM260
      290.00 34.4828   8.216   7.528   0.449   0.662 0.76923 NKM260
      300.00 33.3333   7.970   7.361   0.433   0.626 0.76456 NKM260
      310.00 32.2581   7.798   7.193   0.423   0.599 0.75982 NKM260
      320.00 31.2500   7.616   7.057   0.411   0.573 0.75576 NKM260
      330.00 30.3030   7.456   6.925   0.401   0.550 0.75174 NKM260
      340.00 29.4118   7.269   6.767   0.390   0.524 0.74674 NKM260
      350.00 28.5714   7.165   6.580   0.385   0.507 0.74082 NKM260
      360.00 27.7778   7.073   6.474   0.380   0.494 0.73727 NKM260
      370.00 27.0270   6.960   6.362   0.373   0.478 0.73336 NKM260
      380.00 26.3158   6.864   6.257   0.367   0.465 0.72964 NKM260
      390.00 25.6410   6.753   6.154   0.361   0.450 0.72581 NKM260
      400.00 25.0000   6.665   6.046   0.356   0.438 0.72178 NKM260
      410.00 24.3902   6.583   5.955   0.351   0.427 0.71828 NKM260
      420.00 23.8095   6.496   5.863   0.346   0.416 0.71463 NKM260
      430.00 23.2558   6.403   5.774   0.340   0.404 0.71102 NKM260
      440.00 22.7273   6.315   5.670   0.335   0.393 0.70672 NKM260
      450.00 22.2222   6.248   5.576   0.331   0.385 0.70275 NKM260
      460.00 21.7391   6.184   5.484   0.327   0.376 0.69881 NKM260
      470.00 21.2766   6.128   5.406   0.324   0.369 0.69538 NKM260
      480.00 20.8333   6.065   5.317   0.320   0.361 0.69134 NKM260
      490.00 20.4082   6.015   5.234   0.316   0.355 0.68761 NKM260
      500.00 20.0000   5.965   5.149   0.313   0.349 0.68363 NKM260
      510.00 19.6078   5.939   5.076   0.311   0.345 0.68029 NKM260
      520.00 19.2308   5.902   5.022   0.309   0.341 0.67769 NKM260
      530.00 18.8679   5.858   4.962   0.306   0.335 0.67472 NKM260
      540.00 18.5185   5.816   4.906   0.303   0.331 0.67187 NKM260
      550.00 18.1818   5.778   4.849   0.300   0.326 0.66897 NKM260
      560.00 17.8571   5.746   4.798   0.298   0.322 0.66637 NKM260
      570.00 17.5439   5.705   4.748   0.296   0.318 0.66370 NKM260
      580.00 17.2414   5.665   4.698   0.293   0.313 0.66099 NKM260
      590.00 16.9492   5.625   4.651   0.290   0.309 0.65837 NKM260
      600.00 16.6667   5.594   4.600   0.288   0.305 0.65565 NKM260
      610.00 16.3934   5.558   4.559   0.286   0.301 0.65331 NKM260
      620.00 16.1290   5.522   4.511   0.283   0.297 0.65057 NKM260
      630.00 15.8730   5.479   4.469   0.280   0.293 0.64808 NKM260
      640.00 15.6250   5.447   4.404   0.278   0.289 0.64439 NKM260
      650.00 15.3846   5.433   4.357   0.276   0.287 0.64186 NKM260
      660.00 15.1515   5.420   4.320   0.275   0.285 0.63976 NKM260
      670.00 14.9254   5.392   4.293   0.273   0.283 0.63806 NKM260
      680.00 14.7059   5.358   4.256   0.271   0.279 0.63576 NKM260
      690.00 14.4928   5.326   4.210   0.269   0.276 0.63296 NKM260
      700.00 14.2857   5.313   4.165   0.267   0.274 0.63036 NKM260
      710.00 14.0845   5.296   4.133   0.266   0.272 0.62843 NKM260
      720.00 13.8889   5.276   4.103   0.264   0.270 0.62655 NKM260
      730.00 13.6986   5.259   4.071   0.263   0.268 0.62457 NKM260
      740.00 13.5135   5.240   4.044   0.261   0.266 0.62284 NKM260
      750.00 13.3333   5.222   4.015   0.260   0.264 0.62097 NKM260
      760.00 13.1579   5.207   3.991   0.259   0.262 0.61942 NKM260
      770.00 12.9870   5.186   3.971   0.257   0.260 0.61803 NKM260
      780.00 12.8205   5.160   3.943   0.256   0.258 0.61611 NKM260
      790.00 12.6582   5.144   3.918   0.254   0.256 0.61442 NKM260
      800.00 12.5000   5.124   3.900   0.253   0.254 0.61311 NKM260
      810.00 12.3457   5.098   3.877   0.251   0.252 0.61139 NKM260
      820.00 12.1951   5.075   3.846   0.250   0.250 0.60926 NKM260
      830.00 12.0482   5.061   3.819   0.248   0.248 0.60750 NKM260
      840.00 11.9048   5.045   3.797   0.247   0.247 0.60596 NKM260
      850.00 11.7647   5.032   3.775   0.246   0.245 0.60446 NKM260
      860.00 11.6279   5.018   3.767   0.245   0.244 0.60374 NKM260
      870.00 11.4943   4.977   3.744   0.243   0.241 0.60177 NKM260
      880.00 11.3636   4.968   3.702   0.242   0.239 0.59912 NKM260
      890.00 11.2360   4.959   3.686   0.241   0.238 0.59798 NKM260
      900.00 11.1111   4.947   3.666   0.240   0.237 0.59656 NKM260
      910.00 10.9890   4.935   3.651   0.239   0.236 0.59543 NKM260
      920.00 10.8696   4.920   3.636   0.238   0.235 0.59429 NKM260
      930.00 10.7527   4.907   3.620   0.237   0.233 0.59307 NKM260
      940.00 10.6383   4.891   3.608   0.236   0.232 0.59208 NKM260
      950.00 10.5263   4.874   3.595   0.235   0.230 0.59096 NKM260
      960.00 10.4167   4.856   3.580   0.234   0.229 0.58968 NKM260
      970.00 10.3093   4.839   3.561   0.233   0.227 0.58822 NKM260
      980.00 10.2041   4.822   3.546   0.232   0.226 0.58700 NKM260
      990.00 10.1010   4.806   3.531   0.230   0.224 0.58574 NKM260
     1000.00 10.0000   4.791   3.513   0.229   0.223 0.58432 NKM260
     1010.00  9.9010   4.784   3.497   0.229   0.222 0.58316 NKM260
     1020.00  9.8039   4.765   3.488   0.228   0.221 0.58221 NKM260
     1030.00  9.7087   4.753   3.471   0.227   0.220 0.58091 NKM260
     1040.00  9.6154   4.741   3.464   0.226   0.219 0.58024 NKM260
     1050.00  9.5238   4.721   3.450   0.225   0.217 0.57895 NKM260
     1060.00  9.4340   4.706   3.434   0.224   0.216 0.57765 NKM260
     1070.00  9.3458   4.691   3.421   0.223   0.214 0.57649 NKM260
     1080.00  9.2593   4.681   3.409   0.222   0.214 0.57553 NKM260
     1090.00  9.1743   4.665   3.402   0.221   0.212 0.57474 NKM260
     1100.00  9.0909   4.643   3.388   0.220   0.211 0.57336 NKM260
     1110.00  9.0090   4.631   3.368   0.219   0.209 0.57181 NKM260
     1120.00  8.9286   4.621   3.354   0.218   0.208 0.57066 NKM260
     1130.00  8.8496   4.614   3.344   0.218   0.208 0.56987 NKM260
     1140.00  8.7719   4.600   3.339   0.217   0.207 0.56924 NKM260
     1150.00  8.6957   4.582   3.323   0.216   0.205 0.56779 NKM260
     1160.00  8.6207   4.572   3.310   0.215   0.204 0.56672 NKM260
     1170.00  8.5470   4.562   3.304   0.215   0.204 0.56604 NKM260
     1180.00  8.4746   4.549   3.296   0.214   0.203 0.56524 NKM260
     1190.00  8.4034   4.534   3.285   0.213   0.201 0.56421 NKM260
     1200.00  8.3333   4.519   3.272   0.212   0.200 0.56300 NKM260
     1210.00  8.2645   4.507   3.262   0.211   0.199 0.56207 NKM260
     1220.00  8.1967   4.494   3.252   0.211   0.198 0.56112 NKM260
     1230.00  8.1301   4.481   3.243   0.210   0.197 0.56018 NKM260
     1240.00  8.0645   4.466   3.230   0.209   0.196 0.55898 NKM260
     1250.00  8.0000   4.456   3.217   0.208   0.195 0.55779 NKM260
     1260.00  7.9365   4.441   3.207   0.207   0.194 0.55676 NKM260
     1270.00  7.8740   4.433   3.188   0.207   0.193 0.55529 NKM260
     1280.00  7.8125   4.430   3.185   0.206   0.193 0.55494 NKM260
     1290.00  7.7519   4.417   3.175   0.206   0.192 0.55398 NKM260
     1300.00  7.6923   4.409   3.165   0.205   0.191 0.55309 NKM260
     1310.00  7.6336   4.398   3.158   0.204   0.190 0.55237 NKM260
     1320.00  7.5758   4.388   3.149   0.204   0.190 0.55147 NKM260
     1330.00  7.5188   4.378   3.142   0.203   0.189 0.55076 NKM260
     1340.00  7.4627   4.372   3.131   0.203   0.188 0.54980 NKM260
     1350.00  7.4074   4.366   3.130   0.202   0.188 0.54957 NKM260
     1360.00  7.3529   4.352   3.123   0.202   0.187 0.54873 NKM260
     1370.00  7.2993   4.342   3.118   0.201   0.186 0.54816 NKM260
     1380.00  7.2464   4.332   3.109   0.201   0.185 0.54732 NKM260
     1390.00  7.1942   4.323   3.106   0.200   0.184 0.54684 NKM260
     1400.00  7.1429   4.309   3.100   0.199   0.184 0.54609 NKM260
     1410.00  7.0922   4.301   3.094   0.199   0.183 0.54547 NKM260
     1420.00  7.0423   4.288   3.088   0.198   0.182 0.54472 NKM260
     1430.00  6.9930   4.277   3.080   0.198   0.181 0.54387 NKM260
     1440.00  6.9444   4.268   3.074   0.197   0.180 0.54323 NKM260
     1450.00  6.8966   4.258   3.068   0.197   0.180 0.54256 NKM260
     1460.00  6.8493   4.247   3.062   0.196   0.179 0.54188 NKM260
     1470.00  6.8027   4.237   3.055   0.196   0.178 0.54112 NKM260
     1480.00  6.7568   4.228   3.051   0.195   0.177 0.54060 NKM260
     1490.00  6.7114   4.216   3.047   0.195   0.177 0.54005 NKM260
     1500.00  6.6667   4.205   3.040   0.194   0.176 0.53923 NKM260
     1510.00  6.6225   4.197   3.034   0.194   0.175 0.53860 NKM260
     1520.00  6.5789   4.187   3.030   0.193   0.174 0.53802 NKM260
     1530.00  6.5359   4.177   3.027   0.193   0.174 0.53761 NKM260
     1540.00  6.4935   4.163   3.020   0.192   0.173 0.53669 NKM260
     1550.00  6.4516   4.159   3.014   0.192   0.172 0.53612 NKM260
     1560.00  6.4103   4.148   3.013   0.191   0.172 0.53584 NKM260
     1570.00  6.3694   4.141   3.017   0.191   0.171 0.53599 NKM260
     1580.00  6.3291   4.120   3.026   0.191   0.170 0.53623 NKM260
     1590.00  6.2893   4.083   3.015   0.190   0.167 0.53458 NKM260
     1600.00  6.2500   4.067   2.982   0.188   0.166 0.53157 NKM260
     1610.00  6.2112   4.074   2.966   0.188   0.166 0.53046 NKM260
     1620.00  6.1728   4.073   2.965   0.187   0.166 0.53032 NKM260
     1630.00  6.1350   4.065   2.957   0.187   0.166 0.52952 NKM260
     1640.00  6.0976   4.059   2.957   0.187   0.165 0.52933 NKM260
     1650.00  6.0606   4.046   2.952   0.186   0.164 0.52863 NKM260
     1660.00  6.0241   4.040   2.946   0.186   0.164 0.52802 NKM260
     1670.00  5.9880   4.030   2.942   0.185   0.163 0.52744 NKM260
     1680.00  5.9524   4.026   2.937   0.185   0.163 0.52697 NKM260
     1690.00  5.9172   4.013   2.938   0.185   0.162 0.52675 NKM260
     1700.00  5.8824   4.002   2.929   0.184   0.161 0.52578 NKM260
     1710.00  5.8480   3.994   2.924   0.184   0.160 0.52518 NKM260
     1720.00  5.8140   3.986   2.922   0.183   0.160 0.52478 NKM260
     1730.00  5.7803   3.976   2.918   0.183   0.159 0.52428 NKM260
     1740.00  5.7471   3.967   2.915   0.183   0.159 0.52384 NKM260
     1750.00  5.7143   3.954   2.912   0.182   0.158 0.52324 NKM260
     1760.00  5.6818   3.945   2.903   0.182   0.157 0.52233 NKM260
     1770.00  5.6497   3.938   2.900   0.181   0.156 0.52191 NKM260
     1780.00  5.6180   3.929   2.895   0.181   0.156 0.52126 NKM260
     1790.00  5.5866   3.921   2.893   0.181   0.155 0.52094 NKM260
     1800.00  5.5556   3.910   2.891   0.180   0.154 0.52048 NKM260
     1810.00  5.5249   3.901   2.886   0.180   0.154 0.51982 NKM260
     1820.00  5.4945   3.891   2.884   0.179   0.153 0.51943 NKM260
     1830.00  5.4645   3.880   2.879   0.179   0.152 0.51879 NKM260
     1840.00  5.4348   3.870   2.875   0.178   0.152 0.51819 NKM260
     1850.00  5.4054   3.861   2.871   0.178   0.151 0.51762 NKM260
     1860.00  5.3763   3.852   2.868   0.178   0.150 0.51717 NKM260
     1870.00  5.3476   3.841   2.867   0.177   0.150 0.51683 NKM260
     1880.00  5.3191   3.829   2.861   0.177   0.149 0.51604 NKM260
     1890.00  5.2910   3.820   2.857   0.176   0.148 0.51552 NKM260
     1900.00  5.2632   3.809   2.853   0.176   0.147 0.51496 NKM260
     1910.00  5.2356   3.800   2.849   0.176   0.147 0.51435 NKM260
     1920.00  5.2083   3.789   2.846   0.175   0.146 0.51385 NKM260
     1930.00  5.1813   3.778   2.843   0.175   0.145 0.51333 NKM260
     1940.00  5.1546   3.766   2.838   0.174   0.144 0.51267 NKM260
     1950.00  5.1282   3.756   2.833   0.174   0.144 0.51195 NKM260
     1960.00  5.1020   3.746   2.830   0.173   0.143 0.51145 NKM260
     1970.00  5.0761   3.733   2.828   0.173   0.142 0.51100 NKM260
     1980.00  5.0505   3.720   2.823   0.172   0.141 0.51026 NKM260
     1990.00  5.0251   3.700   2.820   0.172   0.140 0.50962 NKM260
     2000.00  5.0000   3.681   2.798   0.170   0.139 0.50714 NKM260
     2010.00  4.9751   3.687   2.783   0.170   0.139 0.50588 NKM260
     2020.00  4.9505   3.683   2.781   0.170   0.139 0.50558 NKM260
     2030.00  4.9261   3.676   2.777   0.170   0.138 0.50511 NKM260
     2040.00  4.9020   3.665   2.770   0.169   0.137 0.50424 NKM260
     2050.00  4.8780   3.659   2.764   0.169   0.137 0.50352 NKM260
     2060.00  4.8544   3.650   2.758   0.168   0.136 0.50279 NKM260
     2070.00  4.8309   3.647   2.754   0.168   0.136 0.50232 NKM260
     2080.00  4.8077   3.637   2.755   0.168   0.135 0.50222 NKM260
     2090.00  4.7847   3.626   2.748   0.167   0.135 0.50127 NKM260
     2100.00  4.7619   3.617   2.742   0.167   0.134 0.50054 NKM260
     2110.00  4.7393   3.610   2.733   0.166   0.134 0.49953 NKM260
     2120.00  4.7170   3.606   2.730   0.166   0.133 0.49907 NKM260
     2130.00  4.6948   3.596   2.729   0.166   0.133 0.49879 NKM260
     2140.00  4.6729   3.582   2.719   0.165   0.132 0.49756 NKM260
     2150.00  4.6512   3.581   2.712   0.165   0.132 0.49686 NKM260
     2160.00  4.6296   3.571   2.712   0.164   0.131 0.49659 NKM260
     2170.00  4.6083   3.564   2.703   0.164   0.130 0.49555 NKM260
     2180.00  4.5872   3.557   2.699   0.164   0.130 0.49506 NKM260
     2190.00  4.5662   3.550   2.692   0.163   0.129 0.49416 NKM260
     2200.00  4.5455   3.544   2.686   0.163   0.129 0.49351 NKM260
     2210.00  4.5249   3.536   2.683   0.163   0.129 0.49300 NKM260
     2220.00  4.5045   3.528   2.676   0.162   0.128 0.49214 NKM260
     2230.00  4.4843   3.525   2.672   0.162   0.128 0.49164 NKM260
     2240.00  4.4643   3.517   2.669   0.162   0.127 0.49119 NKM260
     2250.00  4.4444   3.511   2.663   0.161   0.127 0.49051 NKM260
     2260.00  4.4248   3.504   2.659   0.161   0.126 0.48996 NKM260
     2270.00  4.4053   3.496   2.654   0.160   0.126 0.48925 NKM260
     2280.00  4.3860   3.491   2.647   0.160   0.126 0.48848 NKM260
     2290.00  4.3668   3.489   2.642   0.160   0.125 0.48793 NKM260
     2300.00  4.3478   3.486   2.639   0.160   0.125 0.48754 NKM260
     2310.00  4.3290   3.484   2.639   0.160   0.125 0.48749 NKM260
     2320.00  4.3103   3.477   2.643   0.160   0.125 0.48777 NKM260
     2330.00  4.2918   3.467   2.650   0.160   0.124 0.48817 NKM260
     2340.00  4.2735   3.447   2.649   0.159   0.123 0.48771 NKM260
     2350.00  4.2553   3.439   2.640   0.159   0.122 0.48656 NKM260
     2360.00  4.2373   3.429   2.645   0.158   0.121 0.48690 NKM260
     2370.00  4.2194   3.403   2.636   0.158   0.120 0.48545 NKM260
     2380.00  4.2017   3.391   2.614   0.156   0.119 0.48287 NKM260
     2390.00  4.1841   3.393   2.600   0.156   0.119 0.48143 NKM260
     2400.00  4.1667   3.392   2.595   0.156   0.119 0.48088 NKM260
     2410.00  4.1494   3.389   2.590   0.155   0.119 0.48034 NKM260
     2420.00  4.1322   3.382   2.587   0.155   0.118 0.47988 NKM260
     2430.00  4.1152   3.378   2.580   0.155   0.118 0.47901 NKM260
     2440.00  4.0984   3.374   2.576   0.155   0.118 0.47850 NKM260
     2450.00  4.0816   3.370   2.573   0.154   0.118 0.47818 NKM260
     2460.00  4.0650   3.359   2.571   0.154   0.117 0.47769 NKM260
     2470.00  4.0486   3.355   2.563   0.154   0.117 0.47679 NKM260
     2480.00  4.0323   3.350   2.561   0.153   0.116 0.47639 NKM260
     2490.00  4.0161   3.341   2.557   0.153   0.116 0.47583 NKM260
     2500.00  4.0000   3.337   2.551   0.153   0.115 0.47504 NKM260
     2510.00  3.9841   3.332   2.549   0.153   0.115 0.47473 NKM260
     2520.00  3.9683   3.327   2.544   0.152   0.115 0.47407 NKM260
     2530.00  3.9526   3.319   2.542   0.152   0.114 0.47367 NKM260
     2540.00  3.9370   3.312   2.536   0.152   0.114 0.47288 NKM260
     2550.00  3.9216   3.307   2.533   0.151   0.113 0.47244 NKM260
     2560.00  3.9063   3.299   2.527   0.151   0.113 0.47161 NKM260
     2570.00  3.8911   3.294   2.520   0.151   0.113 0.47082 NKM260
     2580.00  3.8760   3.290   2.515   0.150   0.112 0.47018 NKM260
     2590.00  3.8610   3.287   2.513   0.150   0.112 0.46991 NKM260
     2600.00  3.8462   3.281   2.511   0.150   0.112 0.46946 NKM260
     2610.00  3.8314   3.273   2.506   0.150   0.111 0.46884 NKM260
     2620.00  3.8168   3.268   2.502   0.149   0.111 0.46824 NKM260
     2630.00  3.8023   3.263   2.498   0.149   0.111 0.46767 NKM260
     2640.00  3.7879   3.258   2.494   0.149   0.110 0.46716 NKM260
     2650.00  3.7736   3.250   2.492   0.149   0.110 0.46678 NKM260
     2660.00  3.7594   3.242   2.486   0.148   0.109 0.46596 NKM260
     2670.00  3.7453   3.240   2.480   0.148   0.109 0.46520 NKM260
     2680.00  3.7313   3.236   2.478   0.148   0.109 0.46483 NKM260
     2690.00  3.7175   3.227   2.474   0.147   0.108 0.46420 NKM260
     2700.00  3.7037   3.223   2.468   0.147   0.108 0.46352 NKM260
     2710.00  3.6900   3.220   2.465   0.147   0.108 0.46305 NKM260
     2720.00  3.6765   3.215   2.462   0.147   0.108 0.46260 NKM260
     2730.00  3.6630   3.210   2.460   0.146   0.107 0.46229 NKM260
     2740.00  3.6496   3.203   2.455   0.146   0.107 0.46157 NKM260
     2750.00  3.6364   3.200   2.451   0.146   0.107 0.46106 NKM260
     2760.00  3.6232   3.192   2.450   0.146   0.106 0.46072 NKM260
     2770.00  3.6101   3.187   2.444   0.145   0.106 0.45994 NKM260
     2780.00  3.5971   3.184   2.441   0.145   0.106 0.45952 NKM260
     2790.00  3.5842   3.178   2.438   0.145   0.105 0.45912 NKM260
     2800.00  3.5714   3.172   2.435   0.145   0.105 0.45854 NKM260
     2810.00  3.5587   3.166   2.432   0.144   0.104 0.45818 NKM260
     2820.00  3.5461   3.161   2.427   0.144   0.104 0.45739 NKM260
     2830.00  3.5336   3.157   2.424   0.144   0.104 0.45695 NKM260
     2840.00  3.5211   3.148   2.422   0.144   0.103 0.45653 NKM260
     2850.00  3.5088   3.142   2.415   0.143   0.103 0.45558 NKM260
     2860.00  3.4965   3.139   2.410   0.143   0.103 0.45499 NKM260
     2870.00  3.4843   3.135   2.406   0.143   0.103 0.45446 NKM260
     2880.00  3.4722   3.130   2.404   0.143   0.102 0.45409 NKM260
     2890.00  3.4602   3.125   2.400   0.142   0.102 0.45351 NKM260
     2900.00  3.4483   3.121   2.396   0.142   0.102 0.45297 NKM260
     2910.00  3.4364   3.117   2.393   0.142   0.101 0.45254 NKM260
     2920.00  3.4247   3.111   2.390   0.142   0.101 0.45208 NKM260
     2930.00  3.4130   3.104   2.386   0.141   0.101 0.45136 NKM260
     2940.00  3.4014   3.104   2.380   0.141   0.101 0.45067 NKM260
     2950.00  3.3898   3.100   2.381   0.141   0.100 0.45072 NKM260
     2960.00  3.3784   3.092   2.377   0.141   0.100 0.45008 NKM260
     2970.00  3.3670   3.087   2.374   0.140   0.099 0.44956 NKM260
     2980.00  3.3557   3.083   2.370   0.140   0.099 0.44906 NKM260
     2990.00  3.3445   3.078   2.366   0.140   0.099 0.44844 NKM260
     3000.00  3.3333   3.075   2.361   0.140   0.099 0.44783 NKM260
     3010.00  3.3223   3.070   2.361   0.140   0.098 0.44771 NKM260
     3020.00  3.3113   3.065   2.357   0.139   0.098 0.44710 NKM260
     3030.00  3.3003   3.061   2.356   0.139   0.098 0.44689 NKM260
     3040.00  3.2895   3.053   2.353   0.139   0.097 0.44627 NKM260
     3050.00  3.2787   3.048   2.347   0.139   0.097 0.44553 NKM260
     3060.00  3.2680   3.046   2.345   0.138   0.097 0.44519 NKM260
     3070.00  3.2573   3.041   2.341   0.138   0.097 0.44463 NKM260
     3080.00  3.2468   3.039   2.339   0.138   0.097 0.44438 NKM260
     3090.00  3.2362   3.030   2.340   0.138   0.096 0.44429 NKM260
     3100.00  3.2258   3.023   2.334   0.138   0.096 0.44333 NKM260
     3110.00  3.2154   3.019   2.327   0.137   0.095 0.44243 NKM260
     3120.00  3.2051   3.018   2.325   0.137   0.095 0.44215 NKM260
     3130.00  3.1949   3.011   2.324   0.137   0.095 0.44194 NKM260
     3140.00  3.1847   3.006   2.320   0.137   0.094 0.44125 NKM260
     3150.00  3.1746   3.003   2.318   0.137   0.094 0.44097 NKM260
     3160.00  3.1646   2.996   2.313   0.136   0.094 0.44026 NKM260
     3170.00  3.1546   2.993   2.310   0.136   0.094 0.43979 NKM260
     3180.00  3.1447   2.989   2.308   0.136   0.093 0.43938 NKM260
     3190.00  3.1348   2.983   2.307   0.136   0.093 0.43922 NKM260
     3200.00  3.1250   2.976   2.301   0.135   0.093 0.43828 NKM260
     3210.00  3.1153   2.973   2.298   0.135   0.092 0.43785 NKM260
     3220.00  3.1056   2.968   2.296   0.135   0.092 0.43749 NKM260
     3230.00  3.0960   2.962   2.291   0.135   0.092 0.43677 NKM260
     3240.00  3.0864   2.959   2.287   0.134   0.092 0.43618 NKM260
     3250.00  3.0769   2.953   2.285   0.134   0.091 0.43577 NKM260
     3260.00  3.0675   2.949   2.280   0.134   0.091 0.43509 NKM260
     3270.00  3.0581   2.945   2.277   0.134   0.091 0.43459 NKM260
     3280.00  3.0488   2.942   2.273   0.134   0.091 0.43398 NKM260
     3290.00  3.0395   2.939   2.273   0.133   0.090 0.43391 NKM260
     3300.00  3.0303   2.930   2.269   0.133   0.090 0.43327 NKM260
     3310.00  3.0211   2.929   2.265   0.133   0.090 0.43269 NKM260
     3320.00  3.0120   2.922   2.263   0.133   0.089 0.43229 NKM260
     3330.00  3.0030   2.917   2.255   0.132   0.089 0.43125 NKM260
     3340.00  2.9940   2.916   2.253   0.132   0.089 0.43098 NKM260
     3350.00  2.9851   2.910   2.254   0.132   0.089 0.43087 NKM260
     3360.00  2.9762   2.904   2.248   0.132   0.088 0.43002 NKM260
     3370.00  2.9674   2.902   2.245   0.132   0.088 0.42955 NKM260
     3380.00  2.9586   2.895   2.242   0.131   0.088 0.42907 NKM260
     3390.00  2.9499   2.890   2.237   0.131   0.087 0.42833 NKM260
     3400.00  2.9412   2.885   2.231   0.131   0.087 0.42736 NKM260
     3410.00  2.9326   2.886   2.228   0.131   0.087 0.42711 NKM260
     3420.00  2.9240   2.881   2.226   0.130   0.087 0.42671 NKM260
     3430.00  2.9155   2.877   2.226   0.130   0.087 0.42654 NKM260
     3440.00  2.9070   2.869   2.222   0.130   0.086 0.42595 NKM260
     3450.00  2.8986   2.865   2.216   0.130   0.086 0.42505 NKM260
     3460.00  2.8902   2.860   2.211   0.129   0.086 0.42432 NKM260
     3470.00  2.8818   2.859   2.205   0.129   0.086 0.42348 NKM260
     3480.00  2.8736   2.857   2.205   0.129   0.086 0.42339 NKM260
     3490.00  2.8653   2.853   2.201   0.129   0.085 0.42274 NKM260
     3500.00  2.8571   2.850   2.200   0.129   0.085 0.42253 NKM260
     3510.00  2.8490   2.844   2.196   0.129   0.085 0.42187 NKM260
     3520.00  2.8409   2.841   2.193   0.128   0.085 0.42144 NKM260
     3530.00  2.8329   2.837   2.190   0.128   0.084 0.42105 NKM260
     3540.00  2.8249   2.830   2.186   0.128   0.084 0.42031 NKM260
     3550.00  2.8169   2.827   2.178   0.128   0.084 0.41924 NKM260
     3560.00  2.8090   2.827   2.176   0.127   0.084 0.41886 NKM260
     3570.00  2.8011   2.823   2.176   0.127   0.084 0.41889 NKM260
     3580.00  2.7933   2.818   2.171   0.127   0.083 0.41801 NKM260
     3590.00  2.7855   2.817   2.168   0.127   0.083 0.41761 NKM260
     3600.00  2.7778   2.812   2.166   0.127   0.083 0.41722 NKM260
     3610.00  2.7701   2.807   2.163   0.127   0.083 0.41674 NKM260
     3620.00  2.7624   2.803   2.158   0.126   0.083 0.41597 NKM260
     3630.00  2.7548   2.800   2.154   0.126   0.082 0.41539 NKM260
     3640.00  2.7473   2.797   2.150   0.126   0.082 0.41476 NKM260
     3650.00  2.7397   2.796   2.149   0.126   0.082 0.41467 NKM260
     3660.00  2.7322   2.791   2.145   0.126   0.082 0.41391 NKM260
     3670.00  2.7248   2.791   2.141   0.125   0.082 0.41344 NKM260
     3680.00  2.7174   2.784   2.142   0.125   0.081 0.41342 NKM260
     3690.00  2.7100   2.779   2.134   0.125   0.081 0.41226 NKM260
     3700.00  2.7027   2.778   2.131   0.125   0.081 0.41178 NKM260
     3710.00  2.6954   2.775   2.129   0.125   0.081 0.41143 NKM260
     3720.00  2.6882   2.771   2.126   0.124   0.081 0.41101 NKM260
     3730.00  2.6810   2.766   2.122   0.124   0.081 0.41023 NKM260
     3740.00  2.6738   2.766   2.118   0.124   0.081 0.40974 NKM260
     3750.00  2.6667   2.760   2.117   0.124   0.080 0.40942 NKM260
     3760.00  2.6596   2.758   2.111   0.124   0.080 0.40861 NKM260
     3770.00  2.6525   2.757   2.109   0.123   0.080 0.40834 NKM260
     3780.00  2.6455   2.753   2.107   0.123   0.080 0.40791 NKM260
     3790.00  2.6385   2.749   2.103   0.123   0.080 0.40726 NKM260
     3800.00  2.6316   2.746   2.100   0.123   0.079 0.40689 NKM260
     3810.00  2.6247   2.741   2.096   0.123   0.079 0.40611 NKM260
     3820.00  2.6178   2.741   2.093   0.122   0.079 0.40571 NKM260
     3830.00  2.6110   2.738   2.088   0.122   0.079 0.40496 NKM260
     3840.00  2.6042   2.738   2.086   0.122   0.079 0.40473 NKM260
     3850.00  2.5974   2.732   2.086   0.122   0.079 0.40454 NKM260
     3860.00  2.5907   2.730   2.081   0.122   0.079 0.40384 NKM260
     3870.00  2.5840   2.727   2.078   0.122   0.078 0.40339 NKM260
     3880.00  2.5773   2.725   2.074   0.121   0.078 0.40274 NKM260
     3890.00  2.5707   2.722   2.073   0.121   0.078 0.40250 NKM260
     3900.00  2.5641   2.719   2.069   0.121   0.078 0.40185 NKM260
     3910.00  2.5575   2.718   2.067   0.121   0.078 0.40157 NKM260
     3920.00  2.5510   2.714   2.066   0.121   0.078 0.40132 NKM260
     3930.00  2.5445   2.709   2.061   0.121   0.077 0.40056 NKM260
     3940.00  2.5381   2.709   2.057   0.120   0.077 0.40004 NKM260
     3950.00  2.5316   2.707   2.054   0.120   0.077 0.39959 NKM260
     3960.00  2.5253   2.705   2.053   0.120   0.077 0.39931 NKM260
     3970.00  2.5189   2.699   2.051   0.120   0.077 0.39886 NKM260
     3980.00  2.5126   2.699   2.045   0.120   0.077 0.39812 NKM260
     3990.00  2.5063   2.696   2.047   0.120   0.077 0.39827 NKM260
     4000.00  2.5000   2.691   2.043   0.120   0.076 0.39754 NKM260
     4016.06  2.4900   2.688   2.037   0.119   0.076 0.39665 NKM260
     4032.26  2.4800   2.685   2.032   0.119   0.076 0.39585 NKM260
     4048.58  2.4700   2.681   2.028   0.119   0.076 0.39523 NKM260
     4065.04  2.4600   2.677   2.023   0.118   0.076 0.39452 NKM260
     4081.63  2.4500   2.674   2.019   0.118   0.076 0.39382 NKM260
     4098.36  2.4400   2.670   2.015   0.118   0.075 0.39319 NKM260
     4115.23  2.4300   2.666   2.012   0.118   0.075 0.39255 NKM260
     4132.23  2.4200   2.662   2.007   0.118   0.075 0.39177 NKM260
     4149.38  2.4100   2.658   2.003   0.117   0.075 0.39112 NKM260
     4166.67  2.4000   2.654   1.999   0.117   0.075 0.39052 NKM260
     4184.10  2.3900   2.650   1.996   0.117   0.074 0.38995 NKM260
     4201.68  2.3800   2.645   1.992   0.117   0.074 0.38921 NKM260
     4219.41  2.3700   2.641   1.987   0.116   0.074 0.38843 NKM260
     4237.29  2.3600   2.637   1.983   0.116   0.074 0.38769 NKM260
     4255.32  2.3500   2.633   1.979   0.116   0.074 0.38703 NKM260
     4273.50  2.3400   2.629   1.975   0.116   0.073 0.38633 NKM260
     4291.85  2.3300   2.625   1.971   0.115   0.073 0.38564 NKM260
     4310.34  2.3200   2.621   1.966   0.115   0.073 0.38489 NKM260
     4329.00  2.3100   2.617   1.962   0.115   0.073 0.38421 NKM260
     4347.83  2.3000   2.613   1.958   0.115   0.072 0.38349 NKM260
     4366.81  2.2900   2.609   1.954   0.114   0.072 0.38279 NKM260
     4385.96  2.2800   2.605   1.950   0.114   0.072 0.38213 NKM260
     4405.29  2.2700   2.601   1.946   0.114   0.072 0.38137 NKM260
     4424.78  2.2600   2.598   1.942   0.114   0.072 0.38070 NKM260
     4444.44  2.2500   2.594   1.939   0.114   0.071 0.38015 NKM260
     4464.29  2.2400   2.589   1.935   0.113   0.071 0.37947 NKM260
     4484.30  2.2300   2.585   1.931   0.113   0.071 0.37888 NKM260
     4504.50  2.2200   2.581   1.928   0.113   0.071 0.37821 NKM260
     4524.89  2.2100   2.576   1.924   0.113   0.071 0.37750 NKM260
     4545.45  2.2000   2.572   1.920   0.112   0.070 0.37678 NKM260
     4566.21  2.1900   2.568   1.916   0.112   0.070 0.37610 NKM260
     4587.16  2.1800   2.564   1.912   0.112   0.070 0.37546 NKM260
     4608.29  2.1700   2.560   1.909   0.112   0.070 0.37488 NKM260
     4629.63  2.1600   2.556   1.906   0.112   0.069 0.37428 NKM260
     4651.16  2.1500   2.551   1.902   0.111   0.069 0.37357 NKM260
     4672.90  2.1400   2.547   1.898   0.111   0.069 0.37293 NKM260
     4694.84  2.1300   2.542   1.895   0.111   0.069 0.37237 NKM260
     4716.98  2.1200   2.537   1.892   0.111   0.068 0.37174 NKM260
     4739.34  2.1100   2.533   1.888   0.110   0.068 0.37107 NKM260
     4761.90  2.1000   2.528   1.886   0.110   0.068 0.37049 NKM260
     4784.69  2.0900   2.523   1.882   0.110   0.068 0.36983 NKM260
     4807.69  2.0800   2.518   1.879   0.110   0.067 0.36919 NKM260
     4830.92  2.0700   2.513   1.875   0.110   0.067 0.36851 NKM260
     4854.37  2.0600   2.508   1.872   0.109   0.067 0.36782 NKM260
     4878.05  2.0500   2.502   1.868   0.109   0.067 0.36720 NKM260
     4901.96  2.0400   2.497   1.865   0.109   0.066 0.36646 NKM260
     4926.11  2.0300   2.492   1.861   0.109   0.066 0.36571 NKM260
     4950.50  2.0200   2.486   1.857   0.108   0.066 0.36496 NKM260
     4975.12  2.0100   2.482   1.852   0.108   0.065 0.36416 NKM260
     5000.00  2.0000   2.477   1.851   0.108   0.065 0.36381 NKM260
     5025.13  1.9900   2.470   1.847   0.108   0.065 0.36308 NKM260
     5050.51  1.9800   2.464   1.843   0.107   0.064 0.36219 NKM260
     5076.14  1.9700   2.459   1.839   0.107   0.064 0.36145 NKM260
     5102.04  1.9600   2.453   1.835   0.107   0.064 0.36070 NKM260
     5128.21  1.9500   2.447   1.831   0.107   0.064 0.35999 NKM260
     5154.64  1.9400   2.441   1.827   0.106   0.063 0.35917 NKM260
     5181.35  1.9300   2.435   1.823   0.106   0.063 0.35828 NKM260
     5208.33  1.9200   2.430   1.818   0.106   0.063 0.35745 NKM260
     5235.60  1.9100   2.424   1.814   0.106   0.062 0.35662 NKM260
     5263.16  1.9000   2.419   1.810   0.105   0.062 0.35582 NKM260
     5291.01  1.8900   2.413   1.806   0.105   0.062 0.35502 NKM260
     5319.15  1.8800   2.407   1.801   0.105   0.061 0.35410 NKM260
     5347.59  1.8700   2.402   1.796   0.104   0.061 0.35320 NKM260
     5376.34  1.8600   2.398   1.793   0.104   0.061 0.35258 NKM260
     5405.41  1.8500   2.392   1.791   0.104   0.061 0.35204 NKM260
     5434.78  1.8400   2.385   1.787   0.104   0.060 0.35127 NKM260
     5464.48  1.8300   2.377   1.783   0.104   0.060 0.35040 NKM260
     5494.51  1.8200   2.371   1.777   0.103   0.060 0.34935 NKM260
     5524.86  1.8100   2.366   1.773   0.103   0.059 0.34851 NKM260
     5555.56  1.8000   2.360   1.770   0.103   0.059 0.34781 NKM260
     5586.59  1.7900   2.352   1.766   0.102   0.059 0.34700 NKM260
     5617.98  1.7800   2.345   1.761   0.102   0.058 0.34605 NKM260
     5649.72  1.7700   2.338   1.756   0.102   0.058 0.34510 NKM260
     5681.82  1.7600   2.331   1.751   0.102   0.057 0.34401 NKM260
     5714.29  1.7500   2.325   1.746   0.101   0.057 0.34300 NKM260
     5747.13  1.7400   2.318   1.741   0.101   0.057 0.34197 NKM260
     5780.35  1.7300   2.311   1.735   0.101   0.056 0.34082 NKM260
     5813.95  1.7200   2.305   1.729   0.100   0.056 0.33975 NKM260
     5847.95  1.7100   2.299   1.724   0.100   0.056 0.33871 NKM260
     5882.35  1.7000   2.293   1.719   0.100   0.055 0.33765 NKM260
     5917.16  1.6900   2.286   1.714   0.099   0.055 0.33670 NKM260
     5952.38  1.6800   2.279   1.708   0.099   0.055 0.33558 NKM260
     5988.02  1.6700   2.273   1.703   0.099   0.054 0.33447 NKM260
     6024.10  1.6600   2.266   1.697   0.098   0.054 0.33331 NKM260
     6060.61  1.6500   2.260   1.691   0.098   0.054 0.33215 NKM260
     6097.56  1.6400   2.253   1.685   0.098   0.054 0.33098 NKM260
     6134.97  1.6300   2.248   1.679   0.097   0.053 0.32985 NKM260
     6172.84  1.6200   2.241   1.674   0.097   0.053 0.32882 NKM260
     6211.18  1.6100   2.235   1.669   0.097   0.053 0.32772 NKM260
     6250.00  1.6000   2.228   1.663   0.096   0.052 0.32656 NKM260
     6289.31  1.5900   2.221   1.657   0.096   0.052 0.32525 NKM260
     6329.11  1.5800   2.216   1.650   0.096   0.052 0.32404 NKM260
     6369.43  1.5700   2.209   1.646   0.095   0.051 0.32307 NKM260
     6410.26  1.5600   2.203   1.640   0.095   0.051 0.32186 NKM260
     6451.61  1.5500   2.195   1.634   0.095   0.051 0.32068 NKM260
     6493.51  1.5400   2.189   1.627   0.094   0.050 0.31924 NKM260
     6535.95  1.5300   2.183   1.621   0.094   0.050 0.31805 NKM260
     6578.95  1.5200   2.177   1.616   0.094   0.050 0.31694 NKM260
     6622.52  1.5100   2.170   1.610   0.093   0.050 0.31575 NKM260
     6666.67  1.5000   2.162   1.604   0.093   0.049 0.31441 NKM260
     6711.41  1.4900   2.155   1.596   0.092   0.049 0.31296 NKM260
     6756.76  1.4800   2.149   1.590   0.092   0.049 0.31159 NKM260
     6802.72  1.4700   2.143   1.583   0.092   0.048 0.31025 NKM260
     6849.32  1.4600   2.137   1.576   0.091   0.048 0.30890 NKM260
     6896.55  1.4500   2.131   1.570   0.091   0.048 0.30758 NKM260
     6944.44  1.4400   2.124   1.564   0.091   0.047 0.30625 NKM260
     6993.01  1.4300   2.117   1.557   0.090   0.047 0.30484 NKM260
     7042.25  1.4200   2.112   1.550   0.090   0.047 0.30346 NKM260
     7092.20  1.4100   2.105   1.544   0.089   0.047 0.30214 NKM260
     7142.86  1.4000   2.099   1.537   0.089   0.046 0.30076 NKM260
     7194.24  1.3900   2.093   1.531   0.089   0.046 0.29945 NKM260
     7246.38  1.3800   2.086   1.524   0.088   0.046 0.29800 NKM260
     7299.27  1.3700   2.079   1.517   0.088   0.045 0.29655 NKM260
     7352.94  1.3600   2.073   1.510   0.088   0.045 0.29514 NKM260
     7407.41  1.3500   2.067   1.503   0.087   0.045 0.29367 NKM260
     7462.69  1.3400   2.060   1.497   0.087   0.045 0.29227 NKM260
     7518.80  1.3300   2.053   1.490   0.086   0.044 0.29087 NKM260
     7575.76  1.3200   2.046   1.483   0.086   0.044 0.28925 NKM260
     7633.59  1.3100   2.040   1.475   0.086   0.044 0.28765 NKM260
     7692.31  1.3000   2.033   1.467   0.085   0.044 0.28605 NKM260
     7751.94  1.2900   2.026   1.460   0.085   0.043 0.28438 NKM260
     7812.50  1.2800   2.021   1.452   0.084   0.043 0.28280 NKM260
     7874.02  1.2700   2.015   1.445   0.084   0.043 0.28131 NKM260
     7936.51  1.2600   2.008   1.437   0.084   0.042 0.27968 NKM260
     8000.00  1.2500   2.001   1.430   0.083   0.042 0.27804 NKM260
     8064.52  1.2400   1.995   1.422   0.083   0.042 0.27640 NKM260
     8130.08  1.2300   1.989   1.415   0.082   0.042 0.27477 NKM260
     8196.72  1.2200   1.982   1.406   0.082   0.041 0.27302 NKM260
     8264.46  1.2100   1.977   1.398   0.081   0.041 0.27120 NKM260
     8333.33  1.2000   1.970   1.392   0.081   0.041 0.26989 NKM260
     8403.36  1.1900   1.962   1.383   0.081   0.041 0.26801 NKM260
     8474.58  1.1800   1.957   1.375   0.080   0.040 0.26621 NKM260
     8547.01  1.1700   1.950   1.367   0.080   0.040 0.26441 NKM260
     8620.69  1.1600   1.944   1.358   0.079   0.040 0.26259 NKM260
     8695.65  1.1500   1.938   1.350   0.079   0.040 0.26079 NKM260
     8771.93  1.1400   1.932   1.342   0.078   0.040 0.25903 NKM260
     8849.56  1.1300   1.925   1.333   0.078   0.039 0.25709 NKM260
     8928.57  1.1200   1.920   1.323   0.077   0.039 0.25500 NKM260
     9009.01  1.1100   1.915   1.314   0.077   0.039 0.25311 NKM260
     9090.91  1.1000   1.910   1.306   0.076   0.039 0.25127 NKM260
     9174.31  1.0900   1.905   1.298   0.076   0.039 0.24952 NKM260
     9259.26  1.0800   1.899   1.290   0.075   0.038 0.24780 NKM260
     9345.79  1.0700   1.893   1.281   0.075   0.038 0.24587 NKM260
     9433.96  1.0600   1.888   1.272   0.074   0.038 0.24394 NKM260
     9523.81  1.0500   1.882   1.263   0.074   0.038 0.24206 NKM260
     9615.38  1.0400   1.877   1.255   0.073   0.038 0.24020 NKM260
     9708.74  1.0300   1.872   1.246   0.073   0.038 0.23825 NKM260
     9803.92  1.0200   1.867   1.238   0.073   0.037 0.23640 NKM260
     9900.99  1.0100   1.862   1.229   0.072   0.037 0.23454 NKM260
    10000.00  1.0000   1.857   1.221   0.072   0.037 0.23266 NKM260
    10101.01  0.9900   1.851   1.212   0.071   0.037 0.23077 NKM260
    10204.08  0.9800   1.846   1.204   0.071   0.037 0.22890 NKM260
    10309.28  0.9700   1.841   1.195   0.070   0.037 0.22698 NKM260
    10416.67  0.9600   1.836   1.186   0.070   0.036 0.22500 NKM260
    10526.32  0.9500   1.831   1.177   0.069   0.036 0.22301 NKM260
    10638.30  0.9400   1.826   1.168   0.069   0.036 0.22105 NKM260
    10752.69  0.9300   1.821   1.159   0.068   0.036 0.21905 NKM260
    10869.57  0.9200   1.817   1.150   0.068   0.036 0.21706 NKM260
    10989.01  0.9100   1.813   1.140   0.067   0.036 0.21505 NKM260
    11111.11  0.9000   1.809   1.131   0.067   0.036 0.21314 NKM260
    11235.96  0.8900   1.806   1.124   0.066   0.036 0.21148 NKM260
    11363.64  0.8800   1.801   1.116   0.066   0.035 0.20970 NKM260
    11494.25  0.8700   1.796   1.107   0.065   0.035 0.20771 NKM260
    11627.91  0.8600   1.793   1.098   0.065   0.035 0.20587 NKM260
    11764.71  0.8500   1.789   1.091   0.064   0.035 0.20417 NKM260
    11904.76  0.8400   1.785   1.083   0.064   0.035 0.20257 NKM260
    12048.19  0.8300   1.781   1.076   0.063   0.035 0.20090 NKM260
    12195.12  0.8200   1.776   1.068   0.063   0.035 0.19918 NKM260
    12345.68  0.8100   1.773   1.060   0.063   0.035 0.19732 NKM260
    12500.00  0.8000   1.768   1.055   0.062   0.034 0.19625 NKM260
    12658.23  0.7900   1.761   1.048   0.062   0.034 0.19444 NKM260
    12820.51  0.7800   1.755   1.040   0.061   0.034 0.19251 NKM260
    12987.01  0.7700   1.750   1.032   0.061   0.034 0.19061 NKM260
    13157.89  0.7600   1.744   1.023   0.060   0.034 0.18865 NKM260
    13333.33  0.7500   1.739   1.014   0.060   0.033 0.18661 NKM260
    13513.51  0.7400   1.734   1.006   0.059   0.033 0.18474 NKM260
    13698.63  0.7300   1.729   0.997   0.059   0.033 0.18282 NKM260
    13888.89  0.7200   1.724   0.989   0.058   0.033 0.18085 NKM260
    14084.51  0.7100   1.719   0.980   0.058   0.033 0.17890 NKM260
    14285.71  0.7000   1.714   0.972   0.057   0.033 0.17695 NKM260
    14492.75  0.6900   1.709   0.963   0.057   0.032 0.17503 NKM260
    14705.88  0.6800   1.704   0.954   0.056   0.032 0.17301 NKM260
    14925.37  0.6700   1.699   0.945   0.056   0.032 0.17084 NKM260
    15151.52  0.6600   1.696   0.935   0.055   0.032 0.16885 NKM260
    15384.62  0.6500   1.693   0.927   0.055   0.032 0.16708 NKM260
    15625.00  0.6400   1.689   0.920   0.054   0.032 0.16553 NKM260
    15873.02  0.6300   1.685   0.912   0.054   0.032 0.16368 NKM260
    16129.03  0.6200   1.681   0.904   0.054   0.031 0.16193 NKM260
    16393.44  0.6100   1.677   0.897   0.053   0.031 0.16027 NKM260
    16666.67  0.6000   1.673   0.889   0.053   0.031 0.15861 NKM260
    16949.15  0.5900   1.669   0.882   0.052   0.031 0.15696 NKM260
    17241.38  0.5800   1.664   0.875   0.052   0.031 0.15538 NKM260
    17543.86  0.5700   1.659   0.867   0.051   0.031 0.15355 NKM260
    17857.14  0.5600   1.656   0.860   0.051   0.031 0.15186 NKM260
    18181.82  0.5500   1.652   0.853   0.050   0.030 0.15035 NKM260
    18518.52  0.5400   1.647   0.846   0.050   0.030 0.14882 NKM260
    18867.92  0.5300   1.643   0.840   0.050   0.030 0.14735 NKM260
    19230.77  0.5200   1.638   0.834   0.049   0.030 0.14590 NKM260
    19607.84  0.5100   1.634   0.828   0.049   0.030 0.14442 NKM260
    20000.00  0.5000   1.629   0.822   0.049   0.030 0.14302 NKM260
    20408.16  0.4900   1.622   0.817   0.048   0.029 0.14158 NKM260
    20833.33  0.4800   1.616   0.810   0.048   0.029 0.13977 NKM260
    21276.60  0.4700   1.611   0.802   0.047   0.029 0.13792 NKM260
    21739.13  0.4600   1.606   0.795   0.047   0.029 0.13630 NKM260
    22222.22  0.4500   1.602   0.788   0.047   0.028 0.13475 NKM260
    22727.27  0.4400   1.599   0.781   0.046   0.028 0.13332 NKM260
    23255.81  0.4300   1.596   0.776   0.046   0.028 0.13209 NKM260
    23809.52  0.4200   1.593   0.772   0.046   0.028 0.13111 NKM260
    24390.24  0.4100   1.590   0.769   0.046   0.028 0.13047 NKM260
    25000.00  0.4000   1.585   0.768   0.045   0.028 0.12984 NKM260
    25641.03  0.3900   1.579   0.766   0.045   0.028 0.12900 NKM260
    26315.79  0.3800   1.574   0.762   0.045   0.027 0.12805 NKM260
    27027.03  0.3700   1.570   0.759   0.045   0.027 0.12722 NKM260
    27777.78  0.3600   1.569   0.758   0.045   0.027 0.12690 NKM260
    28571.43  0.3500   1.569   0.760   0.045   0.027 0.12736 NKM260
    29411.76  0.3400   1.570   0.771   0.046   0.027 0.12936 NKM260
    30303.03  0.3300   1.562   0.785   0.047   0.027 0.13159 NKM260
    31250.00  0.3200   1.554   0.796   0.047   0.026 0.13309 NKM260
    32258.06  0.3100   1.547   0.813   0.048   0.026 0.13621 NKM260
    33333.33  0.3000   1.535   0.840   0.050   0.025 0.14085 NKM260
    34482.76  0.2900   1.516   0.873   0.052   0.023 0.14686 NKM260
    35714.29  0.2800   1.485   0.916   0.055   0.021 0.15509 NKM260
    37037.04  0.2700   1.431   0.969   0.057   0.016 0.16623 NKM260
    38461.54  0.2600   1.336   1.019   0.062   0.020 0.17953 NKM260
    40000.00  0.2500   1.198   1.026   0.065   0.028 0.18797 NKM260
    41666.67  0.2400   1.067   0.969   0.062   0.033 0.18334 NKM260
    43478.26  0.2300   0.973   0.880   0.058   0.035 0.16866 NKM260
    45454.55  0.2200   0.905   0.784   0.053   0.035 0.14931 NKM260
    47619.05  0.2100   0.860   0.689   0.048   0.034 0.12808 NKM260
