From:	IO::"memilham@CRDEC-VAX4.ARPA" 15-JUN-1988 13:37
To:	HAL::DALTON
Subj:	Optical Constants:  Dixon HPN2 Graphite

Received: from CRDEC-VAX4.ARPA by ames-io.ARPA with INTERNET ;
          Wed, 15 Jun 88 10:30:58 PDT
Date:     Wed, 15 Jun 88 9:18:04 EDT
From:     "Merrill E. Milham" <memilham@CRDEC-VAX4.ARPA>
To:       dalton%hal@AMES-IO.ARPA
Subject:  Optical Constants:  Dixon HPN2 Graphite
Message-ID:  <8806150918.aa10328@CRDEC-VAX4.CRDEC-VAX4.ARPA>
 
DIXON HPN-2 GRAPHITE PELLET    M.R.QUERRY
        wn     wl        n       k       Dn      Dk      R
      (cm-1)  (um)
      180.00 55.5556  14.474  10.332   1.025   1.680 0.83375 NKHPN2
      190.00 52.6316  13.618  10.803   0.904   1.628 0.83609 NKHPN2
      200.00 50.0000  12.390  10.524   0.765   1.418 0.83013 NKHPN2
      210.00 47.6190  11.898  10.130   0.725   1.312 0.82409 NKHPN2
      220.00 45.4545  11.266   9.974   0.661   1.208 0.82074 NKHPN2
      230.00 43.4783  10.952   9.451   0.648   1.126 0.81241 NKHPN2
      240.00 41.6667  10.813   9.559   0.629   1.114 0.81378 NKHPN2
      250.00 40.0000  10.214   9.368   0.575   1.016 0.80976 NKHPN2
      260.00 38.4615   9.984   9.171   0.560   0.972 0.80609 NKHPN2
      270.00 37.0370   9.586   9.100   0.524   0.912 0.80437 NKHPN2
      280.00 35.7143   9.225   8.868   0.499   0.850 0.79972 NKHPN2
      290.00 34.4828   8.969   8.664   0.483   0.805 0.79553 NKHPN2
      300.00 33.3333   8.682   8.482   0.463   0.758 0.79160 NKHPN2
      310.00 32.2581   8.425   8.269   0.448   0.715 0.78686 NKHPN2
      320.00 31.2500   8.224   8.052   0.437   0.681 0.78183 NKHPN2
      330.00 30.3030   8.035   7.891   0.426   0.651 0.77792 NKHPN2
      340.00 29.4118   7.830   7.675   0.415   0.617 0.77247 NKHPN2
      350.00 28.5714   7.709   7.462   0.411   0.596 0.76688 NKHPN2
      360.00 27.7778   7.602   7.307   0.406   0.578 0.76264 NKHPN2
      370.00 27.0270   7.469   7.165   0.399   0.558 0.75858 NKHPN2
      380.00 26.3158   7.363   7.023   0.393   0.541 0.75442 NKHPN2
      390.00 25.6410   7.247   6.890   0.387   0.524 0.75040 NKHPN2
      400.00 25.0000   7.154   6.755   0.382   0.510 0.74619 NKHPN2
      410.00 24.3902   7.053   6.645   0.377   0.495 0.74263 NKHPN2
      420.00 23.8095   6.950   6.519   0.371   0.480 0.73844 NKHPN2
      430.00 23.2558   6.867   6.393   0.367   0.468 0.73417 NKHPN2
      440.00 22.7273   6.777   6.281   0.362   0.455 0.73021 NKHPN2
      450.00 22.2222   6.686   6.149   0.357   0.443 0.72547 NKHPN2
      460.00 21.7391   6.629   6.020   0.354   0.434 0.72077 NKHPN2
      470.00 21.2766   6.582   5.922   0.351   0.427 0.71708 NKHPN2
      480.00 20.8333   6.511   5.823   0.347   0.417 0.71321 NKHPN2
      490.00 20.4082   6.460   5.702   0.344   0.409 0.70848 NKHPN2
      500.00 20.0000   6.438   5.606   0.342   0.405 0.70476 NKHPN2
      510.00 19.6078   6.398   5.524   0.340   0.399 0.70141 NKHPN2
      520.00 19.2308   6.367   5.434   0.337   0.394 0.69771 NKHPN2
      530.00 18.8679   6.340   5.365   0.336   0.390 0.69483 NKHPN2
      540.00 18.5185   6.307   5.303   0.333   0.385 0.69214 NKHPN2
      550.00 18.1818   6.271   5.239   0.331   0.381 0.68933 NKHPN2
      560.00 17.8571   6.238   5.173   0.328   0.376 0.68644 NKHPN2
      570.00 17.5439   6.202   5.115   0.326   0.371 0.68374 NKHPN2
      580.00 17.2414   6.167   5.055   0.323   0.367 0.68101 NKHPN2
      590.00 16.9492   6.129   5.001   0.321   0.362 0.67841 NKHPN2
      600.00 16.6667   6.101   4.938   0.318   0.358 0.67551 NKHPN2
      610.00 16.3934   6.071   4.885   0.316   0.354 0.67295 NKHPN2
      620.00 16.1290   6.042   4.833   0.314   0.350 0.67043 NKHPN2
      630.00 15.8730   5.996   4.784   0.311   0.345 0.66783 NKHPN2
      640.00 15.6250   5.972   4.705   0.308   0.341 0.66411 NKHPN2
      650.00 15.3846   5.971   4.657   0.308   0.340 0.66194 NKHPN2
      660.00 15.1515   5.952   4.613   0.306   0.337 0.65975 NKHPN2
      670.00 14.9254   5.935   4.574   0.304   0.335 0.65780 NKHPN2
      680.00 14.7059   5.904   4.541   0.302   0.331 0.65597 NKHPN2
      690.00 14.4928   5.877   4.493   0.300   0.328 0.65343 NKHPN2
      700.00 14.2857   5.863   4.445   0.299   0.326 0.65106 NKHPN2
      710.00 14.0845   5.850   4.404   0.297   0.323 0.64895 NKHPN2
      720.00 13.8889   5.839   4.368   0.296   0.322 0.64715 NKHPN2
      730.00 13.6986   5.825   4.336   0.295   0.320 0.64547 NKHPN2
      740.00 13.5135   5.808   4.308   0.293   0.318 0.64393 NKHPN2
      750.00 13.3333   5.791   4.277   0.292   0.315 0.64222 NKHPN2
      760.00 13.1579   5.777   4.250   0.290   0.314 0.64071 NKHPN2
      770.00 12.9870   5.761   4.225   0.289   0.312 0.63932 NKHPN2
      780.00 12.8205   5.738   4.198   0.287   0.309 0.63769 NKHPN2
      790.00 12.6582   5.726   4.168   0.286   0.308 0.63606 NKHPN2
      800.00 12.5000   5.706   4.153   0.285   0.306 0.63504 NKHPN2
      810.00 12.3457   5.677   4.124   0.283   0.303 0.63315 NKHPN2
      820.00 12.1951   5.661   4.088   0.281   0.300 0.63115 NKHPN2
      830.00 12.0482   5.652   4.062   0.280   0.299 0.62971 NKHPN2
      840.00 11.9048   5.638   4.037   0.279   0.297 0.62828 NKHPN2
      850.00 11.7647   5.627   4.015   0.278   0.296 0.62698 NKHPN2
      860.00 11.6279   5.616   4.009   0.277   0.295 0.62651 NKHPN2
      870.00 11.4943   5.571   3.979   0.274   0.291 0.62428 NKHPN2
      880.00 11.3636   5.572   3.934   0.273   0.290 0.62202 NKHPN2
      890.00 11.2360   5.561   3.927   0.273   0.289 0.62144 NKHPN2
      900.00 11.1111   5.549   3.903   0.271   0.287 0.62003 NKHPN2
      910.00 10.9890   5.540   3.882   0.270   0.286 0.61883 NKHPN2
      920.00 10.8696   5.532   3.865   0.270   0.285 0.61778 NKHPN2
      930.00 10.7527   5.523   3.855   0.269   0.284 0.61711 NKHPN2
      940.00 10.6383   5.506   3.842   0.268   0.282 0.61616 NKHPN2
      950.00 10.5263   5.489   3.825   0.267   0.281 0.61497 NKHPN2
      960.00 10.4167   5.474   3.809   0.266   0.279 0.61387 NKHPN2
      970.00 10.3093   5.458   3.790   0.264   0.277 0.61257 NKHPN2
      980.00 10.2041   5.458   3.776   0.264   0.277 0.61183 NKHPN2
      990.00 10.1010   5.440   3.774   0.263   0.276 0.61140 NKHPN2
     1000.00 10.0000   5.420   3.759   0.262   0.274 0.61026 NKHPN2
     1010.00  9.9010   5.401   3.744   0.261   0.272 0.60912 NKHPN2
     1020.00  9.8039   5.388   3.727   0.259   0.271 0.60794 NKHPN2
     1030.00  9.7087   5.374   3.712   0.258   0.269 0.60684 NKHPN2
     1040.00  9.6154   5.364   3.694   0.258   0.268 0.60572 NKHPN2
     1050.00  9.5238   5.353   3.686   0.257   0.267 0.60509 NKHPN2
     1060.00  9.4340   5.340   3.675   0.256   0.266 0.60422 NKHPN2
     1070.00  9.3458   5.325   3.665   0.255   0.265 0.60339 NKHPN2
     1080.00  9.2593   5.309   3.653   0.254   0.263 0.60241 NKHPN2
     1090.00  9.1743   5.296   3.641   0.253   0.262 0.60149 NKHPN2
     1100.00  9.0909   5.283   3.635   0.252   0.261 0.60093 NKHPN2
     1110.00  9.0090   5.260   3.620   0.251   0.259 0.59963 NKHPN2
     1120.00  8.9286   5.252   3.598   0.250   0.258 0.59824 NKHPN2
     1130.00  8.8496   5.246   3.590   0.249   0.257 0.59769 NKHPN2
     1140.00  8.7719   5.231   3.580   0.249   0.256 0.59683 NKHPN2
     1150.00  8.6957   5.222   3.571   0.248   0.255 0.59612 NKHPN2
     1160.00  8.6207   5.207   3.565   0.247   0.254 0.59547 NKHPN2
     1170.00  8.5470   5.194   3.552   0.246   0.253 0.59446 NKHPN2
     1180.00  8.4746   5.181   3.542   0.245   0.251 0.59364 NKHPN2
     1190.00  8.4034   5.170   3.536   0.245   0.251 0.59309 NKHPN2
     1200.00  8.3333   5.155   3.525   0.244   0.249 0.59216 NKHPN2
     1210.00  8.2645   5.144   3.515   0.243   0.248 0.59132 NKHPN2
     1220.00  8.1967   5.127   3.504   0.242   0.247 0.59037 NKHPN2
     1230.00  8.1301   5.120   3.489   0.241   0.246 0.58937 NKHPN2
     1240.00  8.0645   5.113   3.486   0.241   0.245 0.58901 NKHPN2
     1250.00  8.0000   5.094   3.479   0.240   0.244 0.58823 NKHPN2
     1260.00  7.9365   5.080   3.464   0.239   0.243 0.58702 NKHPN2
     1270.00  7.8740   5.073   3.453   0.238   0.242 0.58623 NKHPN2
     1280.00  7.8125   5.068   3.442   0.238   0.241 0.58550 NKHPN2
     1290.00  7.7519   5.058   3.440   0.237   0.241 0.58519 NKHPN2
     1300.00  7.6923   5.047   3.431   0.237   0.240 0.58441 NKHPN2
     1310.00  7.6336   5.039   3.425   0.236   0.239 0.58384 NKHPN2
     1320.00  7.5758   5.030   3.419   0.236   0.238 0.58331 NKHPN2
     1330.00  7.5188   5.020   3.414   0.235   0.237 0.58278 NKHPN2
     1340.00  7.4627   5.011   3.409   0.234   0.237 0.58231 NKHPN2
     1350.00  7.4074   4.998   3.407   0.234   0.236 0.58190 NKHPN2
     1360.00  7.3529   4.983   3.396   0.233   0.234 0.58091 NKHPN2
     1370.00  7.2993   4.978   3.392   0.233   0.234 0.58055 NKHPN2
     1380.00  7.2464   4.964   3.389   0.232   0.233 0.58005 NKHPN2
     1390.00  7.1942   4.955   3.380   0.231   0.232 0.57934 NKHPN2
     1400.00  7.1429   4.948   3.375   0.231   0.232 0.57888 NKHPN2
     1410.00  7.0922   4.934   3.376   0.230   0.231 0.57860 NKHPN2
     1420.00  7.0423   4.922   3.369   0.230   0.230 0.57793 NKHPN2
     1430.00  6.9930   4.911   3.365   0.229   0.229 0.57747 NKHPN2
     1440.00  6.9444   4.899   3.357   0.229   0.228 0.57664 NKHPN2
     1450.00  6.8966   4.889   3.351   0.228   0.227 0.57611 NKHPN2
     1460.00  6.8493   4.882   3.345   0.228   0.226 0.57557 NKHPN2
     1470.00  6.8027   4.873   3.345   0.227   0.226 0.57533 NKHPN2
     1480.00  6.7568   4.863   3.341   0.227   0.225 0.57492 NKHPN2
     1490.00  6.7114   4.850   3.339   0.226   0.224 0.57447 NKHPN2
     1500.00  6.6667   4.838   3.333   0.225   0.223 0.57382 NKHPN2
     1510.00  6.6225   4.831   3.330   0.225   0.223 0.57348 NKHPN2
     1520.00  6.5789   4.822   3.330   0.225   0.222 0.57331 NKHPN2
     1530.00  6.5359   4.812   3.327   0.224   0.221 0.57291 NKHPN2
     1540.00  6.4935   4.797   3.329   0.224   0.220 0.57269 NKHPN2
     1550.00  6.4516   4.780   3.322   0.223   0.219 0.57190 NKHPN2
     1560.00  6.4103   4.780   3.316   0.223   0.219 0.57152 NKHPN2
     1570.00  6.3694   4.777   3.323   0.223   0.219 0.57188 NKHPN2
     1580.00  6.3291   4.764   3.343   0.223   0.218 0.57290 NKHPN2
     1590.00  6.2893   4.713   3.347   0.221   0.215 0.57205 NKHPN2
     1600.00  6.2500   4.693   3.312   0.220   0.213 0.56933 NKHPN2
     1610.00  6.2112   4.691   3.301   0.219   0.213 0.56855 NKHPN2
     1620.00  6.1728   4.688   3.294   0.219   0.212 0.56806 NKHPN2
     1630.00  6.1350   4.679   3.293   0.218   0.212 0.56781 NKHPN2
     1640.00  6.0976   4.669   3.291   0.218   0.211 0.56745 NKHPN2
     1650.00  6.0606   4.657   3.288   0.217   0.210 0.56698 NKHPN2
     1660.00  6.0241   4.646   3.287   0.217   0.209 0.56666 NKHPN2
     1670.00  5.9880   4.634   3.284   0.217   0.208 0.56621 NKHPN2
     1680.00  5.9524   4.620   3.280   0.216   0.207 0.56565 NKHPN2
     1690.00  5.9172   4.608   3.275   0.215   0.206 0.56506 NKHPN2
     1700.00  5.8824   4.597   3.271   0.215   0.206 0.56458 NKHPN2
     1710.00  5.8480   4.585   3.268   0.214   0.205 0.56409 NKHPN2
     1720.00  5.8140   4.575   3.265   0.214   0.204 0.56367 NKHPN2
     1730.00  5.7803   4.565   3.266   0.214   0.203 0.56352 NKHPN2
     1740.00  5.7471   4.549   3.265   0.213   0.202 0.56311 NKHPN2
     1750.00  5.7143   4.536   3.254   0.212   0.201 0.56211 NKHPN2
     1760.00  5.6818   4.529   3.256   0.212   0.201 0.56210 NKHPN2
     1770.00  5.6497   4.512   3.255   0.211   0.199 0.56163 NKHPN2
     1780.00  5.6180   4.501   3.248   0.211   0.199 0.56094 NKHPN2
     1790.00  5.5866   4.490   3.244   0.210   0.198 0.56046 NKHPN2
     1800.00  5.5556   4.478   3.242   0.210   0.197 0.56001 NKHPN2
     1810.00  5.5249   4.465   3.239   0.209   0.196 0.55959 NKHPN2
     1820.00  5.4945   4.452   3.236   0.209   0.195 0.55906 NKHPN2
     1830.00  5.4645   4.441   3.234   0.208   0.194 0.55868 NKHPN2
     1840.00  5.4348   4.428   3.230   0.208   0.193 0.55818 NKHPN2
     1850.00  5.4054   4.414   3.228   0.207   0.192 0.55770 NKHPN2
     1860.00  5.3763   4.403   3.223   0.207   0.191 0.55717 NKHPN2
     1870.00  5.3476   4.389   3.220   0.206   0.190 0.55665 NKHPN2
     1880.00  5.3191   4.378   3.218   0.206   0.190 0.55626 NKHPN2
     1890.00  5.2910   4.362   3.214   0.205   0.188 0.55569 NKHPN2
     1900.00  5.2632   4.351   3.208   0.204   0.188 0.55504 NKHPN2
     1910.00  5.2356   4.340   3.208   0.204   0.187 0.55478 NKHPN2
     1920.00  5.2083   4.323   3.204   0.203   0.186 0.55418 NKHPN2
     1930.00  5.1813   4.311   3.200   0.203   0.185 0.55359 NKHPN2
     1940.00  5.1546   4.297   3.197   0.202   0.184 0.55312 NKHPN2
     1950.00  5.1282   4.284   3.194   0.202   0.183 0.55260 NKHPN2
     1960.00  5.1020   4.268   3.191   0.201   0.182 0.55210 NKHPN2
     1970.00  5.0761   4.252   3.186   0.200   0.180 0.55137 NKHPN2
     1980.00  5.0505   4.237   3.182   0.200   0.179 0.55081 NKHPN2
     1990.00  5.0251   4.211   3.179   0.199   0.177 0.55006 NKHPN2
     2000.00  5.0000   4.192   3.154   0.198   0.176 0.54778 NKHPN2
     2010.00  4.9751   4.192   3.142   0.197   0.176 0.54686 NKHPN2
     2020.00  4.9505   4.183   3.134   0.197   0.175 0.54609 NKHPN2
     2030.00  4.9261   4.177   3.125   0.196   0.175 0.54522 NKHPN2
     2040.00  4.9020   4.173   3.122   0.196   0.174 0.54493 NKHPN2
     2050.00  4.8780   4.158   3.124   0.195   0.173 0.54481 NKHPN2
     2060.00  4.8544   4.141   3.113   0.195   0.172 0.54357 NKHPN2
     2070.00  4.8309   4.137   3.103   0.194   0.172 0.54274 NKHPN2
     2080.00  4.8077   4.127   3.101   0.194   0.171 0.54236 NKHPN2
     2090.00  4.7847   4.118   3.095   0.193   0.170 0.54171 NKHPN2
     2100.00  4.7619   4.107   3.092   0.193   0.169 0.54126 NKHPN2
     2110.00  4.7393   4.092   3.083   0.192   0.168 0.54023 NKHPN2
     2120.00  4.7170   4.084   3.075   0.192   0.168 0.53945 NKHPN2
     2130.00  4.6948   4.075   3.072   0.191   0.167 0.53899 NKHPN2
     2140.00  4.6729   4.062   3.064   0.191   0.166 0.53812 NKHPN2
     2150.00  4.6512   4.053   3.056   0.190   0.165 0.53729 NKHPN2
     2160.00  4.6296   4.043   3.048   0.189   0.165 0.53646 NKHPN2
     2170.00  4.6083   4.034   3.041   0.189   0.164 0.53569 NKHPN2
     2180.00  4.5872   4.027   3.035   0.188   0.163 0.53507 NKHPN2
     2190.00  4.5662   4.018   3.030   0.188   0.163 0.53446 NKHPN2
     2200.00  4.5455   4.010   3.025   0.188   0.162 0.53389 NKHPN2
     2210.00  4.5249   3.999   3.020   0.187   0.161 0.53321 NKHPN2
     2220.00  4.5045   3.989   3.012   0.187   0.161 0.53237 NKHPN2
     2230.00  4.4843   3.981   3.006   0.186   0.160 0.53167 NKHPN2
     2240.00  4.4643   3.971   2.997   0.186   0.159 0.53076 NKHPN2
     2250.00  4.4444   3.965   2.989   0.185   0.159 0.52994 NKHPN2
     2260.00  4.4248   3.959   2.984   0.185   0.158 0.52938 NKHPN2
     2270.00  4.4053   3.951   2.978   0.184   0.158 0.52877 NKHPN2
     2280.00  4.3860   3.945   2.971   0.184   0.157 0.52802 NKHPN2
     2290.00  4.3668   3.940   2.969   0.184   0.157 0.52776 NKHPN2
     2300.00  4.3478   3.931   2.962   0.183   0.156 0.52695 NKHPN2
     2310.00  4.3290   3.931   2.957   0.183   0.156 0.52658 NKHPN2
     2320.00  4.3103   3.923   2.962   0.183   0.156 0.52681 NKHPN2
     2330.00  4.2918   3.906   2.962   0.182   0.155 0.52651 NKHPN2
     2340.00  4.2735   3.894   2.953   0.182   0.154 0.52546 NKHPN2
     2350.00  4.2553   3.889   2.948   0.181   0.153 0.52493 NKHPN2
     2360.00  4.2373   3.876   2.948   0.181   0.152 0.52462 NKHPN2
     2370.00  4.2194   3.858   2.940   0.180   0.151 0.52362 NKHPN2
     2380.00  4.2017   3.844   2.927   0.179   0.150 0.52217 NKHPN2
     2390.00  4.1841   3.842   2.910   0.179   0.150 0.52065 NKHPN2
     2400.00  4.1667   3.842   2.906   0.179   0.150 0.52032 NKHPN2
     2410.00  4.1494   3.832   2.900   0.178   0.149 0.51959 NKHPN2
     2420.00  4.1322   3.830   2.891   0.178   0.149 0.51875 NKHPN2
     2430.00  4.1152   3.826   2.891   0.178   0.149 0.51862 NKHPN2
     2440.00  4.0984   3.818   2.889   0.177   0.148 0.51831 NKHPN2
     2450.00  4.0816   3.810   2.881   0.177   0.148 0.51742 NKHPN2
     2460.00  4.0650   3.804   2.877   0.177   0.147 0.51698 NKHPN2
     2470.00  4.0486   3.794   2.873   0.176   0.146 0.51641 NKHPN2
     2480.00  4.0323   3.788   2.869   0.176   0.146 0.51588 NKHPN2
     2490.00  4.0161   3.778   2.862   0.175   0.145 0.51507 NKHPN2
     2500.00  4.0000   3.773   2.854   0.175   0.145 0.51424 NKHPN2
     2510.00  3.9841   3.769   2.850   0.175   0.145 0.51379 NKHPN2
     2520.00  3.9683   3.757   2.849   0.174   0.144 0.51349 NKHPN2
     2530.00  3.9526   3.747   2.838   0.174   0.143 0.51229 NKHPN2
     2540.00  3.9370   3.748   2.831   0.173   0.143 0.51163 NKHPN2
     2550.00  3.9216   3.743   2.829   0.173   0.143 0.51131 NKHPN2
     2560.00  3.9063   3.736   2.825   0.173   0.142 0.51080 NKHPN2
     2570.00  3.8911   3.729   2.820   0.173   0.142 0.51022 NKHPN2
     2580.00  3.8760   3.720   2.817   0.172   0.141 0.50971 NKHPN2
     2590.00  3.8610   3.714   2.810   0.172   0.141 0.50897 NKHPN2
     2600.00  3.8462   3.708   2.805   0.171   0.140 0.50842 NKHPN2
     2610.00  3.8314   3.702   2.799   0.171   0.140 0.50774 NKHPN2
     2620.00  3.8168   3.697   2.794   0.171   0.140 0.50716 NKHPN2
     2630.00  3.8023   3.689   2.791   0.170   0.139 0.50673 NKHPN2
     2640.00  3.7879   3.684   2.785   0.170   0.139 0.50598 NKHPN2
     2650.00  3.7736   3.678   2.782   0.170   0.138 0.50559 NKHPN2
     2660.00  3.7594   3.673   2.773   0.169   0.138 0.50462 NKHPN2
     2670.00  3.7453   3.670   2.774   0.169   0.138 0.50468 NKHPN2
     2680.00  3.7313   3.661   2.768   0.169   0.137 0.50395 NKHPN2
     2690.00  3.7175   3.656   2.766   0.169   0.137 0.50368 NKHPN2
     2700.00  3.7037   3.647   2.760   0.168   0.136 0.50292 NKHPN2
     2710.00  3.6900   3.642   2.757   0.168   0.136 0.50248 NKHPN2
     2720.00  3.6765   3.633   2.752   0.168   0.135 0.50181 NKHPN2
     2730.00  3.6630   3.629   2.743   0.167   0.135 0.50089 NKHPN2
     2740.00  3.6496   3.627   2.740   0.167   0.135 0.50058 NKHPN2
     2750.00  3.6364   3.620   2.739   0.167   0.134 0.50033 NKHPN2
     2760.00  3.6232   3.611   2.735   0.166   0.134 0.49968 NKHPN2
     2770.00  3.6101   3.605   2.730   0.166   0.133 0.49911 NKHPN2
     2780.00  3.5971   3.598   2.724   0.166   0.133 0.49834 NKHPN2
     2790.00  3.5842   3.595   2.717   0.165   0.133 0.49767 NKHPN2
     2800.00  3.5714   3.590   2.716   0.165   0.132 0.49739 NKHPN2
     2810.00  3.5587   3.584   2.711   0.165   0.132 0.49686 NKHPN2
     2820.00  3.5461   3.581   2.709   0.165   0.132 0.49649 NKHPN2
     2830.00  3.5336   3.573   2.704   0.164   0.131 0.49590 NKHPN2
     2840.00  3.5211   3.567   2.699   0.164   0.131 0.49527 NKHPN2
     2850.00  3.5088   3.562   2.695   0.164   0.130 0.49473 NKHPN2
     2860.00  3.4965   3.557   2.690   0.163   0.130 0.49418 NKHPN2
     2870.00  3.4843   3.552   2.687   0.163   0.130 0.49378 NKHPN2
     2880.00  3.4722   3.545   2.683   0.163   0.129 0.49326 NKHPN2
     2890.00  3.4602   3.542   2.678   0.163   0.129 0.49269 NKHPN2
     2900.00  3.4483   3.536   2.678   0.162   0.129 0.49252 NKHPN2
     2910.00  3.4364   3.527   2.676   0.162   0.128 0.49209 NKHPN2
     2920.00  3.4247   3.521   2.667   0.162   0.128 0.49111 NKHPN2
     2930.00  3.4130   3.519   2.662   0.161   0.127 0.49052 NKHPN2
     2940.00  3.4014   3.515   2.658   0.161   0.127 0.49007 NKHPN2
     2950.00  3.3898   3.508   2.658   0.161   0.127 0.48989 NKHPN2
     2960.00  3.3784   3.501   2.650   0.160   0.126 0.48897 NKHPN2
     2970.00  3.3670   3.500   2.648   0.160   0.126 0.48878 NKHPN2
     2980.00  3.3557   3.491   2.646   0.160   0.126 0.48832 NKHPN2
     2990.00  3.3445   3.487   2.640   0.160   0.125 0.48766 NKHPN2
     3000.00  3.3333   3.483   2.636   0.159   0.125 0.48713 NKHPN2
     3010.00  3.3223   3.481   2.638   0.160   0.125 0.48731 NKHPN2
     3020.00  3.3113   3.468   2.635   0.159   0.124 0.48677 NKHPN2
     3030.00  3.3003   3.464   2.627   0.159   0.124 0.48586 NKHPN2
     3040.00  3.2895   3.460   2.624   0.158   0.123 0.48546 NKHPN2
     3050.00  3.2787   3.453   2.622   0.158   0.123 0.48504 NKHPN2
     3060.00  3.2680   3.448   2.615   0.158   0.123 0.48419 NKHPN2
     3070.00  3.2573   3.443   2.613   0.158   0.122 0.48396 NKHPN2
     3080.00  3.2468   3.437   2.610   0.157   0.122 0.48342 NKHPN2
     3090.00  3.2362   3.430   2.604   0.157   0.122 0.48269 NKHPN2
     3100.00  3.2258   3.427   2.598   0.157   0.121 0.48199 NKHPN2
     3110.00  3.2154   3.424   2.594   0.156   0.121 0.48157 NKHPN2
     3120.00  3.2051   3.421   2.594   0.156   0.121 0.48144 NKHPN2
     3130.00  3.1949   3.412   2.592   0.156   0.120 0.48102 NKHPN2
     3140.00  3.1847   3.405   2.583   0.156   0.120 0.48000 NKHPN2
     3150.00  3.1746   3.404   2.581   0.156   0.120 0.47979 NKHPN2
     3160.00  3.1646   3.397   2.578   0.155   0.119 0.47932 NKHPN2
     3170.00  3.1546   3.393   2.573   0.155   0.119 0.47869 NKHPN2
     3180.00  3.1447   3.389   2.571   0.155   0.119 0.47838 NKHPN2
     3190.00  3.1348   3.382   2.571   0.155   0.118 0.47817 NKHPN2
     3200.00  3.1250   3.373   2.563   0.154   0.118 0.47722 NKHPN2
     3210.00  3.1153   3.370   2.556   0.154   0.118 0.47638 NKHPN2
     3220.00  3.1056   3.369   2.553   0.154   0.118 0.47604 NKHPN2
     3230.00  3.0960   3.366   2.553   0.154   0.117 0.47597 NKHPN2
     3240.00  3.0864   3.357   2.553   0.153   0.117 0.47570 NKHPN2
     3250.00  3.0769   3.350   2.543   0.153   0.116 0.47451 NKHPN2
     3260.00  3.0675   3.350   2.538   0.153   0.116 0.47406 NKHPN2
     3270.00  3.0581   3.344   2.539   0.153   0.116 0.47399 NKHPN2
     3280.00  3.0488   3.338   2.533   0.152   0.115 0.47319 NKHPN2
     3290.00  3.0395   3.335   2.531   0.152   0.115 0.47287 NKHPN2
     3300.00  3.0303   3.329   2.526   0.152   0.115 0.47222 NKHPN2
     3310.00  3.0211   3.326   2.524   0.152   0.115 0.47197 NKHPN2
     3320.00  3.0120   3.318   2.522   0.151   0.114 0.47154 NKHPN2
     3330.00  3.0030   3.313   2.514   0.151   0.114 0.47062 NKHPN2
     3340.00  2.9940   3.311   2.510   0.151   0.114 0.47011 NKHPN2
     3350.00  2.9851   3.306   2.509   0.150   0.113 0.46982 NKHPN2
     3360.00  2.9762   3.300   2.506   0.150   0.113 0.46939 NKHPN2
     3370.00  2.9674   3.294   2.503   0.150   0.113 0.46893 NKHPN2
     3380.00  2.9586   3.288   2.497   0.150   0.112 0.46818 NKHPN2
     3390.00  2.9499   3.285   2.491   0.149   0.112 0.46744 NKHPN2
     3400.00  2.9412   3.282   2.489   0.149   0.112 0.46709 NKHPN2
     3410.00  2.9326   3.276   2.484   0.149   0.112 0.46649 NKHPN2
     3420.00  2.9240   3.273   2.479   0.149   0.111 0.46583 NKHPN2
     3430.00  2.9155   3.270   2.476   0.148   0.111 0.46547 NKHPN2
     3440.00  2.9070   3.264   2.474   0.148   0.111 0.46514 NKHPN2
     3450.00  2.8986   3.261   2.469   0.148   0.111 0.46449 NKHPN2
     3460.00  2.8902   3.256   2.468   0.148   0.110 0.46423 NKHPN2
     3470.00  2.8818   3.252   2.462   0.147   0.110 0.46345 NKHPN2
     3480.00  2.8736   3.246   2.459   0.147   0.110 0.46303 NKHPN2
     3490.00  2.8653   3.243   2.453   0.147   0.109 0.46231 NKHPN2
     3500.00  2.8571   3.240   2.453   0.147   0.109 0.46215 NKHPN2
     3510.00  2.8490   3.235   2.447   0.146   0.109 0.46138 NKHPN2
     3520.00  2.8409   3.230   2.444   0.146   0.109 0.46094 NKHPN2
     3530.00  2.8329   3.225   2.438   0.146   0.108 0.46020 NKHPN2
     3540.00  2.8249   3.223   2.436   0.146   0.108 0.45988 NKHPN2
     3550.00  2.8169   3.216   2.430   0.145   0.108 0.45912 NKHPN2
     3560.00  2.8090   3.215   2.424   0.145   0.108 0.45837 NKHPN2
     3570.00  2.8011   3.213   2.424   0.145   0.108 0.45834 NKHPN2
     3580.00  2.7933   3.209   2.420   0.145   0.107 0.45775 NKHPN2
     3590.00  2.7855   3.208   2.415   0.145   0.107 0.45722 NKHPN2
     3600.00  2.7778   3.204   2.416   0.145   0.107 0.45723 NKHPN2
     3610.00  2.7701   3.196   2.414   0.144   0.106 0.45673 NKHPN2
     3620.00  2.7624   3.192   2.408   0.144   0.106 0.45601 NKHPN2
     3630.00  2.7548   3.188   2.403   0.144   0.106 0.45534 NKHPN2
     3640.00  2.7473   3.183   2.399   0.143   0.106 0.45480 NKHPN2
     3650.00  2.7397   3.182   2.393   0.143   0.106 0.45410 NKHPN2
     3660.00  2.7322   3.179   2.395   0.143   0.105 0.45418 NKHPN2
     3670.00  2.7248   3.173   2.386   0.143   0.105 0.45310 NKHPN2
     3680.00  2.7174   3.173   2.381   0.143   0.105 0.45254 NKHPN2
     3690.00  2.7100   3.171   2.381   0.143   0.105 0.45247 NKHPN2
     3700.00  2.7027   3.165   2.380   0.142   0.105 0.45214 NKHPN2
     3710.00  2.6954   3.161   2.374   0.142   0.104 0.45140 NKHPN2
     3720.00  2.6882   3.159   2.370   0.142   0.104 0.45087 NKHPN2
     3730.00  2.6810   3.154   2.368   0.142   0.104 0.45057 NKHPN2
     3740.00  2.6738   3.150   2.363   0.141   0.104 0.44983 NKHPN2
     3750.00  2.6667   3.149   2.359   0.141   0.104 0.44938 NKHPN2
     3760.00  2.6596   3.145   2.356   0.141   0.103 0.44888 NKHPN2
     3770.00  2.6525   3.144   2.351   0.141   0.103 0.44832 NKHPN2
     3780.00  2.6455   3.143   2.352   0.141   0.103 0.44846 NKHPN2
     3790.00  2.6385   3.136   2.349   0.140   0.103 0.44788 NKHPN2
     3800.00  2.6316   3.134   2.341   0.140   0.103 0.44694 NKHPN2
     3810.00  2.6247   3.133   2.342   0.140   0.103 0.44707 NKHPN2
     3820.00  2.6178   3.124   2.341   0.140   0.102 0.44669 NKHPN2
     3830.00  2.6110   3.122   2.333   0.140   0.102 0.44568 NKHPN2
     3840.00  2.6042   3.122   2.331   0.139   0.102 0.44541 NKHPN2
     3850.00  2.5974   3.119   2.331   0.139   0.102 0.44534 NKHPN2
     3860.00  2.5907   3.113   2.326   0.139   0.102 0.44462 NKHPN2
     3870.00  2.5840   3.112   2.322   0.139   0.101 0.44419 NKHPN2
     3880.00  2.5773   3.106   2.318   0.139   0.101 0.44354 NKHPN2
     3890.00  2.5707   3.106   2.314   0.138   0.101 0.44309 NKHPN2
     3900.00  2.5641   3.104   2.312   0.138   0.101 0.44281 NKHPN2
     3910.00  2.5575   3.100   2.311   0.138   0.101 0.44249 NKHPN2
     3920.00  2.5510   3.095   2.306   0.138   0.100 0.44187 NKHPN2
     3930.00  2.5445   3.095   2.302   0.138   0.100 0.44138 NKHPN2
     3940.00  2.5381   3.092   2.302   0.138   0.100 0.44125 NKHPN2
     3950.00  2.5316   3.088   2.297   0.137   0.100 0.44061 NKHPN2
     3960.00  2.5253   3.082   2.294   0.137   0.100 0.44008 NKHPN2
     3970.00  2.5189   3.083   2.288   0.137   0.100 0.43942 NKHPN2
     3980.00  2.5126   3.081   2.289   0.137   0.100 0.43948 NKHPN2
     3990.00  2.5063   3.077   2.285   0.137   0.099 0.43884 NKHPN2
     4000.00  2.5000   3.075   2.281   0.136   0.099 0.43837 NKHPN2
     4016.06  2.4900   3.072   2.277   0.136   0.099 0.43782 NKHPN2
     4032.26  2.4800   3.068   2.273   0.136   0.099 0.43721 NKHPN2
     4048.58  2.4700   3.063   2.269   0.136   0.099 0.43662 NKHPN2
     4065.04  2.4600   3.059   2.264   0.135   0.098 0.43593 NKHPN2
     4081.63  2.4500   3.055   2.260   0.135   0.098 0.43529 NKHPN2
     4098.36  2.4400   3.050   2.255   0.135   0.098 0.43464 NKHPN2
     4115.23  2.4300   3.046   2.251   0.135   0.098 0.43399 NKHPN2
     4132.23  2.4200   3.042   2.246   0.134   0.097 0.43334 NKHPN2
     4149.38  2.4100   3.038   2.242   0.134   0.097 0.43276 NKHPN2
     4166.67  2.4000   3.034   2.238   0.134   0.097 0.43215 NKHPN2
     4184.10  2.3900   3.030   2.235   0.134   0.097 0.43159 NKHPN2
     4201.68  2.3800   3.025   2.231   0.133   0.096 0.43102 NKHPN2
     4219.41  2.3700   3.020   2.226   0.133   0.096 0.43026 NKHPN2
     4237.29  2.3600   3.016   2.222   0.133   0.096 0.42963 NKHPN2
     4255.32  2.3500   3.011   2.217   0.133   0.096 0.42898 NKHPN2
     4273.50  2.3400   3.007   2.213   0.132   0.095 0.42834 NKHPN2
     4291.85  2.3300   3.003   2.209   0.132   0.095 0.42775 NKHPN2
     4310.34  2.3200   2.998   2.205   0.132   0.095 0.42711 NKHPN2
     4329.00  2.3100   2.994   2.200   0.132   0.095 0.42642 NKHPN2
     4347.83  2.3000   2.989   2.196   0.131   0.094 0.42577 NKHPN2
     4366.81  2.2900   2.985   2.192   0.131   0.094 0.42512 NKHPN2
     4385.96  2.2800   2.981   2.187   0.131   0.094 0.42447 NKHPN2
     4405.29  2.2700   2.977   2.184   0.131   0.094 0.42386 NKHPN2
     4424.78  2.2600   2.973   2.179   0.130   0.093 0.42314 NKHPN2
     4444.44  2.2500   2.970   2.175   0.130   0.093 0.42265 NKHPN2
     4464.29  2.2400   2.965   2.172   0.130   0.093 0.42215 NKHPN2
     4484.30  2.2300   2.960   2.169   0.130   0.093 0.42154 NKHPN2
     4504.50  2.2200   2.955   2.164   0.129   0.092 0.42089 NKHPN2
     4524.89  2.2100   2.951   2.161   0.129   0.092 0.42030 NKHPN2
     4545.45  2.2000   2.946   2.157   0.129   0.092 0.41967 NKHPN2
     4566.21  2.1900   2.942   2.152   0.129   0.092 0.41902 NKHPN2
     4587.16  2.1800   2.939   2.149   0.128   0.091 0.41850 NKHPN2
     4608.29  2.1700   2.934   2.146   0.128   0.091 0.41803 NKHPN2
     4629.63  2.1600   2.929   2.143   0.128   0.091 0.41743 NKHPN2
     4651.16  2.1500   2.925   2.139   0.128   0.091 0.41681 NKHPN2
     4672.90  2.1400   2.921   2.136   0.127   0.090 0.41628 NKHPN2
     4694.84  2.1300   2.916   2.133   0.127   0.090 0.41584 NKHPN2
     4716.98  2.1200   2.911   2.130   0.127   0.090 0.41529 NKHPN2
     4739.34  2.1100   2.906   2.127   0.127   0.089 0.41470 NKHPN2
     4761.90  2.1000   2.902   2.125   0.127   0.089 0.41432 NKHPN2
     4784.69  2.0900   2.896   2.123   0.126   0.089 0.41389 NKHPN2
     4807.69  2.0800   2.890   2.120   0.126   0.088 0.41332 NKHPN2
     4830.92  2.0700   2.884   2.116   0.126   0.088 0.41265 NKHPN2
     4854.37  2.0600   2.878   2.112   0.126   0.088 0.41206 NKHPN2
     4878.05  2.0500   2.873   2.110   0.126   0.087 0.41155 NKHPN2
     4901.96  2.0400   2.866   2.106   0.125   0.087 0.41092 NKHPN2
     4926.11  2.0300   2.860   2.102   0.125   0.087 0.41018 NKHPN2
     4950.50  2.0200   2.855   2.099   0.125   0.086 0.40965 NKHPN2
     4975.12  2.0100   2.847   2.096   0.124   0.086 0.40911 NKHPN2
     5000.00  2.0000   2.842   2.090   0.124   0.086 0.40806 NKHPN2
     5025.13  1.9900   2.839   2.088   0.124   0.085 0.40772 NKHPN2
     5050.51  1.9800   2.831   2.085   0.124   0.085 0.40716 NKHPN2
     5076.14  1.9700   2.825   2.081   0.123   0.085 0.40646 NKHPN2
     5102.04  1.9600   2.819   2.078   0.123   0.084 0.40582 NKHPN2
     5128.21  1.9500   2.812   2.074   0.123   0.084 0.40518 NKHPN2
     5154.64  1.9400   2.806   2.070   0.123   0.084 0.40444 NKHPN2
     5181.35  1.9300   2.800   2.066   0.122   0.083 0.40374 NKHPN2
     5208.33  1.9200   2.793   2.062   0.122   0.083 0.40306 NKHPN2
     5235.60  1.9100   2.788   2.058   0.122   0.082 0.40231 NKHPN2
     5263.16  1.9000   2.782   2.055   0.122   0.082 0.40168 NKHPN2
     5291.01  1.8900   2.776   2.051   0.121   0.082 0.40100 NKHPN2
     5319.15  1.8800   2.770   2.047   0.121   0.081 0.40033 NKHPN2
     5347.59  1.8700   2.765   2.043   0.121   0.081 0.39965 NKHPN2
     5376.34  1.8600   2.760   2.041   0.121   0.081 0.39922 NKHPN2
     5405.41  1.8500   2.753   2.040   0.120   0.081 0.39885 NKHPN2
     5434.78  1.8400   2.747   2.038   0.120   0.080 0.39840 NKHPN2
     5464.48  1.8300   2.740   2.036   0.120   0.080 0.39794 NKHPN2
     5494.51  1.8200   2.732   2.037   0.120   0.079 0.39787 NKHPN2
     5524.86  1.8100   2.719   2.036   0.120   0.078 0.39733 NKHPN2
     5555.56  1.8000   2.708   2.030   0.119   0.078 0.39629 NKHPN2
     5586.59  1.7900   2.697   2.025   0.119   0.077 0.39529 NKHPN2
     5617.98  1.7800   2.688   2.017   0.118   0.077 0.39385 NKHPN2
     5649.72  1.7700   2.681   2.010   0.118   0.076 0.39276 NKHPN2
     5681.82  1.7600   2.675   2.005   0.118   0.076 0.39193 NKHPN2
     5714.29  1.7500   2.666   2.001   0.117   0.075 0.39100 NKHPN2
     5747.13  1.7400   2.658   1.995   0.117   0.075 0.39005 NKHPN2
     5780.35  1.7300   2.650   1.990   0.117   0.074 0.38901 NKHPN2
     5813.95  1.7200   2.642   1.984   0.116   0.074 0.38800 NKHPN2
     5847.95  1.7100   2.635   1.978   0.116   0.074 0.38700 NKHPN2
     5882.35  1.7000   2.627   1.972   0.116   0.073 0.38595 NKHPN2
     5917.16  1.6900   2.620   1.967   0.115   0.073 0.38503 NKHPN2
     5952.38  1.6800   2.612   1.961   0.115   0.072 0.38396 NKHPN2
     5988.02  1.6700   2.605   1.956   0.114   0.072 0.38299 NKHPN2
     6024.10  1.6600   2.597   1.950   0.114   0.072 0.38196 NKHPN2
     6060.61  1.6500   2.590   1.945   0.114   0.071 0.38095 NKHPN2
     6097.56  1.6400   2.582   1.939   0.113   0.071 0.37995 NKHPN2
     6134.97  1.6300   2.575   1.934   0.113   0.070 0.37895 NKHPN2
     6172.84  1.6200   2.567   1.929   0.113   0.070 0.37795 NKHPN2
     6211.18  1.6100   2.559   1.923   0.112   0.069 0.37686 NKHPN2
     6250.00  1.6000   2.551   1.917   0.112   0.069 0.37581 NKHPN2
     6289.31  1.5900   2.543   1.911   0.112   0.069 0.37467 NKHPN2
     6329.11  1.5800   2.536   1.904   0.111   0.068 0.37343 NKHPN2
     6369.43  1.5700   2.530   1.899   0.111   0.068 0.37255 NKHPN2
     6410.26  1.5600   2.522   1.894   0.110   0.067 0.37160 NKHPN2
     6451.61  1.5500   2.513   1.889   0.110   0.067 0.37059 NKHPN2
     6493.51  1.5400   2.505   1.882   0.110   0.067 0.36933 NKHPN2
     6535.95  1.5300   2.498   1.876   0.109   0.066 0.36826 NKHPN2
     6578.95  1.5200   2.490   1.872   0.109   0.066 0.36740 NKHPN2
     6622.52  1.5100   2.481   1.866   0.109   0.065 0.36626 NKHPN2
     6666.67  1.5000   2.472   1.860   0.108   0.065 0.36511 NKHPN2
     6711.41  1.4900   2.463   1.854   0.108   0.064 0.36387 NKHPN2
     6756.76  1.4800   2.455   1.848   0.107   0.064 0.36270 NKHPN2
     6802.72  1.4700   2.445   1.841   0.107   0.063 0.36146 NKHPN2
     6849.32  1.4600   2.436   1.834   0.107   0.063 0.36007 NKHPN2
     6896.55  1.4500   2.428   1.827   0.106   0.062 0.35872 NKHPN2
     6944.44  1.4400   2.420   1.820   0.106   0.062 0.35738 NKHPN2
     6993.01  1.4300   2.411   1.812   0.105   0.062 0.35594 NKHPN2
     7042.25  1.4200   2.403   1.805   0.105   0.061 0.35463 NKHPN2
     7092.20  1.4100   2.395   1.797   0.104   0.061 0.35322 NKHPN2
     7142.86  1.4000   2.387   1.790   0.104   0.060 0.35180 NKHPN2
     7194.24  1.3900   2.379   1.783   0.104   0.060 0.35042 NKHPN2
     7246.38  1.3800   2.371   1.776   0.103   0.060 0.34909 NKHPN2
     7299.27  1.3700   2.363   1.768   0.103   0.059 0.34760 NKHPN2
     7352.94  1.3600   2.355   1.761   0.102   0.059 0.34632 NKHPN2
     7407.41  1.3500   2.347   1.754   0.102   0.058 0.34497 NKHPN2
     7462.69  1.3400   2.338   1.747   0.101   0.058 0.34351 NKHPN2
     7518.80  1.3300   2.329   1.739   0.101   0.057 0.34206 NKHPN2
     7575.76  1.3200   2.320   1.732   0.101   0.057 0.34054 NKHPN2
     7633.59  1.3100   2.312   1.724   0.100   0.057 0.33900 NKHPN2
     7692.31  1.3000   2.303   1.716   0.100   0.056 0.33750 NKHPN2
     7751.94  1.2900   2.294   1.707   0.099   0.056 0.33579 NKHPN2
     7812.50  1.2800   2.286   1.698   0.099   0.055 0.33411 NKHPN2
     7874.02  1.2700   2.277   1.690   0.098   0.055 0.33249 NKHPN2
     7936.51  1.2600   2.269   1.682   0.098   0.055 0.33083 NKHPN2
     8000.00  1.2500   2.260   1.673   0.097   0.054 0.32919 NKHPN2
     8064.52  1.2400   2.252   1.665   0.097   0.054 0.32751 NKHPN2
     8130.08  1.2300   2.242   1.656   0.096   0.053 0.32565 NKHPN2
     8196.72  1.2200   2.234   1.646   0.096   0.053 0.32374 NKHPN2
     8264.46  1.2100   2.225   1.637   0.095   0.053 0.32193 NKHPN2
     8333.33  1.2000   2.218   1.624   0.094   0.052 0.31950 NKHPN2
     8403.36  1.1900   2.214   1.616   0.094   0.052 0.31800 NKHPN2
     8474.58  1.1800   2.205   1.607   0.093   0.052 0.31632 NKHPN2
     8547.01  1.1700   2.197   1.598   0.093   0.051 0.31452 NKHPN2
     8620.69  1.1600   2.189   1.589   0.092   0.051 0.31272 NKHPN2
     8695.65  1.1500   2.182   1.580   0.092   0.051 0.31087 NKHPN2
     8771.93  1.1400   2.174   1.570   0.091   0.050 0.30894 NKHPN2
     8849.56  1.1300   2.166   1.560   0.091   0.050 0.30696 NKHPN2
     8928.57  1.1200   2.158   1.550   0.090   0.050 0.30492 NKHPN2
     9009.01  1.1100   2.152   1.540   0.090   0.050 0.30288 NKHPN2
     9090.91  1.1000   2.145   1.530   0.089   0.049 0.30098 NKHPN2
     9174.31  1.0900   2.138   1.520   0.089   0.049 0.29901 NKHPN2
     9259.26  1.0800   2.132   1.511   0.088   0.049 0.29714 NKHPN2
     9345.79  1.0700   2.124   1.502   0.088   0.048 0.29525 NKHPN2
     9433.96  1.0600   2.116   1.491   0.087   0.048 0.29312 NKHPN2
     9523.81  1.0500   2.110   1.481   0.087   0.048 0.29111 NKHPN2
     9615.38  1.0400   2.103   1.472   0.086   0.048 0.28913 NKHPN2
     9708.74  1.0300   2.096   1.461   0.085   0.047 0.28696 NKHPN2
     9803.92  1.0200   2.090   1.450   0.085   0.047 0.28480 NKHPN2
     9900.99  1.0100   2.084   1.440   0.084   0.047 0.28272 NKHPN2
    10000.00  1.0000   2.078   1.430   0.084   0.047 0.28074 NKHPN2
    10101.01  0.9900   2.073   1.420   0.083   0.047 0.27869 NKHPN2
    10204.08  0.9800   2.067   1.411   0.083   0.046 0.27684 NKHPN2
    10309.28  0.9700   2.061   1.401   0.082   0.046 0.27487 NKHPN2
    10416.67  0.9600   2.055   1.392   0.082   0.046 0.27301 NKHPN2
    10526.32  0.9500   2.048   1.383   0.081   0.046 0.27105 NKHPN2
    10638.30  0.9400   2.042   1.373   0.081   0.045 0.26904 NKHPN2
    10752.69  0.9300   2.035   1.363   0.080   0.045 0.26702 NKHPN2
    10869.57  0.9200   2.029   1.353   0.079   0.045 0.26495 NKHPN2
    10989.01  0.9100   2.023   1.344   0.079   0.045 0.26295 NKHPN2
    11111.11  0.9000   2.017   1.333   0.078   0.045 0.26070 NKHPN2
    11235.96  0.8900   2.012   1.324   0.078   0.044 0.25879 NKHPN2
    11363.64  0.8800   2.006   1.314   0.077   0.044 0.25682 NKHPN2
    11494.25  0.8700   2.001   1.305   0.077   0.044 0.25479 NKHPN2
    11627.91  0.8600   1.995   1.297   0.076   0.044 0.25306 NKHPN2
    11764.71  0.8500   1.987   1.287   0.076   0.043 0.25099 NKHPN2
    11904.76  0.8400   1.980   1.276   0.075   0.043 0.24871 NKHPN2
    12048.19  0.8300   1.974   1.266   0.075   0.043 0.24657 NKHPN2
    12195.12  0.8200   1.969   1.256   0.074   0.043 0.24430 NKHPN2
    12345.68  0.8100   1.964   1.246   0.073   0.043 0.24226 NKHPN2
    12500.00  0.8000   1.960   1.239   0.073   0.043 0.24077 NKHPN2
    12658.23  0.7900   1.952   1.230   0.073   0.042 0.23884 NKHPN2
    12820.51  0.7800   1.945   1.219   0.072   0.042 0.23650 NKHPN2
    12987.01  0.7700   1.939   1.210   0.071   0.042 0.23445 NKHPN2
    13157.89  0.7600   1.932   1.201   0.071   0.041 0.23238 NKHPN2
    13333.33  0.7500   1.926   1.190   0.070   0.041 0.23010 NKHPN2
    13513.51  0.7400   1.921   1.180   0.070   0.041 0.22806 NKHPN2
    13698.63  0.7300   1.915   1.171   0.069   0.041 0.22595 NKHPN2
    13888.89  0.7200   1.909   1.161   0.069   0.041 0.22387 NKHPN2
    14084.51  0.7100   1.902   1.152   0.068   0.040 0.22176 NKHPN2
    14285.71  0.7000   1.895   1.142   0.067   0.040 0.21948 NKHPN2
    14492.75  0.6900   1.889   1.131   0.067   0.040 0.21719 NKHPN2
    14705.88  0.6800   1.884   1.120   0.066   0.040 0.21490 NKHPN2
    14925.37  0.6700   1.878   1.110   0.066   0.040 0.21259 NKHPN2
    15151.52  0.6600   1.874   1.099   0.065   0.039 0.21044 NKHPN2
    15384.62  0.6500   1.870   1.091   0.064   0.039 0.20867 NKHPN2
    15625.00  0.6400   1.864   1.083   0.064   0.039 0.20686 NKHPN2
    15873.02  0.6300   1.857   1.072   0.063   0.039 0.20447 NKHPN2
    16129.03  0.6200   1.852   1.062   0.063   0.039 0.20228 NKHPN2
    16393.44  0.6100   1.847   1.052   0.062   0.038 0.20017 NKHPN2
    16666.67  0.6000   1.842   1.043   0.062   0.038 0.19815 NKHPN2
    16949.15  0.5900   1.838   1.034   0.061   0.038 0.19622 NKHPN2
    17241.38  0.5800   1.833   1.025   0.061   0.038 0.19430 NKHPN2
    17543.86  0.5700   1.827   1.018   0.060   0.038 0.19255 NKHPN2
    17857.14  0.5600   1.821   1.008   0.060   0.037 0.19047 NKHPN2
    18181.82  0.5500   1.817   1.000   0.059   0.037 0.18863 NKHPN2
    18518.52  0.5400   1.812   0.992   0.059   0.037 0.18692 NKHPN2
    18867.92  0.5300   1.807   0.985   0.058   0.037 0.18519 NKHPN2
    19230.77  0.5200   1.801   0.977   0.058   0.037 0.18339 NKHPN2
    19607.84  0.5100   1.794   0.970   0.057   0.036 0.18158 NKHPN2
    20000.00  0.5000   1.788   0.962   0.057   0.036 0.17979 NKHPN2
    20408.16  0.4900   1.782   0.955   0.056   0.036 0.17806 NKHPN2
    20833.33  0.4800   1.775   0.947   0.056   0.036 0.17620 NKHPN2
    21276.60  0.4700   1.767   0.939   0.055   0.035 0.17409 NKHPN2
    21739.13  0.4600   1.761   0.929   0.055   0.035 0.17185 NKHPN2
    22222.22  0.4500   1.756   0.920   0.054   0.035 0.16988 NKHPN2
    22727.27  0.4400   1.752   0.912   0.054   0.035 0.16809 NKHPN2
    23255.81  0.4300   1.749   0.904   0.053   0.035 0.16652 NKHPN2
    23809.52  0.4200   1.746   0.898   0.053   0.034 0.16519 NKHPN2
    24390.24  0.4100   1.743   0.894   0.053   0.034 0.16424 NKHPN2
    25000.00  0.4000   1.739   0.892   0.053   0.034 0.16356 NKHPN2
    25641.03  0.3900   1.733   0.889   0.053   0.034 0.16270 NKHPN2
    26315.79  0.3800   1.727   0.886   0.052   0.034 0.16170 NKHPN2
    27027.03  0.3700   1.722   0.883   0.052   0.033 0.16070 NKHPN2
    27777.78  0.3600   1.720   0.880   0.052   0.033 0.16002 NKHPN2
    28571.43  0.3500   1.721   0.880   0.052   0.033 0.16022 NKHPN2
    29411.76  0.3400   1.724   0.890   0.053   0.033 0.16213 NKHPN2
    30303.03  0.3300   1.718   0.905   0.054   0.033 0.16458 NKHPN2
    31250.00  0.3200   1.710   0.917   0.054   0.033 0.16636 NKHPN2
    32258.06  0.3100   1.706   0.937   0.055   0.032 0.16976 NKHPN2
    33333.33  0.3000   1.697   0.968   0.057   0.032 0.17531 NKHPN2
    34482.76  0.2900   1.679   1.009   0.060   0.030 0.18251 NKHPN2
    35714.29  0.2800   1.646   1.061   0.062   0.028 0.19196 NKHPN2
    37037.04  0.2700   1.591   1.125   0.066   0.023 0.20449 NKHPN2
    38461.54  0.2600   1.490   1.195   0.070   0.022 0.22103 NKHPN2
    40000.00  0.2500   1.326   1.221   0.075   0.033 0.23388 NKHPN2
    41666.67  0.2400   1.162   1.162   0.072   0.039 0.23092 NKHPN2
    43478.26  0.2300   1.045   1.060   0.067   0.040 0.21486 NKHPN2
    45454.55  0.2200   0.962   0.952   0.061   0.040 0.19365 NKHPN2
    47619.05  0.2100   0.900   0.837   0.055   0.038 0.16726 NKHPN2
    50000.00  0.2000   0.840   0.723   0.050   0.037 0.14280 NKHPN2
