Darapskite optical constants from Roush, J. Geophys.
Res., 101, 2215-2224, 1996.  Range of validity is given
as 5-17 micrometers
  wavelength  calc. ref.  real index  imag. index
 2.5002E+00  2.6563E-02  1.3876E+00   5.8518E-05
 2.5014E+00  2.6562E-02  1.3875E+00   5.8616E-05
 2.5026E+00  2.6560E-02  1.3875E+00   5.8714E-05
 2.5038E+00  2.6559E-02  1.3875E+00   5.8813E-05
 2.5051E+00  2.6558E-02  1.3875E+00   5.8911E-05
 2.5063E+00  2.6557E-02  1.3875E+00   5.9010E-05
 2.5075E+00  2.6555E-02  1.3875E+00   5.9109E-05
 2.5087E+00  2.6554E-02  1.3875E+00   5.9208E-05
 2.5099E+00  2.6553E-02  1.3875E+00   5.9308E-05
 2.5111E+00  2.6552E-02  1.3875E+00   5.9407E-05
 2.5123E+00  2.6551E-02  1.3875E+00   5.9508E-05
 2.5136E+00  2.6549E-02  1.3874E+00   5.9608E-05
 2.5148E+00  2.6548E-02  1.3874E+00   5.9709E-05
 2.5160E+00  2.6547E-02  1.3874E+00   5.9809E-05
 2.5172E+00  2.6546E-02  1.3874E+00   5.9910E-05
 2.5184E+00  2.6544E-02  1.3874E+00   6.0011E-05
 2.5197E+00  2.6543E-02  1.3874E+00   6.0113E-05
 2.5209E+00  2.6542E-02  1.3874E+00   6.0214E-05
 2.5221E+00  2.6541E-02  1.3874E+00   6.0316E-05
 2.5234E+00  2.6539E-02  1.3874E+00   6.0419E-05
 2.5246E+00  2.6538E-02  1.3873E+00   6.0520E-05
 2.5258E+00  2.6537E-02  1.3873E+00   6.0623E-05
 2.5270E+00  2.6536E-02  1.3873E+00   6.0726E-05
 2.5283E+00  2.6534E-02  1.3873E+00   6.0829E-05
 2.5295E+00  2.6533E-02  1.3873E+00   6.0932E-05
 2.5307E+00  2.6532E-02  1.3873E+00   6.1036E-05
 2.5320E+00  2.6531E-02  1.3873E+00   6.1140E-05
 2.5332E+00  2.6529E-02  1.3873E+00   6.1243E-05
 2.5344E+00  2.6528E-02  1.3873E+00   6.1347E-05
 2.5357E+00  2.6527E-02  1.3872E+00   6.1452E-05
 2.5369E+00  2.6526E-02  1.3872E+00   6.1557E-05
 2.5382E+00  2.6524E-02  1.3872E+00   6.1662E-05
 2.5394E+00  2.6523E-02  1.3872E+00   6.1767E-05
 2.5406E+00  2.6522E-02  1.3872E+00   6.1873E-05
 2.5419E+00  2.6520E-02  1.3872E+00   6.1979E-05
 2.5431E+00  2.6519E-02  1.3872E+00   6.2084E-05
 2.5444E+00  2.6518E-02  1.3872E+00   6.2191E-05
 2.5456E+00  2.6517E-02  1.3872E+00   6.2297E-05
 2.5469E+00  2.6515E-02  1.3871E+00   6.2404E-05
 2.5481E+00  2.6514E-02  1.3871E+00   6.2511E-05
 2.5494E+00  2.6513E-02  1.3871E+00   6.2618E-05
 2.5507E+00  2.6511E-02  1.3871E+00   6.2726E-05
 2.5519E+00  2.6510E-02  1.3871E+00   6.2834E-05
 2.5532E+00  2.6509E-02  1.3871E+00   6.2941E-05
 2.5544E+00  2.6508E-02  1.3871E+00   6.3050E-05
 2.5557E+00  2.6506E-02  1.3871E+00   6.3159E-05
 2.5569E+00  2.6505E-02  1.3871E+00   6.3267E-05
 2.5582E+00  2.6504E-02  1.3870E+00   6.3376E-05
 2.5595E+00  2.6502E-02  1.3870E+00   6.3485E-05
 2.5607E+00  2.6501E-02  1.3870E+00   6.3595E-05
 2.5620E+00  2.6500E-02  1.3870E+00   6.3705E-05
 2.5633E+00  2.6498E-02  1.3870E+00   6.3815E-05
 2.5645E+00  2.6497E-02  1.3870E+00   6.3925E-05
 2.5658E+00  2.6496E-02  1.3870E+00   6.4036E-05
 2.5671E+00  2.6494E-02  1.3870E+00   6.4146E-05
 2.5683E+00  2.6493E-02  1.3870E+00   6.4258E-05
 2.5696E+00  2.6492E-02  1.3869E+00   6.4370E-05
 2.5709E+00  2.6490E-02  1.3869E+00   6.4482E-05
 2.5722E+00  2.6489E-02  1.3869E+00   6.4593E-05
 2.5734E+00  2.6488E-02  1.3869E+00   6.4705E-05
 2.5747E+00  2.6486E-02  1.3869E+00   6.4818E-05
 2.5760E+00  2.6485E-02  1.3869E+00   6.4930E-05
 2.5773E+00  2.6484E-02  1.3869E+00   6.5043E-05
 2.5786E+00  2.6482E-02  1.3869E+00   6.5157E-05
 2.5798E+00  2.6481E-02  1.3868E+00   6.5271E-05
 2.5811E+00  2.6480E-02  1.3868E+00   6.5384E-05
 2.5824E+00  2.6478E-02  1.3868E+00   6.5498E-05
 2.5837E+00  2.6477E-02  1.3868E+00   6.5613E-05
 2.5850E+00  2.6476E-02  1.3868E+00   6.5727E-05
 2.5863E+00  2.6474E-02  1.3868E+00   6.5842E-05
 2.5876E+00  2.6473E-02  1.3868E+00   6.5958E-05
 2.5889E+00  2.6472E-02  1.3868E+00   6.6074E-05
 2.5901E+00  2.6470E-02  1.3868E+00   6.6188E-05
 2.5914E+00  2.6469E-02  1.3867E+00   6.6305E-05
 2.5927E+00  2.6468E-02  1.3867E+00   6.6422E-05
 2.5940E+00  2.6466E-02  1.3867E+00   6.6538E-05
 2.5953E+00  2.6465E-02  1.3867E+00   6.6655E-05
 2.5966E+00  2.6463E-02  1.3867E+00   6.6772E-05
 2.5979E+00  2.6462E-02  1.3867E+00   6.6889E-05
 2.5992E+00  2.6461E-02  1.3867E+00   6.7007E-05
 2.6005E+00  2.6459E-02  1.3867E+00   6.7126E-05
 2.6018E+00  2.6458E-02  1.3866E+00   6.7244E-05
 2.6031E+00  2.6456E-02  1.3866E+00   6.7363E-05
 2.6045E+00  2.6455E-02  1.3866E+00   6.7482E-05
 2.6058E+00  2.6454E-02  1.3866E+00   6.7601E-05
 2.6071E+00  2.6452E-02  1.3866E+00   6.7720E-05
 2.6084E+00  2.6451E-02  1.3866E+00   6.7839E-05
 2.6097E+00  2.6450E-02  1.3866E+00   6.7960E-05
 2.6110E+00  2.6448E-02  1.3866E+00   6.8080E-05
 2.6123E+00  2.6447E-02  1.3865E+00   6.8201E-05
 2.6136E+00  2.6445E-02  1.3865E+00   6.8322E-05
 2.6150E+00  2.6444E-02  1.3865E+00   6.8444E-05
 2.6163E+00  2.6442E-02  1.3865E+00   6.8564E-05
 2.6176E+00  2.6441E-02  1.3865E+00   6.8686E-05
 2.6189E+00  2.6440E-02  1.3865E+00   6.8809E-05
 2.6202E+00  2.6438E-02  1.3865E+00   6.8931E-05
 2.6216E+00  2.6437E-02  1.3865E+00   6.9055E-05
 2.6229E+00  2.6435E-02  1.3864E+00   6.9177E-05
 2.6242E+00  2.6434E-02  1.3864E+00   6.9300E-05
 2.6256E+00  2.6433E-02  1.3864E+00   6.9424E-05
 2.6269E+00  2.6431E-02  1.3864E+00   6.9548E-05
 2.6282E+00  2.6430E-02  1.3864E+00   6.9673E-05
 2.6296E+00  2.6428E-02  1.3864E+00   6.9797E-05
 2.6309E+00  2.6427E-02  1.3864E+00   6.9922E-05
 2.6322E+00  2.6425E-02  1.3864E+00   7.0047E-05
 2.6336E+00  2.6424E-02  1.3863E+00   7.0172E-05
 2.6349E+00  2.6422E-02  1.3863E+00   7.0298E-05
 2.6362E+00  2.6421E-02  1.3863E+00   7.0424E-05
 2.6376E+00  2.6420E-02  1.3863E+00   7.0551E-05
 2.6389E+00  2.6418E-02  1.3863E+00   7.0678E-05
 2.6403E+00  2.6417E-02  1.3863E+00   7.0805E-05
 2.6416E+00  2.6415E-02  1.3863E+00   7.0932E-05
 2.6429E+00  2.6414E-02  1.3863E+00   7.1060E-05
 2.6443E+00  2.6412E-02  1.3862E+00   7.1188E-05
 2.6456E+00  2.6411E-02  1.3862E+00   7.1316E-05
 2.6470E+00  2.6409E-02  1.3862E+00   7.1445E-05
 2.6484E+00  2.6408E-02  1.3862E+00   7.1574E-05
 2.6497E+00  2.6406E-02  1.3862E+00   7.1704E-05
 2.6511E+00  2.6405E-02  1.3862E+00   7.1833E-05
 2.6524E+00  2.6403E-02  1.3862E+00   7.1962E-05
 2.6538E+00  2.6402E-02  1.3862E+00   7.2093E-05
 2.6551E+00  2.6400E-02  1.3861E+00   7.2224E-05
 2.6565E+00  2.6399E-02  1.3861E+00   7.2355E-05
 2.6579E+00  2.6397E-02  1.3861E+00   7.2487E-05
 2.6592E+00  2.6396E-02  1.3861E+00   7.2617E-05
 2.6606E+00  2.6395E-02  1.3861E+00   7.2749E-05
 2.6620E+00  2.6393E-02  1.3861E+00   7.2882E-05
 2.6633E+00  2.6392E-02  1.3861E+00   7.3014E-05
 2.6647E+00  2.6390E-02  1.3860E+00   7.3147E-05
 2.6661E+00  2.6388E-02  1.3860E+00   7.3281E-05
 2.6674E+00  2.6387E-02  1.3860E+00   7.3415E-05
 2.6688E+00  2.6385E-02  1.3860E+00   7.3547E-05
 2.6702E+00  2.6384E-02  1.3860E+00   7.3682E-05
 2.6715E+00  2.6382E-02  1.3860E+00   7.3817E-05
 2.6729E+00  2.6381E-02  1.3860E+00   7.3952E-05
 2.6743E+00  2.6379E-02  1.3860E+00   7.4087E-05
 2.6757E+00  2.6378E-02  1.3859E+00   7.4224E-05
 2.6771E+00  2.6376E-02  1.3859E+00   7.4359E-05
 2.6784E+00  2.6375E-02  1.3859E+00   7.4495E-05
 2.6798E+00  2.6373E-02  1.3859E+00   7.4632E-05
 2.6812E+00  2.6372E-02  1.3859E+00   7.4769E-05
 2.6826E+00  2.6370E-02  1.3859E+00   7.4907E-05
 2.6840E+00  2.6369E-02  1.3859E+00   7.5044E-05
 2.6854E+00  2.6367E-02  1.3858E+00   7.5183E-05
 2.6868E+00  2.6366E-02  1.3858E+00   7.5320E-05
 2.6882E+00  2.6364E-02  1.3858E+00   7.5459E-05
 2.6896E+00  2.6362E-02  1.3858E+00   7.5598E-05
 2.6910E+00  2.6361E-02  1.3858E+00   7.5738E-05
 2.6924E+00  2.6359E-02  1.3858E+00   7.5878E-05
 2.6938E+00  2.6358E-02  1.3858E+00   7.6019E-05
 2.6951E+00  2.6356E-02  1.3858E+00   7.6158E-05
 2.6965E+00  2.6355E-02  1.3857E+00   7.6299E-05
 2.6980E+00  2.6353E-02  1.3857E+00   7.6441E-05
 2.6994E+00  2.6352E-02  1.3857E+00   7.6582E-05
 2.7008E+00  2.6350E-02  1.3857E+00   7.6725E-05
 2.7022E+00  2.6348E-02  1.3857E+00   7.6867E-05
 2.7036E+00  2.6347E-02  1.3857E+00   7.7010E-05
 2.7050E+00  2.6345E-02  1.3857E+00   7.7152E-05
 2.7064E+00  2.6344E-02  1.3856E+00   7.7296E-05
 2.7078E+00  2.6342E-02  1.3856E+00   7.7440E-05
 2.7092E+00  2.6340E-02  1.3856E+00   7.7584E-05
 2.7106E+00  2.6339E-02  1.3856E+00   7.7729E-05
 2.7121E+00  2.6337E-02  1.3856E+00   7.7874E-05
 2.7135E+00  2.6336E-02  1.3856E+00   7.8018E-05
 2.7149E+00  2.6334E-02  1.3856E+00   7.8165E-05
 2.7163E+00  2.6332E-02  1.3855E+00   7.8311E-05
 2.7178E+00  2.6331E-02  1.3855E+00   7.8457E-05
 2.7192E+00  2.6329E-02  1.3855E+00   7.8604E-05
 2.7206E+00  2.6328E-02  1.3855E+00   7.8752E-05
 2.7220E+00  2.6326E-02  1.3855E+00   7.8900E-05
 2.7235E+00  2.6324E-02  1.3855E+00   7.9047E-05
 2.7249E+00  2.6323E-02  1.3855E+00   7.9195E-05
 2.7263E+00  2.6321E-02  1.3854E+00   7.9345E-05
 2.7278E+00  2.6320E-02  1.3854E+00   7.9493E-05
 2.7292E+00  2.6318E-02  1.3854E+00   7.9643E-05
 2.7306E+00  2.6316E-02  1.3854E+00   7.9794E-05
 2.7321E+00  2.6315E-02  1.3854E+00   7.9943E-05
 2.7335E+00  2.6313E-02  1.3854E+00   8.0094E-05
 2.7349E+00  2.6311E-02  1.3854E+00   8.0245E-05
 2.7364E+00  2.6310E-02  1.3853E+00   8.0397E-05
 2.7378E+00  2.6308E-02  1.3853E+00   8.0548E-05
 2.7393E+00  2.6306E-02  1.3853E+00   8.0701E-05
 2.7407E+00  2.6305E-02  1.3853E+00   8.0854E-05
 2.7422E+00  2.6303E-02  1.3853E+00   8.1006E-05
 2.7436E+00  2.6301E-02  1.3853E+00   8.1159E-05
 2.7451E+00  2.6300E-02  1.3853E+00   8.1314E-05
 2.7465E+00  2.6298E-02  1.3852E+00   8.1468E-05
 2.7480E+00  2.6296E-02  1.3852E+00   8.1623E-05
 2.7495E+00  2.6295E-02  1.3852E+00   8.1779E-05
 2.7509E+00  2.6293E-02  1.3852E+00   8.1933E-05
 2.7524E+00  2.6291E-02  1.3852E+00   8.2089E-05
 2.7538E+00  2.6290E-02  1.3852E+00   8.2245E-05
 2.7553E+00  2.6288E-02  1.3852E+00   8.2403E-05
 2.7568E+00  2.6286E-02  1.3851E+00   8.2561E-05
 2.7582E+00  2.6285E-02  1.3851E+00   8.2718E-05
 2.7597E+00  2.6283E-02  1.3851E+00   8.2876E-05
 2.7612E+00  2.6281E-02  1.3851E+00   8.3033E-05
 2.7626E+00  2.6279E-02  1.3851E+00   8.3193E-05
 2.7641E+00  2.6278E-02  1.3851E+00   8.3352E-05
 2.7656E+00  2.6276E-02  1.3851E+00   8.3512E-05
 2.7671E+00  2.6274E-02  1.3850E+00   8.3672E-05
 2.7685E+00  2.6273E-02  1.3850E+00   8.3833E-05
 2.7700E+00  2.6271E-02  1.3850E+00   8.3993E-05
 2.7715E+00  2.6269E-02  1.3850E+00   8.4155E-05
 2.7730E+00  2.6267E-02  1.3850E+00   8.4317E-05
 2.7745E+00  2.6266E-02  1.3850E+00   8.4479E-05
 2.7759E+00  2.6264E-02  1.3849E+00   8.4642E-05
 2.7774E+00  2.6262E-02  1.3849E+00   8.4805E-05
 2.7789E+00  2.6261E-02  1.3849E+00   8.4969E-05
 2.7804E+00  2.6259E-02  1.3849E+00   8.5132E-05
 2.7819E+00  2.6257E-02  1.3849E+00   8.5296E-05
 2.7834E+00  2.6255E-02  1.3849E+00   8.5462E-05
 2.7849E+00  2.6254E-02  1.3849E+00   8.5627E-05
 2.7864E+00  2.6252E-02  1.3848E+00   8.5793E-05
 2.7879E+00  2.6250E-02  1.3848E+00   8.5959E-05
 2.7894E+00  2.6248E-02  1.3848E+00   8.6125E-05
 2.7909E+00  2.6247E-02  1.3848E+00   8.6293E-05
 2.7924E+00  2.6245E-02  1.3848E+00   8.6460E-05
 2.7939E+00  2.6243E-02  1.3848E+00   8.6629E-05
 2.7954E+00  2.6241E-02  1.3847E+00   8.6797E-05
 2.7969E+00  2.6239E-02  1.3847E+00   8.6966E-05
 2.7984E+00  2.6238E-02  1.3847E+00   8.7136E-05
 2.7999E+00  2.6236E-02  1.3847E+00   8.7305E-05
 2.8014E+00  2.6234E-02  1.3847E+00   8.7475E-05
 2.8030E+00  2.6232E-02  1.3847E+00   8.7647E-05
 2.8045E+00  2.6230E-02  1.3847E+00   8.7817E-05
 2.8060E+00  2.6229E-02  1.3846E+00   8.7989E-05
 2.8075E+00  2.6227E-02  1.3846E+00   8.8162E-05
 2.8090E+00  2.6225E-02  1.3846E+00   8.8334E-05
 2.8106E+00  2.6223E-02  1.3846E+00   8.8507E-05
 2.8121E+00  2.6221E-02  1.3846E+00   8.8681E-05
 2.8136E+00  2.6220E-02  1.3846E+00   8.8855E-05
 2.8151E+00  2.6218E-02  1.3845E+00   8.9029E-05
 2.8167E+00  2.6216E-02  1.3845E+00   8.9204E-05
 2.8182E+00  2.6214E-02  1.3845E+00   8.9381E-05
 2.8197E+00  2.6212E-02  1.3845E+00   8.9556E-05
 2.8213E+00  2.6211E-02  1.3845E+00   8.9733E-05
 2.8228E+00  2.6209E-02  1.3845E+00   8.9909E-05
 2.8243E+00  2.6207E-02  1.3844E+00   9.0087E-05
 2.8259E+00  2.6205E-02  1.3844E+00   9.0265E-05
 2.8274E+00  2.6203E-02  1.3844E+00   9.0443E-05
 2.8290E+00  2.6201E-02  1.3844E+00   9.0623E-05
 2.8305E+00  2.6199E-02  1.3844E+00   9.0802E-05
 2.8320E+00  2.6198E-02  1.3844E+00   9.0981E-05
 2.8336E+00  2.6196E-02  1.3843E+00   9.1161E-05
 2.8351E+00  2.6194E-02  1.3843E+00   9.1342E-05
 2.8367E+00  2.6192E-02  1.3843E+00   9.1524E-05
 2.8382E+00  2.6190E-02  1.3843E+00   9.1706E-05
 2.8398E+00  2.6188E-02  1.3843E+00   9.1888E-05
 2.8413E+00  2.6186E-02  1.3843E+00   9.2070E-05
 2.8429E+00  2.6184E-02  1.3842E+00   9.2254E-05
 2.8445E+00  2.6183E-02  1.3842E+00   9.2438E-05
 2.8460E+00  2.6181E-02  1.3842E+00   9.2623E-05
 2.8476E+00  2.6179E-02  1.3842E+00   9.2808E-05
 2.8492E+00  2.6177E-02  1.3842E+00   9.2994E-05
 2.8507E+00  2.6175E-02  1.3842E+00   9.3178E-05
 2.8523E+00  2.6173E-02  1.3841E+00   9.3365E-05
 2.8539E+00  2.6171E-02  1.3841E+00   9.3552E-05
 2.8554E+00  2.6169E-02  1.3841E+00   9.3740E-05
 2.8570E+00  2.6167E-02  1.3841E+00   9.3928E-05
 2.8586E+00  2.6165E-02  1.3841E+00   9.4117E-05
 2.8602E+00  2.6164E-02  1.3841E+00   9.4305E-05
 2.8617E+00  2.6162E-02  1.3840E+00   9.4495E-05
 2.8633E+00  2.6160E-02  1.3840E+00   9.4685E-05
 2.8649E+00  2.6158E-02  1.3840E+00   9.4876E-05
 2.8665E+00  2.6156E-02  1.3840E+00   9.5068E-05
 2.8681E+00  2.6154E-02  1.3840E+00   9.5259E-05
 2.8697E+00  2.6152E-02  1.3840E+00   9.5451E-05
 2.8712E+00  2.6150E-02  1.3839E+00   9.5643E-05
 2.8728E+00  2.6148E-02  1.3839E+00   9.5838E-05
 2.8744E+00  2.6146E-02  1.3839E+00   9.6031E-05
 2.8760E+00  2.6144E-02  1.3839E+00   9.6226E-05
 2.8776E+00  2.6142E-02  1.3839E+00   9.6421E-05
 2.8792E+00  2.6140E-02  1.3839E+00   9.6616E-05
 2.8808E+00  2.6138E-02  1.3838E+00   9.6813E-05
 2.8824E+00  2.6136E-02  1.3838E+00   9.7009E-05
 2.8840E+00  2.6134E-02  1.3838E+00   9.7206E-05
 2.8856E+00  2.6132E-02  1.3838E+00   9.7404E-05
 2.8872E+00  2.6130E-02  1.3838E+00   9.7603E-05
 2.8889E+00  2.6128E-02  1.3838E+00   9.7802E-05
 2.8905E+00  2.6126E-02  1.3837E+00   9.8001E-05
 2.8921E+00  2.6124E-02  1.3837E+00   9.8200E-05
 2.8937E+00  2.6122E-02  1.3837E+00   9.8401E-05
 2.8953E+00  2.6120E-02  1.3837E+00   9.8602E-05
 2.8969E+00  2.6118E-02  1.3837E+00   9.8804E-05
 2.8985E+00  2.6116E-02  1.3836E+00   9.9006E-05
 2.9002E+00  2.6114E-02  1.3836E+00   9.9210E-05
 2.9018E+00  2.6112E-02  1.3836E+00   9.9412E-05
 2.9034E+00  2.6110E-02  1.3836E+00   9.9617E-05
 2.9050E+00  2.6108E-02  1.3836E+00   9.9822E-05
 2.9067E+00  2.6106E-02  1.3836E+00   1.0003E-04
 2.9083E+00  2.6104E-02  1.3835E+00   1.0023E-04
 2.9099E+00  2.6102E-02  1.3835E+00   1.0044E-04
 2.9116E+00  2.6100E-02  1.3835E+00   1.0065E-04
 2.9132E+00  2.6098E-02  1.3835E+00   1.0085E-04
 2.9148E+00  2.6096E-02  1.3835E+00   1.0106E-04
 2.9165E+00  2.6094E-02  1.3835E+00   1.0127E-04
 2.9181E+00  2.6092E-02  1.3834E+00   1.0148E-04
 2.9198E+00  2.6090E-02  1.3834E+00   1.0169E-04
 2.9214E+00  2.6088E-02  1.3834E+00   1.0190E-04
 2.9230E+00  2.6085E-02  1.3834E+00   1.0211E-04
 2.9247E+00  2.6083E-02  1.3834E+00   1.0232E-04
 2.9263E+00  2.6081E-02  1.3833E+00   1.0254E-04
 2.9280E+00  2.6079E-02  1.3833E+00   1.0275E-04
 2.9297E+00  2.6077E-02  1.3833E+00   1.0296E-04
 2.9313E+00  2.6075E-02  1.3833E+00   1.0318E-04
 2.9330E+00  2.6073E-02  1.3833E+00   1.0339E-04
 2.9346E+00  2.6071E-02  1.3832E+00   1.0361E-04
 2.9363E+00  2.6069E-02  1.3832E+00   1.0382E-04
 2.9379E+00  2.6067E-02  1.3832E+00   1.0404E-04
 2.9396E+00  2.6064E-02  1.3832E+00   1.0426E-04
 2.9413E+00  2.6062E-02  1.3832E+00   1.0448E-04
 2.9430E+00  2.6060E-02  1.3832E+00   1.0469E-04
 2.9446E+00  2.6058E-02  1.3831E+00   1.0491E-04
 2.9463E+00  2.6056E-02  1.3831E+00   1.0513E-04
 2.9480E+00  2.6054E-02  1.3831E+00   1.0535E-04
 2.9496E+00  2.6052E-02  1.3831E+00   1.0558E-04
 2.9513E+00  2.6050E-02  1.3831E+00   1.0580E-04
 2.9530E+00  2.6047E-02  1.3830E+00   1.0602E-04
 2.9547E+00  2.6045E-02  1.3830E+00   1.0624E-04
 2.9564E+00  2.6043E-02  1.3830E+00   1.0647E-04
 2.9581E+00  2.6041E-02  1.3830E+00   1.0669E-04
 2.9597E+00  2.6039E-02  1.3830E+00   1.0692E-04
 2.9614E+00  2.6037E-02  1.3829E+00   1.0714E-04
 2.9631E+00  2.6034E-02  1.3829E+00   1.0737E-04
 2.9648E+00  2.6032E-02  1.3829E+00   1.0760E-04
 2.9665E+00  2.6030E-02  1.3829E+00   1.0782E-04
 2.9682E+00  2.6028E-02  1.3829E+00   1.0805E-04
 2.9699E+00  2.6026E-02  1.3829E+00   1.0828E-04
 2.9716E+00  2.6023E-02  1.3828E+00   1.0851E-04
 2.9733E+00  2.6021E-02  1.3828E+00   1.0874E-04
 2.9750E+00  2.6019E-02  1.3828E+00   1.0897E-04
 2.9767E+00  2.6017E-02  1.3828E+00   1.0921E-04
 2.9784E+00  2.6015E-02  1.3828E+00   1.0944E-04
 2.9802E+00  2.6012E-02  1.3827E+00   1.0967E-04
 2.9819E+00  2.6010E-02  1.3827E+00   1.0991E-04
 2.9836E+00  2.6008E-02  1.3827E+00   1.1014E-04
 2.9853E+00  2.6006E-02  1.3827E+00   1.1038E-04
 2.9870E+00  2.6003E-02  1.3827E+00   1.1061E-04
 2.9887E+00  2.6001E-02  1.3826E+00   1.1085E-04
 2.9905E+00  2.5999E-02  1.3826E+00   1.1109E-04
 2.9922E+00  2.5997E-02  1.3826E+00   1.1132E-04
 2.9939E+00  2.5994E-02  1.3826E+00   1.1156E-04
 2.9956E+00  2.5992E-02  1.3826E+00   1.1180E-04
 2.9974E+00  2.5990E-02  1.3825E+00   1.1204E-04
 2.9991E+00  2.5987E-02  1.3825E+00   1.1228E-04
 3.0008E+00  2.5985E-02  1.3825E+00   1.1253E-04
 3.0026E+00  2.5983E-02  1.3825E+00   1.1277E-04
 3.0043E+00  2.5981E-02  1.3825E+00   1.1301E-04
 3.0061E+00  2.5978E-02  1.3824E+00   1.1326E-04
 3.0078E+00  2.5976E-02  1.3824E+00   1.1350E-04
 3.0096E+00  2.5974E-02  1.3824E+00   1.1375E-04
 3.0113E+00  2.5971E-02  1.3824E+00   1.1399E-04
 3.0131E+00  2.5969E-02  1.3824E+00   1.1424E-04
 3.0148E+00  2.5967E-02  1.3823E+00   1.1449E-04
 3.0166E+00  2.5964E-02  1.3823E+00   1.1474E-04
 3.0183E+00  2.5962E-02  1.3823E+00   1.1499E-04
 3.0201E+00  2.5960E-02  1.3823E+00   1.1524E-04
 3.0218E+00  2.5957E-02  1.3823E+00   1.1549E-04
 3.0236E+00  2.5955E-02  1.3822E+00   1.1574E-04
 3.0254E+00  2.5953E-02  1.3822E+00   1.1599E-04
 3.0271E+00  2.5950E-02  1.3822E+00   1.1624E-04
 3.0289E+00  2.5948E-02  1.3822E+00   1.1650E-04
 3.0307E+00  2.5946E-02  1.3821E+00   1.1675E-04
 3.0324E+00  2.5943E-02  1.3821E+00   1.1701E-04
 3.0342E+00  2.5941E-02  1.3821E+00   1.1726E-04
 3.0360E+00  2.5939E-02  1.3821E+00   1.1752E-04
 3.0378E+00  2.5936E-02  1.3821E+00   1.1778E-04
 3.0396E+00  2.5934E-02  1.3820E+00   1.1804E-04
 3.0413E+00  2.5931E-02  1.3820E+00   1.1829E-04
 3.0431E+00  2.5929E-02  1.3820E+00   1.1856E-04
 3.0449E+00  2.5927E-02  1.3820E+00   1.1882E-04
 3.0467E+00  2.5924E-02  1.3820E+00   1.1908E-04
 3.0485E+00  2.5922E-02  1.3819E+00   1.1934E-04
 3.0503E+00  2.5919E-02  1.3819E+00   1.1960E-04
 3.0521E+00  2.5917E-02  1.3819E+00   1.1987E-04
 3.0539E+00  2.5914E-02  1.3819E+00   1.2013E-04
 3.0557E+00  2.5912E-02  1.3819E+00   1.2040E-04
 3.0575E+00  2.5910E-02  1.3818E+00   1.2067E-04
 3.0593E+00  2.5907E-02  1.3818E+00   1.2093E-04
 3.0611E+00  2.5905E-02  1.3818E+00   1.2120E-04
 3.0629E+00  2.5902E-02  1.3818E+00   1.2147E-04
 3.0647E+00  2.5900E-02  1.3817E+00   1.2174E-04
 3.0665E+00  2.5897E-02  1.3817E+00   1.2201E-04
 3.0683E+00  2.5895E-02  1.3817E+00   1.2228E-04
 3.0701E+00  2.5892E-02  1.3817E+00   1.2255E-04
 3.0720E+00  2.5890E-02  1.3817E+00   1.2283E-04
 3.0738E+00  2.5887E-02  1.3816E+00   1.2310E-04
 3.0756E+00  2.5885E-02  1.3816E+00   1.2338E-04
 3.0774E+00  2.5882E-02  1.3816E+00   1.2365E-04
 3.0793E+00  2.5880E-02  1.3816E+00   1.2393E-04
 3.0811E+00  2.5877E-02  1.3815E+00   1.2421E-04
 3.0829E+00  2.5875E-02  1.3815E+00   1.2449E-04
 3.0848E+00  2.5872E-02  1.3815E+00   1.2477E-04
 3.0866E+00  2.5870E-02  1.3815E+00   1.2505E-04
 3.0884E+00  2.5867E-02  1.3815E+00   1.2533E-04
 3.0903E+00  2.5865E-02  1.3814E+00   1.2561E-04
 3.0921E+00  2.5862E-02  1.3814E+00   1.2589E-04
 3.0939E+00  2.5860E-02  1.3814E+00   1.2618E-04
 3.0958E+00  2.5857E-02  1.3814E+00   1.2646E-04
 3.0976E+00  2.5855E-02  1.3813E+00   1.2675E-04
 3.0995E+00  2.5852E-02  1.3813E+00   1.2703E-04
 3.1014E+00  2.5849E-02  1.3813E+00   1.2732E-04
 3.1032E+00  2.5847E-02  1.3813E+00   1.2761E-04
 3.1051E+00  2.5844E-02  1.3813E+00   1.2790E-04
 3.1069E+00  2.5842E-02  1.3812E+00   1.2819E-04
 3.1088E+00  2.5839E-02  1.3812E+00   1.2848E-04
 3.1107E+00  2.5836E-02  1.3812E+00   1.2877E-04
 3.1125E+00  2.5834E-02  1.3812E+00   1.2906E-04
 3.1144E+00  2.5831E-02  1.3811E+00   1.2936E-04
 3.1163E+00  2.5829E-02  1.3811E+00   1.2965E-04
 3.1181E+00  2.5826E-02  1.3811E+00   1.2995E-04
 3.1200E+00  2.5823E-02  1.3811E+00   1.3025E-04
 3.1219E+00  2.5821E-02  1.3810E+00   1.3054E-04
 3.1238E+00  2.5818E-02  1.3810E+00   1.3084E-04
 3.1257E+00  2.5815E-02  1.3810E+00   1.3114E-04
 3.1275E+00  2.5813E-02  1.3810E+00   1.3144E-04
 3.1294E+00  2.5810E-02  1.3810E+00   1.3174E-04
 3.1313E+00  2.5808E-02  1.3809E+00   1.3205E-04
 3.1332E+00  2.5805E-02  1.3809E+00   1.3235E-04
 3.1351E+00  2.5802E-02  1.3809E+00   1.3265E-04
 3.1370E+00  2.5799E-02  1.3809E+00   1.3296E-04
 3.1389E+00  2.5797E-02  1.3808E+00   1.3327E-04
 3.1408E+00  2.5794E-02  1.3808E+00   1.3357E-04
 3.1427E+00  2.5791E-02  1.3808E+00   1.3388E-04
 3.1446E+00  2.5789E-02  1.3808E+00   1.3419E-04
 3.1465E+00  2.5786E-02  1.3807E+00   1.3450E-04
 3.1484E+00  2.5783E-02  1.3807E+00   1.3481E-04
 3.1503E+00  2.5781E-02  1.3807E+00   1.3513E-04
 3.1523E+00  2.5778E-02  1.3807E+00   1.3544E-04
 3.1542E+00  2.5775E-02  1.3806E+00   1.3575E-04
 3.1561E+00  2.5772E-02  1.3806E+00   1.3607E-04
 3.1580E+00  2.5770E-02  1.3806E+00   1.3638E-04
 3.1599E+00  2.5767E-02  1.3806E+00   1.3670E-04
 3.1619E+00  2.5764E-02  1.3805E+00   1.3702E-04
 3.1638E+00  2.5761E-02  1.3805E+00   1.3734E-04
 3.1657E+00  2.5759E-02  1.3805E+00   1.3766E-04
 3.1677E+00  2.5756E-02  1.3805E+00   1.3798E-04
 3.1696E+00  2.5753E-02  1.3805E+00   1.3831E-04
 3.1715E+00  2.5750E-02  1.3804E+00   1.3863E-04
 3.1735E+00  2.5747E-02  1.3804E+00   1.3895E-04
 3.1754E+00  2.5745E-02  1.3804E+00   1.3928E-04
 3.1774E+00  2.5742E-02  1.3804E+00   1.3961E-04
 3.1793E+00  2.5739E-02  1.3803E+00   1.3994E-04
 3.1813E+00  2.5736E-02  1.3803E+00   1.4027E-04
 3.1832E+00  2.5733E-02  1.3803E+00   1.4060E-04
 3.1852E+00  2.5731E-02  1.3803E+00   1.4093E-04
 3.1871E+00  2.5728E-02  1.3802E+00   1.4126E-04
 3.1891E+00  2.5725E-02  1.3802E+00   1.4159E-04
 3.1911E+00  2.5722E-02  1.3802E+00   1.4193E-04
 3.1930E+00  2.5719E-02  1.3802E+00   1.4226E-04
 3.1950E+00  2.5716E-02  1.3801E+00   1.4260E-04
 3.1970E+00  2.5713E-02  1.3801E+00   1.4294E-04
 3.1989E+00  2.5710E-02  1.3801E+00   1.4328E-04
 3.2009E+00  2.5708E-02  1.3801E+00   1.4362E-04
 3.2029E+00  2.5705E-02  1.3800E+00   1.4396E-04
 3.2049E+00  2.5702E-02  1.3800E+00   1.4430E-04
 3.2068E+00  2.5699E-02  1.3800E+00   1.4465E-04
 3.2088E+00  2.5696E-02  1.3799E+00   1.4499E-04
 3.2108E+00  2.5693E-02  1.3799E+00   1.4534E-04
 3.2128E+00  2.5690E-02  1.3799E+00   1.4569E-04
 3.2148E+00  2.5687E-02  1.3799E+00   1.4603E-04
 3.2168E+00  2.5684E-02  1.3798E+00   1.4638E-04
 3.2188E+00  2.5681E-02  1.3798E+00   1.4673E-04
 3.2208E+00  2.5678E-02  1.3798E+00   1.4709E-04
 3.2228E+00  2.5675E-02  1.3798E+00   1.4744E-04
 3.2248E+00  2.5672E-02  1.3797E+00   1.4779E-04
 3.2268E+00  2.5669E-02  1.3797E+00   1.4815E-04
 3.2288E+00  2.5666E-02  1.3797E+00   1.4851E-04
 3.2308E+00  2.5663E-02  1.3797E+00   1.4886E-04
 3.2328E+00  2.5661E-02  1.3796E+00   1.4922E-04
 3.2348E+00  2.5658E-02  1.3796E+00   1.4958E-04
 3.2369E+00  2.5655E-02  1.3796E+00   1.4994E-04
 3.2389E+00  2.5651E-02  1.3796E+00   1.5031E-04
 3.2409E+00  2.5648E-02  1.3795E+00   1.5067E-04
 3.2429E+00  2.5645E-02  1.3795E+00   1.5104E-04
 3.2450E+00  2.5642E-02  1.3795E+00   1.5140E-04
 3.2470E+00  2.5639E-02  1.3794E+00   1.5177E-04
 3.2490E+00  2.5636E-02  1.3794E+00   1.5214E-04
 3.2511E+00  2.5633E-02  1.3794E+00   1.5251E-04
 3.2531E+00  2.5630E-02  1.3794E+00   1.5288E-04
 3.2552E+00  2.5627E-02  1.3793E+00   1.5326E-04
 3.2572E+00  2.5624E-02  1.3793E+00   1.5363E-04
 3.2593E+00  2.5621E-02  1.3793E+00   1.5400E-04
 3.2613E+00  2.5618E-02  1.3793E+00   1.5438E-04
 3.2634E+00  2.5615E-02  1.3792E+00   1.5476E-04
 3.2654E+00  2.5612E-02  1.3792E+00   1.5514E-04
 3.2675E+00  2.5609E-02  1.3792E+00   1.5552E-04
 3.2695E+00  2.5605E-02  1.3791E+00   1.5590E-04
 3.2716E+00  2.5602E-02  1.3791E+00   1.5628E-04
 3.2736E+00  2.5599E-02  1.3791E+00   1.5667E-04
 3.2757E+00  2.5596E-02  1.3791E+00   1.5705E-04
 3.2778E+00  2.5593E-02  1.3790E+00   1.5744E-04
 3.2799E+00  2.5590E-02  1.3790E+00   1.5783E-04
 3.2820E+00  2.5587E-02  1.3790E+00   1.5822E-04
 3.2840E+00  2.5583E-02  1.3790E+00   1.5861E-04
 3.2861E+00  2.5580E-02  1.3789E+00   1.5900E-04
 3.2882E+00  2.5577E-02  1.3789E+00   1.5940E-04
 3.2903E+00  2.5574E-02  1.3789E+00   1.5979E-04
 3.2924E+00  2.5571E-02  1.3788E+00   1.6019E-04
 3.2945E+00  2.5567E-02  1.3788E+00   1.6059E-04
 3.2965E+00  2.5564E-02  1.3788E+00   1.6099E-04
 3.2986E+00  2.5561E-02  1.3788E+00   1.6139E-04
 3.3007E+00  2.5558E-02  1.3787E+00   1.6179E-04
 3.3028E+00  2.5554E-02  1.3787E+00   1.6220E-04
 3.3049E+00  2.5551E-02  1.3787E+00   1.6260E-04
 3.3071E+00  2.5548E-02  1.3786E+00   1.6301E-04
 3.3092E+00  2.5545E-02  1.3786E+00   1.6342E-04
 3.3113E+00  2.5541E-02  1.3786E+00   1.6383E-04
 3.3134E+00  2.5538E-02  1.3786E+00   1.6424E-04
 3.3155E+00  2.5535E-02  1.3785E+00   1.6465E-04
 3.3176E+00  2.5532E-02  1.3785E+00   1.6506E-04
 3.3198E+00  2.5528E-02  1.3785E+00   1.6548E-04
 3.3219E+00  2.5525E-02  1.3784E+00   1.6590E-04
 3.3240E+00  2.5522E-02  1.3784E+00   1.6632E-04
 3.3262E+00  2.5518E-02  1.3784E+00   1.6674E-04
 3.3283E+00  2.5515E-02  1.3783E+00   1.6716E-04
 3.3304E+00  2.5512E-02  1.3783E+00   1.6758E-04
 3.3326E+00  2.5508E-02  1.3783E+00   1.6801E-04
 3.3347E+00  2.5505E-02  1.3783E+00   1.6843E-04
 3.3369E+00  2.5501E-02  1.3782E+00   1.6886E-04
 3.3390E+00  2.5498E-02  1.3782E+00   1.6929E-04
 3.3411E+00  2.5495E-02  1.3782E+00   1.6972E-04
 3.3433E+00  2.5491E-02  1.3781E+00   1.7015E-04
 3.3455E+00  2.5488E-02  1.3781E+00   1.7058E-04
 3.3476E+00  2.5484E-02  1.3781E+00   1.7102E-04
 3.3498E+00  2.5481E-02  1.3780E+00   1.7146E-04
 3.3520E+00  2.5478E-02  1.3780E+00   1.7190E-04
 3.3541E+00  2.5474E-02  1.3780E+00   1.7234E-04
 3.3563E+00  2.5471E-02  1.3780E+00   1.7277E-04
 3.3585E+00  2.5467E-02  1.3779E+00   1.7322E-04
 3.3606E+00  2.5464E-02  1.3779E+00   1.7366E-04
 3.3628E+00  2.5460E-02  1.3779E+00   1.7411E-04
 3.3650E+00  2.5457E-02  1.3778E+00   1.7456E-04
 3.3672E+00  2.5453E-02  1.3778E+00   1.7501E-04
 3.3694E+00  2.5450E-02  1.3778E+00   1.7546E-04
 3.3716E+00  2.5446E-02  1.3777E+00   1.7591E-04
 3.3738E+00  2.5443E-02  1.3777E+00   1.7637E-04
 3.3760E+00  2.5439E-02  1.3777E+00   1.7682E-04
 3.3782E+00  2.5436E-02  1.3776E+00   1.7728E-04
 3.3804E+00  2.5432E-02  1.3776E+00   1.7774E-04
 3.3826E+00  2.5429E-02  1.3776E+00   1.7820E-04
 3.3848E+00  2.5425E-02  1.3776E+00   1.7866E-04
 3.3870E+00  2.5422E-02  1.3775E+00   1.7913E-04
 3.3892E+00  2.5418E-02  1.3775E+00   1.7960E-04
 3.3914E+00  2.5414E-02  1.3775E+00   1.8006E-04
 3.3936E+00  2.5411E-02  1.3774E+00   1.8053E-04
 3.3959E+00  2.5407E-02  1.3774E+00   1.8101E-04
 3.3981E+00  2.5404E-02  1.3774E+00   1.8148E-04
 3.4003E+00  2.5400E-02  1.3773E+00   1.8195E-04
 3.4025E+00  2.5396E-02  1.3773E+00   1.8243E-04
 3.4048E+00  2.5393E-02  1.3773E+00   1.8291E-04
 3.4070E+00  2.5389E-02  1.3772E+00   1.8339E-04
 3.4093E+00  2.5385E-02  1.3772E+00   1.8387E-04
 3.4115E+00  2.5382E-02  1.3772E+00   1.8436E-04
 3.4137E+00  2.5378E-02  1.3771E+00   1.8484E-04
 3.4160E+00  2.5374E-02  1.3771E+00   1.8533E-04
 3.4182E+00  2.5371E-02  1.3771E+00   1.8582E-04
 3.4205E+00  2.5367E-02  1.3770E+00   1.8631E-04
 3.4228E+00  2.5363E-02  1.3770E+00   1.8680E-04
 3.4250E+00  2.5360E-02  1.3770E+00   1.8730E-04
 3.4273E+00  2.5356E-02  1.3769E+00   1.8779E-04
 3.4295E+00  2.5352E-02  1.3769E+00   1.8829E-04
 3.4318E+00  2.5348E-02  1.3769E+00   1.8879E-04
 3.4341E+00  2.5345E-02  1.3768E+00   1.8930E-04
 3.4364E+00  2.5341E-02  1.3768E+00   1.8980E-04
 3.4386E+00  2.5337E-02  1.3768E+00   1.9031E-04
 3.4409E+00  2.5333E-02  1.3767E+00   1.9082E-04
 3.4432E+00  2.5329E-02  1.3767E+00   1.9133E-04
 3.4455E+00  2.5326E-02  1.3767E+00   1.9184E-04
 3.4478E+00  2.5322E-02  1.3766E+00   1.9235E-04
 3.4501E+00  2.5318E-02  1.3766E+00   1.9287E-04
 3.4524E+00  2.5314E-02  1.3766E+00   1.9339E-04
 3.4547E+00  2.5310E-02  1.3765E+00   1.9390E-04
 3.4570E+00  2.5307E-02  1.3765E+00   1.9443E-04
 3.4593E+00  2.5303E-02  1.3765E+00   1.9495E-04
 3.4616E+00  2.5299E-02  1.3764E+00   1.9548E-04
 3.4639E+00  2.5295E-02  1.3764E+00   1.9600E-04
 3.4662E+00  2.5291E-02  1.3764E+00   1.9654E-04
 3.4686E+00  2.5287E-02  1.3763E+00   1.9707E-04
 3.4709E+00  2.5283E-02  1.3763E+00   1.9760E-04
 3.4732E+00  2.5279E-02  1.3763E+00   1.9814E-04
 3.4755E+00  2.5275E-02  1.3762E+00   1.9867E-04
 3.4779E+00  2.5271E-02  1.3762E+00   1.9921E-04
 3.4802E+00  2.5267E-02  1.3762E+00   1.9976E-04
 3.4825E+00  2.5263E-02  1.3761E+00   2.0030E-04
 3.4849E+00  2.5259E-02  1.3761E+00   2.0085E-04
 3.4872E+00  2.5255E-02  1.3760E+00   2.0139E-04
 3.4895E+00  2.5251E-02  1.3760E+00   2.0195E-04
 3.4919E+00  2.5247E-02  1.3760E+00   2.0250E-04
 3.4943E+00  2.5243E-02  1.3759E+00   2.0306E-04
 3.4966E+00  2.5239E-02  1.3759E+00   2.0361E-04
 3.4990E+00  2.5235E-02  1.3759E+00   2.0417E-04
 3.5013E+00  2.5231E-02  1.3758E+00   2.0473E-04
 3.5037E+00  2.5227E-02  1.3758E+00   2.0529E-04
 3.5061E+00  2.5223E-02  1.3758E+00   2.0586E-04
 3.5084E+00  2.5219E-02  1.3757E+00   2.0643E-04
 3.5108E+00  2.5215E-02  1.3757E+00   2.0700E-04
 3.5132E+00  2.5211E-02  1.3757E+00   2.0757E-04
 3.5156E+00  2.5207E-02  1.3756E+00   2.0815E-04
 3.5180E+00  2.5203E-02  1.3756E+00   2.0873E-04
 3.5204E+00  2.5199E-02  1.3755E+00   2.0930E-04
 3.5227E+00  2.5194E-02  1.3755E+00   2.0989E-04
 3.5251E+00  2.5190E-02  1.3755E+00   2.1047E-04
 3.5275E+00  2.5186E-02  1.3754E+00   2.1106E-04
 3.5299E+00  2.5182E-02  1.3754E+00   2.1165E-04
 3.5324E+00  2.5178E-02  1.3754E+00   2.1224E-04
 3.5347E+00  2.5173E-02  1.3753E+00   2.1283E-04
 3.5372E+00  2.5169E-02  1.3753E+00   2.1343E-04
 3.5396E+00  2.5165E-02  1.3752E+00   2.1402E-04
 3.5420E+00  2.5161E-02  1.3752E+00   2.1462E-04
 3.5444E+00  2.5157E-02  1.3752E+00   2.1523E-04
 3.5468E+00  2.5152E-02  1.3751E+00   2.1583E-04
 3.5493E+00  2.5148E-02  1.3751E+00   2.1644E-04
 3.5517E+00  2.5144E-02  1.3751E+00   2.1705E-04
 3.5541E+00  2.5139E-02  1.3750E+00   2.1766E-04
 3.5566E+00  2.5135E-02  1.3750E+00   2.1828E-04
 3.5590E+00  2.5131E-02  1.3749E+00   2.1890E-04
 3.5615E+00  2.5126E-02  1.3749E+00   2.1952E-04
 3.5639E+00  2.5122E-02  1.3749E+00   2.2014E-04
 3.5663E+00  2.5118E-02  1.3748E+00   2.2076E-04
 3.5688E+00  2.5113E-02  1.3748E+00   2.2139E-04
 3.5713E+00  2.5109E-02  1.3747E+00   2.2202E-04
 3.5737E+00  2.5105E-02  1.3747E+00   2.2265E-04
 3.5762E+00  2.5100E-02  1.3747E+00   2.2329E-04
 3.5787E+00  2.5096E-02  1.3746E+00   2.2393E-04
 3.5811E+00  2.5091E-02  1.3746E+00   2.2456E-04
 3.5836E+00  2.5087E-02  1.3746E+00   2.2521E-04
 3.5861E+00  2.5083E-02  1.3745E+00   2.2585E-04
 3.5886E+00  2.5078E-02  1.3745E+00   2.2650E-04
 3.5911E+00  2.5074E-02  1.3744E+00   2.2715E-04
 3.5935E+00  2.5069E-02  1.3744E+00   2.2781E-04
 3.5960E+00  2.5065E-02  1.3744E+00   2.2847E-04
 3.5985E+00  2.5060E-02  1.3743E+00   2.2912E-04
 3.6010E+00  2.5056E-02  1.3743E+00   2.2978E-04
 3.6035E+00  2.5051E-02  1.3742E+00   2.3045E-04
 3.6060E+00  2.5047E-02  1.3742E+00   2.3112E-04
 3.6086E+00  2.5042E-02  1.3742E+00   2.3179E-04
 3.6111E+00  2.5037E-02  1.3741E+00   2.3246E-04
 3.6136E+00  2.5033E-02  1.3741E+00   2.3313E-04
 3.6161E+00  2.5028E-02  1.3740E+00   2.3381E-04
 3.6186E+00  2.5024E-02  1.3740E+00   2.3449E-04
 3.6211E+00  2.5019E-02  1.3739E+00   2.3518E-04
 3.6237E+00  2.5014E-02  1.3739E+00   2.3586E-04
 3.6262E+00  2.5010E-02  1.3739E+00   2.3656E-04
 3.6288E+00  2.5005E-02  1.3738E+00   2.3725E-04
 3.6313E+00  2.5000E-02  1.3738E+00   2.3794E-04
 3.6338E+00  2.4996E-02  1.3737E+00   2.3864E-04
 3.6364E+00  2.4991E-02  1.3737E+00   2.3934E-04
 3.6389E+00  2.4986E-02  1.3737E+00   2.4005E-04
 3.6415E+00  2.4982E-02  1.3736E+00   2.4076E-04
 3.6441E+00  2.4977E-02  1.3736E+00   2.4147E-04
 3.6466E+00  2.4972E-02  1.3735E+00   2.4218E-04
 3.6492E+00  2.4967E-02  1.3735E+00   2.4289E-04
 3.6517E+00  2.4963E-02  1.3734E+00   2.4361E-04
 3.6543E+00  2.4958E-02  1.3734E+00   2.4434E-04
 3.6569E+00  2.4953E-02  1.3734E+00   2.4506E-04
 3.6595E+00  2.4948E-02  1.3733E+00   2.4579E-04
 3.6621E+00  2.4943E-02  1.3733E+00   2.4652E-04
 3.6646E+00  2.4939E-02  1.3732E+00   2.4725E-04
 3.6672E+00  2.4934E-02  1.3732E+00   2.4799E-04
 3.6698E+00  2.4929E-02  1.3731E+00   2.4873E-04
 3.6724E+00  2.4924E-02  1.3731E+00   2.4948E-04
 3.6750E+00  2.4919E-02  1.3731E+00   2.5023E-04
 3.6776E+00  2.4914E-02  1.3730E+00   2.5098E-04
 3.6803E+00  2.4909E-02  1.3730E+00   2.5173E-04
 3.6829E+00  2.4904E-02  1.3729E+00   2.5249E-04
 3.6855E+00  2.4899E-02  1.3729E+00   2.5325E-04
 3.6881E+00  2.4894E-02  1.3728E+00   2.5401E-04
 3.6907E+00  2.4889E-02  1.3728E+00   2.5478E-04
 3.6934E+00  2.4884E-02  1.3727E+00   2.5555E-04
 3.6960E+00  2.4879E-02  1.3727E+00   2.5632E-04
 3.6986E+00  2.4874E-02  1.3727E+00   2.5710E-04
 3.7013E+00  2.4869E-02  1.3726E+00   2.5788E-04
 3.7039E+00  2.4864E-02  1.3726E+00   2.5866E-04
 3.7066E+00  2.4859E-02  1.3725E+00   2.5945E-04
 3.7092E+00  2.4854E-02  1.3725E+00   2.6024E-04
 3.7119E+00  2.4849E-02  1.3724E+00   2.6104E-04
 3.7145E+00  2.4844E-02  1.3724E+00   2.6183E-04
 3.7172E+00  2.4839E-02  1.3723E+00   2.6263E-04
 3.7199E+00  2.4834E-02  1.3723E+00   2.6344E-04
 3.7225E+00  2.4828E-02  1.3722E+00   2.6424E-04
 3.7252E+00  2.4823E-02  1.3722E+00   2.6506E-04
 3.7279E+00  2.4818E-02  1.3722E+00   2.6587E-04
 3.7306E+00  2.4813E-02  1.3721E+00   2.6669E-04
 3.7332E+00  2.4808E-02  1.3721E+00   2.6751E-04
 3.7359E+00  2.4802E-02  1.3720E+00   2.6834E-04
 3.7386E+00  2.4797E-02  1.3720E+00   2.6917E-04
 3.7413E+00  2.4792E-02  1.3719E+00   2.7000E-04
 3.7440E+00  2.4787E-02  1.3719E+00   2.7084E-04
 3.7467E+00  2.4781E-02  1.3718E+00   2.7168E-04
 3.7494E+00  2.4776E-02  1.3718E+00   2.7253E-04
 3.7521E+00  2.4771E-02  1.3717E+00   2.7337E-04
 3.7549E+00  2.4765E-02  1.3717E+00   2.7422E-04
 3.7576E+00  2.4760E-02  1.3716E+00   2.7508E-04
 3.7603E+00  2.4755E-02  1.3716E+00   2.7594E-04
 3.7630E+00  2.4749E-02  1.3715E+00   2.7680E-04
 3.7658E+00  2.4744E-02  1.3715E+00   2.7767E-04
 3.7685E+00  2.4738E-02  1.3714E+00   2.7854E-04
 3.7713E+00  2.4733E-02  1.3714E+00   2.7941E-04
 3.7740E+00  2.4727E-02  1.3713E+00   2.8029E-04
 3.7767E+00  2.4722E-02  1.3713E+00   2.8118E-04
 3.7795E+00  2.4717E-02  1.3713E+00   2.8206E-04
 3.7823E+00  2.4711E-02  1.3712E+00   2.8296E-04
 3.7850E+00  2.4705E-02  1.3712E+00   2.8386E-04
 3.7878E+00  2.4700E-02  1.3711E+00   2.8475E-04
 3.7906E+00  2.4694E-02  1.3711E+00   2.8565E-04
 3.7933E+00  2.4689E-02  1.3710E+00   2.8656E-04
 3.7961E+00  2.4683E-02  1.3710E+00   2.8747E-04
 3.7989E+00  2.4678E-02  1.3709E+00   2.8839E-04
 3.8017E+00  2.4672E-02  1.3709E+00   2.8931E-04
 3.8045E+00  2.4666E-02  1.3708E+00   2.9023E-04
 3.8072E+00  2.4661E-02  1.3708E+00   2.9116E-04
 3.8100E+00  2.4655E-02  1.3707E+00   2.9210E-04
 3.8129E+00  2.4649E-02  1.3707E+00   2.9303E-04
 3.8157E+00  2.4644E-02  1.3706E+00   2.9398E-04
 3.8185E+00  2.4638E-02  1.3705E+00   2.9492E-04
 3.8213E+00  2.4632E-02  1.3705E+00   2.9587E-04
 3.8241E+00  2.4626E-02  1.3704E+00   2.9682E-04
 3.8269E+00  2.4621E-02  1.3704E+00   2.9778E-04
 3.8298E+00  2.4615E-02  1.3703E+00   2.9875E-04
 3.8326E+00  2.4609E-02  1.3703E+00   2.9972E-04
 3.8354E+00  2.4603E-02  1.3702E+00   3.0069E-04
 3.8383E+00  2.4597E-02  1.3702E+00   3.0167E-04
 3.8411E+00  2.4592E-02  1.3701E+00   3.0265E-04
 3.8439E+00  2.4586E-02  1.3701E+00   3.0363E-04
 3.8468E+00  2.4580E-02  1.3700E+00   3.0462E-04
 3.8497E+00  2.4574E-02  1.3700E+00   3.0562E-04
 3.8525E+00  2.4568E-02  1.3699E+00   3.0662E-04
 3.8554E+00  2.4562E-02  1.3699E+00   3.0763E-04
 3.8582E+00  2.4556E-02  1.3698E+00   3.0864E-04
 3.8611E+00  2.4550E-02  1.3698E+00   3.0965E-04
 3.8640E+00  2.4544E-02  1.3697E+00   3.1067E-04
 3.8669E+00  2.4538E-02  1.3697E+00   3.1169E-04
 3.8698E+00  2.4532E-02  1.3696E+00   3.1272E-04
 3.8727E+00  2.4526E-02  1.3695E+00   3.1376E-04
 3.8756E+00  2.4520E-02  1.3695E+00   3.1480E-04
 3.8784E+00  2.4514E-02  1.3694E+00   3.1584E-04
 3.8813E+00  2.4508E-02  1.3694E+00   3.1689E-04
 3.8843E+00  2.4501E-02  1.3693E+00   3.1794E-04
 3.8872E+00  2.4495E-02  1.3693E+00   3.1900E-04
 3.8901E+00  2.4489E-02  1.3692E+00   3.2007E-04
 3.8930E+00  2.4483E-02  1.3692E+00   3.2113E-04
 3.8959E+00  2.4477E-02  1.3691E+00   3.2221E-04
 3.8988E+00  2.4471E-02  1.3690E+00   3.2329E-04
 3.9018E+00  2.4464E-02  1.3690E+00   3.2437E-04
 3.9047E+00  2.4458E-02  1.3689E+00   3.2546E-04
 3.9077E+00  2.4452E-02  1.3689E+00   3.2656E-04
 3.9106E+00  2.4445E-02  1.3688E+00   3.2766E-04
 3.9136E+00  2.4439E-02  1.3688E+00   3.2877E-04
 3.9165E+00  2.4433E-02  1.3687E+00   3.2988E-04
 3.9195E+00  2.4426E-02  1.3687E+00   3.3099E-04
 3.9224E+00  2.4420E-02  1.3686E+00   3.3212E-04
 3.9254E+00  2.4413E-02  1.3685E+00   3.3325E-04
 3.9284E+00  2.4407E-02  1.3685E+00   3.3438E-04
 3.9314E+00  2.4401E-02  1.3684E+00   3.3552E-04
 3.9344E+00  2.4394E-02  1.3684E+00   3.3667E-04
 3.9373E+00  2.4388E-02  1.3683E+00   3.3781E-04
 3.9403E+00  2.4381E-02  1.3682E+00   3.3897E-04
 3.9433E+00  2.4375E-02  1.3682E+00   3.4013E-04
 3.9463E+00  2.4368E-02  1.3681E+00   3.4130E-04
 3.9493E+00  2.4361E-02  1.3681E+00   3.4247E-04
 3.9524E+00  2.4355E-02  1.3680E+00   3.4365E-04
 3.9554E+00  2.4348E-02  1.3680E+00   3.4483E-04
 3.9584E+00  2.4342E-02  1.3679E+00   3.4602E-04
 3.9614E+00  2.4335E-02  1.3678E+00   3.4722E-04
 3.9644E+00  2.4328E-02  1.3678E+00   3.4843E-04
 3.9675E+00  2.4322E-02  1.3677E+00   3.4964E-04
 3.9705E+00  2.4315E-02  1.3677E+00   3.5086E-04
 3.9735E+00  2.4308E-02  1.3676E+00   3.5208E-04
 3.9766E+00  2.4301E-02  1.3675E+00   3.5330E-04
 3.9796E+00  2.4294E-02  1.3675E+00   3.5453E-04
 3.9827E+00  2.4288E-02  1.3674E+00   3.5577E-04
 3.9858E+00  2.4281E-02  1.3673E+00   3.5702E-04
 3.9888E+00  2.4274E-02  1.3673E+00   3.5827E-04
 3.9919E+00  2.4267E-02  1.3672E+00   3.5953E-04
 3.9950E+00  2.4260E-02  1.3672E+00   3.6080E-04
 3.9981E+00  2.4253E-02  1.3671E+00   3.6207E-04
 4.0011E+00  2.4246E-02  1.3670E+00   3.6335E-04
 4.0042E+00  2.4239E-02  1.3670E+00   3.6463E-04
 4.0073E+00  2.4232E-02  1.3669E+00   3.6593E-04
 4.0104E+00  2.4225E-02  1.3668E+00   3.6723E-04
 4.0135E+00  2.4218E-02  1.3668E+00   3.6853E-04
 4.0166E+00  2.4211E-02  1.3667E+00   3.6984E-04
 4.0197E+00  2.4204E-02  1.3667E+00   3.7115E-04
 4.0229E+00  2.4197E-02  1.3666E+00   3.7248E-04
 4.0260E+00  2.4190E-02  1.3665E+00   3.7382E-04
 4.0291E+00  2.4183E-02  1.3665E+00   3.7516E-04
 4.0323E+00  2.4175E-02  1.3664E+00   3.7650E-04
 4.0354E+00  2.4168E-02  1.3663E+00   3.7785E-04
 4.0385E+00  2.4161E-02  1.3663E+00   3.7921E-04
 4.0417E+00  2.4154E-02  1.3662E+00   3.8058E-04
 4.0448E+00  2.4146E-02  1.3661E+00   3.8196E-04
 4.0480E+00  2.4139E-02  1.3661E+00   3.8334E-04
 4.0512E+00  2.4132E-02  1.3660E+00   3.8473E-04
 4.0543E+00  2.4124E-02  1.3659E+00   3.8613E-04
 4.0575E+00  2.4117E-02  1.3659E+00   3.8753E-04
 4.0607E+00  2.4110E-02  1.3658E+00   3.8894E-04
 4.0639E+00  2.4102E-02  1.3657E+00   3.9036E-04
 4.0670E+00  2.4095E-02  1.3657E+00   3.9178E-04
 4.0702E+00  2.4087E-02  1.3656E+00   3.9322E-04
 4.0734E+00  2.4080E-02  1.3655E+00   3.9466E-04
 4.0766E+00  2.4072E-02  1.3655E+00   3.9611E-04
 4.0798E+00  2.4065E-02  1.3654E+00   3.9756E-04
 4.0831E+00  2.4057E-02  1.3653E+00   3.9903E-04
 4.0863E+00  2.4050E-02  1.3653E+00   4.0050E-04
 4.0895E+00  2.4042E-02  1.3652E+00   4.0198E-04
 4.0927E+00  2.4034E-02  1.3651E+00   4.0347E-04
 4.0960E+00  2.4026E-02  1.3651E+00   4.0497E-04
 4.0992E+00  2.4019E-02  1.3650E+00   4.0647E-04
 4.1024E+00  2.4011E-02  1.3649E+00   4.0799E-04
 4.1057E+00  2.4003E-02  1.3648E+00   4.0951E-04
 4.1089E+00  2.3995E-02  1.3648E+00   4.1104E-04
 4.1122E+00  2.3988E-02  1.3647E+00   4.1258E-04
 4.1155E+00  2.3980E-02  1.3646E+00   4.1412E-04
 4.1187E+00  2.3972E-02  1.3646E+00   4.1568E-04
 4.1220E+00  2.3964E-02  1.3645E+00   4.1724E-04
 4.1253E+00  2.3956E-02  1.3644E+00   4.1881E-04
 4.1286E+00  2.3948E-02  1.3644E+00   4.2039E-04
 4.1319E+00  2.3940E-02  1.3643E+00   4.2199E-04
 4.1352E+00  2.3932E-02  1.3642E+00   4.2358E-04
 4.1385E+00  2.3924E-02  1.3641E+00   4.2519E-04
 4.1418E+00  2.3916E-02  1.3641E+00   4.2680E-04
 4.1451E+00  2.3908E-02  1.3640E+00   4.2843E-04
 4.1484E+00  2.3900E-02  1.3639E+00   4.3006E-04
 4.1517E+00  2.3892E-02  1.3638E+00   4.3171E-04
 4.1550E+00  2.3883E-02  1.3638E+00   4.3336E-04
 4.1584E+00  2.3875E-02  1.3637E+00   4.3502E-04
 4.1617E+00  2.3867E-02  1.3636E+00   4.3670E-04
 4.1650E+00  2.3859E-02  1.3635E+00   4.3837E-04
 4.1684E+00  2.3850E-02  1.3635E+00   4.4006E-04
 4.1717E+00  2.3842E-02  1.3634E+00   4.4176E-04
 4.1751E+00  2.3834E-02  1.3633E+00   4.4347E-04
 4.1785E+00  2.3825E-02  1.3632E+00   4.4519E-04
 4.1818E+00  2.3817E-02  1.3632E+00   4.4692E-04
 4.1852E+00  2.3808E-02  1.3631E+00   4.4865E-04
 4.1886E+00  2.3800E-02  1.3630E+00   4.5040E-04
 4.1920E+00  2.3791E-02  1.3629E+00   4.5216E-04
 4.1954E+00  2.3783E-02  1.3629E+00   4.5393E-04
 4.1988E+00  2.3774E-02  1.3628E+00   4.5571E-04
 4.2022E+00  2.3766E-02  1.3627E+00   4.5750E-04
 4.2056E+00  2.3757E-02  1.3626E+00   4.5930E-04
 4.2090E+00  2.3748E-02  1.3625E+00   4.6110E-04
 4.2124E+00  2.3740E-02  1.3625E+00   4.6293E-04
 4.2158E+00  2.3731E-02  1.3624E+00   4.6476E-04
 4.2193E+00  2.3722E-02  1.3623E+00   4.6660E-04
 4.2227E+00  2.3713E-02  1.3622E+00   4.6846E-04
 4.2261E+00  2.3704E-02  1.3621E+00   4.7032E-04
 4.2296E+00  2.3696E-02  1.3621E+00   4.7218E-04
 4.2330E+00  2.3687E-02  1.3620E+00   4.7407E-04
 4.2365E+00  2.3678E-02  1.3619E+00   4.7597E-04
 4.2400E+00  2.3669E-02  1.3618E+00   4.7787E-04
 4.2434E+00  2.3660E-02  1.3617E+00   4.7980E-04
 4.2469E+00  2.3651E-02  1.3617E+00   4.8173E-04
 4.2504E+00  2.3642E-02  1.3616E+00   4.8367E-04
 4.2539E+00  2.3633E-02  1.3615E+00   4.8561E-04
 4.2574E+00  2.3624E-02  1.3614E+00   4.8758E-04
 4.2609E+00  2.3614E-02  1.3613E+00   4.8956E-04
 4.2644E+00  2.3605E-02  1.3613E+00   4.9154E-04
 4.2679E+00  2.3596E-02  1.3612E+00   4.9355E-04
 4.2714E+00  2.3587E-02  1.3611E+00   4.9556E-04
 4.2749E+00  2.3577E-02  1.3610E+00   4.9758E-04
 4.2784E+00  2.3568E-02  1.3609E+00   4.9961E-04
 4.2820E+00  2.3559E-02  1.3608E+00   5.0167E-04
 4.2855E+00  2.3549E-02  1.3607E+00   5.0373E-04
 4.2891E+00  2.3540E-02  1.3607E+00   5.0580E-04
 4.2926E+00  2.3530E-02  1.3606E+00   5.0789E-04
 4.2962E+00  2.3521E-02  1.3605E+00   5.0999E-04
 4.2997E+00  2.3511E-02  1.3604E+00   5.1209E-04
 4.3033E+00  2.3502E-02  1.3603E+00   5.1422E-04
 4.3069E+00  2.3492E-02  1.3602E+00   5.1635E-04
 4.3105E+00  2.3482E-02  1.3601E+00   5.1851E-04
 4.3140E+00  2.3473E-02  1.3600E+00   5.2068E-04
 4.3176E+00  2.3463E-02  1.3600E+00   5.2285E-04
 4.3212E+00  2.3453E-02  1.3599E+00   5.2503E-04
 4.3248E+00  2.3443E-02  1.3598E+00   5.2724E-04
 4.3284E+00  2.3434E-02  1.3597E+00   5.2946E-04
 4.3321E+00  2.3424E-02  1.3596E+00   5.3169E-04
 4.3357E+00  2.3414E-02  1.3595E+00   5.3394E-04
 4.3393E+00  2.3404E-02  1.3594E+00   5.3620E-04
 4.3430E+00  2.3394E-02  1.3593E+00   5.3848E-04
 4.3466E+00  2.3384E-02  1.3592E+00   5.4076E-04
 4.3502E+00  2.3374E-02  1.3591E+00   5.4306E-04
 4.3539E+00  2.3364E-02  1.3591E+00   5.4538E-04
 4.3575E+00  2.3353E-02  1.3590E+00   5.4771E-04
 4.3612E+00  2.3343E-02  1.3589E+00   5.5006E-04
 4.3649E+00  2.3333E-02  1.3588E+00   5.5243E-04
 4.3685E+00  2.3323E-02  1.3587E+00   5.5479E-04
 4.3722E+00  2.3312E-02  1.3586E+00   5.5718E-04
 4.3759E+00  2.3302E-02  1.3585E+00   5.5960E-04
 4.3796E+00  2.3292E-02  1.3584E+00   5.6202E-04
 4.3833E+00  2.3281E-02  1.3583E+00   5.6446E-04
 4.3870E+00  2.3271E-02  1.3582E+00   5.6692E-04
 4.3908E+00  2.3260E-02  1.3581E+00   5.6939E-04
 4.3945E+00  2.3250E-02  1.3580E+00   5.7186E-04
 4.3982E+00  2.3239E-02  1.3579E+00   5.7437E-04
 4.4019E+00  2.3228E-02  1.3578E+00   5.7689E-04
 4.4057E+00  2.3218E-02  1.3577E+00   5.7942E-04
 4.4094E+00  2.3207E-02  1.3576E+00   5.8198E-04
 4.4132E+00  2.3196E-02  1.3575E+00   5.8455E-04
 4.4169E+00  2.3185E-02  1.3574E+00   5.8712E-04
 4.4207E+00  2.3174E-02  1.3573E+00   5.8973E-04
 4.4245E+00  2.3163E-02  1.3572E+00   5.9235E-04
 4.4283E+00  2.3152E-02  1.3571E+00   5.9499E-04
 4.4320E+00  2.3142E-02  1.3570E+00   5.9764E-04
 4.4358E+00  2.3130E-02  1.3569E+00   6.0032E-04
 4.4396E+00  2.3119E-02  1.3568E+00   6.0301E-04
 4.4434E+00  2.3108E-02  1.3567E+00   6.0571E-04
 4.4472E+00  2.3097E-02  1.3566E+00   6.0844E-04
 4.4511E+00  2.3086E-02  1.3565E+00   6.1118E-04
 4.4549E+00  2.3075E-02  1.3564E+00   6.1395E-04
 4.4587E+00  2.3063E-02  1.3563E+00   6.1673E-04
 4.4626E+00  2.3052E-02  1.3562E+00   6.1954E-04
 4.4664E+00  2.3040E-02  1.3561E+00   6.2235E-04
 4.4702E+00  2.3029E-02  1.3560E+00   6.2518E-04
 4.4741E+00  2.3018E-02  1.3559E+00   6.2805E-04
 4.4780E+00  2.3006E-02  1.3558E+00   6.3093E-04
 4.4818E+00  2.2994E-02  1.3557E+00   6.3383E-04
 4.4857E+00  2.2983E-02  1.3556E+00   6.3675E-04
 4.4896E+00  2.2971E-02  1.3555E+00   6.3969E-04
 4.4935E+00  2.2959E-02  1.3554E+00   6.4263E-04
 4.4974E+00  2.2947E-02  1.3553E+00   6.4561E-04
 4.5013E+00  2.2936E-02  1.3552E+00   6.4862E-04
 4.5052E+00  2.2924E-02  1.3550E+00   6.5164E-04
 4.5091E+00  2.2912E-02  1.3549E+00   6.5469E-04
 4.5130E+00  2.2900E-02  1.3548E+00   6.5775E-04
 4.5170E+00  2.2888E-02  1.3547E+00   6.6082E-04
 4.5209E+00  2.2876E-02  1.3546E+00   6.6393E-04
 4.5248E+00  2.2863E-02  1.3545E+00   6.6706E-04
 4.5288E+00  2.2851E-02  1.3544E+00   6.7021E-04
 4.5328E+00  2.2839E-02  1.3543E+00   6.7339E-04
 4.5367E+00  2.2827E-02  1.3542E+00   6.7659E-04
 4.5407E+00  2.2814E-02  1.3540E+00   6.7981E-04
 4.5447E+00  2.2802E-02  1.3539E+00   6.8304E-04
 4.5487E+00  2.2789E-02  1.3538E+00   6.8630E-04
 4.5527E+00  2.2777E-02  1.3537E+00   6.8960E-04
 4.5567E+00  2.2764E-02  1.3536E+00   6.9291E-04
 4.5607E+00  2.2752E-02  1.3535E+00   6.9625E-04
 4.5647E+00  2.2739E-02  1.3534E+00   6.9961E-04
 4.5687E+00  2.2726E-02  1.3532E+00   7.0298E-04
 4.5727E+00  2.2713E-02  1.3531E+00   7.0639E-04
 4.5768E+00  2.2701E-02  1.3530E+00   7.0983E-04
 4.5808E+00  2.2688E-02  1.3529E+00   7.1329E-04
 4.5849E+00  2.2675E-02  1.3528E+00   7.1678E-04
 4.5889E+00  2.2662E-02  1.3526E+00   7.2029E-04
 4.5930E+00  2.2649E-02  1.3525E+00   7.2383E-04
 4.5971E+00  2.2635E-02  1.3524E+00   7.2739E-04
 4.6011E+00  2.2622E-02  1.3523E+00   7.3098E-04
 4.6052E+00  2.2609E-02  1.3522E+00   7.3460E-04
 4.6093E+00  2.2596E-02  1.3520E+00   7.3824E-04
 4.6134E+00  2.2582E-02  1.3519E+00   7.4192E-04
 4.6175E+00  2.2569E-02  1.3518E+00   7.4562E-04
 4.6216E+00  2.2555E-02  1.3517E+00   7.4935E-04
 4.6258E+00  2.2542E-02  1.3515E+00   7.5309E-04
 4.6299E+00  2.2528E-02  1.3514E+00   7.5688E-04
 4.6340E+00  2.2514E-02  1.3513E+00   7.6070E-04
 4.6382E+00  2.2501E-02  1.3512E+00   7.6455E-04
 4.6423E+00  2.2487E-02  1.3510E+00   7.6842E-04
 4.6465E+00  2.2473E-02  1.3509E+00   7.7232E-04
 4.6506E+00  2.2459E-02  1.3508E+00   7.7624E-04
 4.6548E+00  2.2445E-02  1.3507E+00   7.8020E-04
 4.6590E+00  2.2431E-02  1.3505E+00   7.8420E-04
 4.6632E+00  2.2417E-02  1.3504E+00   7.8823E-04
 4.6674E+00  2.2403E-02  1.3503E+00   7.9229E-04
 4.6716E+00  2.2388E-02  1.3501E+00   7.9638E-04
 4.6758E+00  2.2374E-02  1.3500E+00   8.0051E-04
 4.6800E+00  2.2360E-02  1.3499E+00   8.0464E-04
 4.6843E+00  2.2345E-02  1.3497E+00   8.0883E-04
 4.6885E+00  2.2331E-02  1.3496E+00   8.1306E-04
 4.6927E+00  2.2316E-02  1.3495E+00   8.1731E-04
 4.6970E+00  2.2302E-02  1.3493E+00   8.2160E-04
 4.7013E+00  2.2287E-02  1.3492E+00   8.2593E-04
 4.7055E+00  2.2272E-02  1.3491E+00   8.3027E-04
 4.7098E+00  2.2257E-02  1.3489E+00   8.3466E-04
 4.7141E+00  2.2242E-02  1.3488E+00   8.3909E-04
 4.7184E+00  2.2227E-02  1.3486E+00   8.4356E-04
 4.7227E+00  2.2212E-02  1.3485E+00   8.4806E-04
 4.7270E+00  2.2197E-02  1.3484E+00   8.5260E-04
 4.7313E+00  2.2182E-02  1.3482E+00   8.5718E-04
 4.7356E+00  2.2166E-02  1.3481E+00   8.6177E-04
 4.7399E+00  2.2151E-02  1.3479E+00   8.6643E-04
 4.7443E+00  2.2136E-02  1.3478E+00   8.7112E-04
 4.7486E+00  2.2120E-02  1.3477E+00   8.7585E-04
 4.7530E+00  2.2105E-02  1.3475E+00   8.8062E-04
 4.7573E+00  2.2089E-02  1.3474E+00   8.8544E-04
 4.7617E+00  2.2073E-02  1.3472E+00   8.9026E-04
 4.7661E+00  2.2057E-02  1.3471E+00   8.9516E-04
 4.7705E+00  2.2041E-02  1.3469E+00   9.0009E-04
 4.7748E+00  2.2025E-02  1.3468E+00   9.0506E-04
 4.7793E+00  2.2009E-02  1.3466E+00   9.1009E-04
 4.7837E+00  2.1993E-02  1.3465E+00   9.1515E-04
 4.7881E+00  2.1977E-02  1.3463E+00   9.2026E-04
 4.7925E+00  2.1961E-02  1.3462E+00   9.2538E-04
 4.7969E+00  2.1944E-02  1.3460E+00   9.3057E-04
 4.8014E+00  2.1928E-02  1.3459E+00   9.3582E-04
 4.8058E+00  2.1911E-02  1.3457E+00   9.4110E-04
 4.8103E+00  2.1895E-02  1.3456E+00   9.4643E-04
 4.8148E+00  2.1878E-02  1.3454E+00   9.5181E-04
 4.8192E+00  2.1861E-02  1.3453E+00   9.5722E-04
 4.8237E+00  2.1844E-02  1.3451E+00   9.6268E-04
 4.8282E+00  2.1827E-02  1.3449E+00   9.6821E-04
 4.8327E+00  2.1810E-02  1.3448E+00   9.7378E-04
 4.8372E+00  2.1793E-02  1.3446E+00   9.7940E-04
 4.8417E+00  2.1776E-02  1.3445E+00   9.8508E-04
 4.8463E+00  2.1759E-02  1.3443E+00   9.9080E-04
 4.8508E+00  2.1741E-02  1.3441E+00   9.9656E-04
 4.8553E+00  2.1724E-02  1.3440E+00   1.0024E-03
 4.8599E+00  2.1706E-02  1.3438E+00   1.0083E-03
 4.8644E+00  2.1688E-02  1.3436E+00   1.0142E-03
 4.8690E+00  2.1671E-02  1.3435E+00   1.0202E-03
 4.8736E+00  2.1653E-02  1.3433E+00   1.0262E-03
 4.8781E+00  2.1635E-02  1.3431E+00   1.0323E-03
 4.8827E+00  2.1617E-02  1.3430E+00   1.0385E-03
 4.8873E+00  2.1599E-02  1.3428E+00   1.0447E-03
 4.8920E+00  2.1580E-02  1.3426E+00   1.0510E-03
 4.8966E+00  2.1562E-02  1.3425E+00   1.0573E-03
 4.9012E+00  2.1544E-02  1.3423E+00   1.0637E-03
 4.9059E+00  2.1525E-02  1.3421E+00   1.0702E-03
 4.9105E+00  2.1507E-02  1.3419E+00   1.0767E-03
 4.9151E+00  2.1488E-02  1.3418E+00   1.0832E-03
 4.9198E+00  2.1469E-02  1.3416E+00   1.0899E-03
 4.9245E+00  2.1450E-02  1.3414E+00   1.0966E-03
 4.9292E+00  2.1431E-02  1.3412E+00   1.1034E-03
 4.9339E+00  2.1412E-02  1.3411E+00   1.1102E-03
 4.9385E+00  2.1393E-02  1.3409E+00   1.1171E-03
 4.9432E+00  2.1373E-02  1.3407E+00   1.1241E-03
 4.9480E+00  2.1354E-02  1.3405E+00   1.1311E-03
 4.9527E+00  2.1334E-02  1.3403E+00   1.1382E-03
 4.9574E+00  2.1315E-02  1.3402E+00   1.1454E-03
 4.9622E+00  2.1295E-02  1.3400E+00   1.1527E-03
 4.9669E+00  2.1275E-02  1.3398E+00   1.1600E-03
 4.9717E+00  2.1255E-02  1.3396E+00   1.1674E-03
 4.9765E+00  2.1235E-02  1.3394E+00   1.1749E-03
 4.9813E+00  2.1215E-02  1.3392E+00   1.1825E-03
 4.9860E+00  2.1194E-02  1.3390E+00   1.1901E-03
 4.9908E+00  2.1174E-02  1.3388E+00   1.1978E-03
 4.9957E+00  2.1153E-02  1.3386E+00   1.2056E-03
 5.0004E+00  2.1133E-02  1.3384E+00   1.2135E-03
 5.0053E+00  2.1112E-02  1.3382E+00   1.2214E-03
 5.0101E+00  2.1091E-02  1.3381E+00   1.2295E-03
 5.0150E+00  2.1070E-02  1.3379E+00   1.2376E-03
 5.0198E+00  2.1049E-02  1.3377E+00   1.2458E-03
 5.0247E+00  2.1027E-02  1.3375E+00   1.2541E-03
 5.0296E+00  2.1006E-02  1.3373E+00   1.2625E-03
 5.0344E+00  2.0985E-02  1.3371E+00   1.2710E-03
 5.0393E+00  2.0963E-02  1.3368E+00   1.2796E-03
 5.0442E+00  2.0941E-02  1.3366E+00   1.2882E-03
 5.0492E+00  2.0919E-02  1.3364E+00   1.2970E-03
 5.0541E+00  2.0897E-02  1.3362E+00   1.3059E-03
 5.0590E+00  2.0875E-02  1.3360E+00   1.3148E-03
 5.0639E+00  2.0853E-02  1.3358E+00   1.3239E-03
 5.0689E+00  2.0830E-02  1.3356E+00   1.3331E-03
 5.0739E+00  2.0808E-02  1.3354E+00   1.3423E-03
 5.0788E+00  2.0785E-02  1.3352E+00   1.3517E-03
 5.0838E+00  2.0762E-02  1.3350E+00   1.3612E-03
 5.0888E+00  2.0739E-02  1.3347E+00   1.3708E-03
 5.0938E+00  2.0716E-02  1.3345E+00   1.3805E-03
 5.0988E+00  2.0693E-02  1.3343E+00   1.3903E-03
 5.1038E+00  2.0669E-02  1.3341E+00   1.4002E-03
 5.1088E+00  2.0646E-02  1.3339E+00   1.4102E-03
 5.1139E+00  2.0622E-02  1.3336E+00   1.4204E-03
 5.1189E+00  2.0598E-02  1.3334E+00   1.4307E-03
 5.1240E+00  2.0574E-02  1.3332E+00   1.4411E-03
 5.1291E+00  2.0550E-02  1.3329E+00   1.4516E-03
 5.1341E+00  2.0526E-02  1.3327E+00   1.4623E-03
 5.1392E+00  2.0501E-02  1.3325E+00   1.4731E-03
 5.1443E+00  2.0477E-02  1.3323E+00   1.4840E-03
 5.1494E+00  2.0452E-02  1.3320E+00   1.4951E-03
 5.1546E+00  2.0427E-02  1.3318E+00   1.5063E-03
 5.1597E+00  2.0402E-02  1.3315E+00   1.5177E-03
 5.1648E+00  2.0377E-02  1.3313E+00   1.5291E-03
 5.1700E+00  2.0351E-02  1.3311E+00   1.5407E-03
 5.1751E+00  2.0326E-02  1.3308E+00   1.5525E-03
 5.1803E+00  2.0300E-02  1.3306E+00   1.5645E-03
 5.1855E+00  2.0274E-02  1.3303E+00   1.5766E-03
 5.1907E+00  2.0248E-02  1.3301E+00   1.5888E-03
 5.1959E+00  2.0222E-02  1.3298E+00   1.6012E-03
 5.2011E+00  2.0195E-02  1.3296E+00   1.6138E-03
 5.2063E+00  2.0169E-02  1.3293E+00   1.6265E-03
 5.2115E+00  2.0142E-02  1.3291E+00   1.6394E-03
 5.2168E+00  2.0115E-02  1.3288E+00   1.6525E-03
 5.2220E+00  2.0088E-02  1.3285E+00   1.6658E-03
 5.2273E+00  2.0060E-02  1.3283E+00   1.6793E-03
 5.2326E+00  2.0033E-02  1.3280E+00   1.6928E-03
 5.2378E+00  2.0005E-02  1.3278E+00   1.7067E-03
 5.2431E+00  1.9977E-02  1.3275E+00   1.7207E-03
 5.2485E+00  1.9949E-02  1.3272E+00   1.7349E-03
 5.2538E+00  1.9921E-02  1.3269E+00   1.7493E-03
 5.2591E+00  1.9892E-02  1.3267E+00   1.7640E-03
 5.2645E+00  1.9864E-02  1.3264E+00   1.7789E-03
 5.2698E+00  1.9835E-02  1.3261E+00   1.7939E-03
 5.2752E+00  1.9806E-02  1.3258E+00   1.8091E-03
 5.2805E+00  1.9776E-02  1.3256E+00   1.8247E-03
 5.2859E+00  1.9747E-02  1.3253E+00   1.8404E-03
 5.2913E+00  1.9717E-02  1.3250E+00   1.8564E-03
 5.2967E+00  1.9687E-02  1.3247E+00   1.8727E-03
 5.3021E+00  1.9657E-02  1.3244E+00   1.8890E-03
 5.3075E+00  1.9627E-02  1.3241E+00   1.9058E-03
 5.3130E+00  1.9596E-02  1.3238E+00   1.9228E-03
 5.3184E+00  1.9565E-02  1.3235E+00   1.9401E-03
 5.3239E+00  1.9534E-02  1.3232E+00   1.9577E-03
 5.3294E+00  1.9503E-02  1.3229E+00   1.9755E-03
 5.3349E+00  1.9471E-02  1.3226E+00   1.9936E-03
 5.3403E+00  1.9439E-02  1.3223E+00   2.0120E-03
 5.3459E+00  1.9407E-02  1.3220E+00   2.0307E-03
 5.3514E+00  1.9375E-02  1.3217E+00   2.0498E-03
 5.3569E+00  1.9342E-02  1.3214E+00   2.0691E-03
 5.3624E+00  1.9309E-02  1.3211E+00   2.0889E-03
 5.3680E+00  1.9276E-02  1.3207E+00   2.1089E-03
 5.3735E+00  1.9243E-02  1.3204E+00   2.1292E-03
 5.3791E+00  1.9209E-02  1.3201E+00   2.1500E-03
 5.3847E+00  1.9175E-02  1.3198E+00   2.1711E-03
 5.3903E+00  1.9141E-02  1.3194E+00   2.1926E-03
 5.3959E+00  1.9107E-02  1.3191E+00   2.2146E-03
 5.4016E+00  1.9072E-02  1.3188E+00   2.2369E-03
 5.4072E+00  1.9037E-02  1.3184E+00   2.2596E-03
 5.4128E+00  1.9002E-02  1.3181E+00   2.2827E-03
 5.4185E+00  1.8966E-02  1.3177E+00   2.3063E-03
 5.4241E+00  1.8930E-02  1.3174E+00   2.3304E-03
 5.4298E+00  1.8894E-02  1.3170E+00   2.3549E-03
 5.4355E+00  1.8857E-02  1.3167E+00   2.3799E-03
 5.4412E+00  1.8820E-02  1.3163E+00   2.4055E-03
 5.4469E+00  1.8783E-02  1.3159E+00   2.4314E-03
 5.4527E+00  1.8746E-02  1.3156E+00   2.4580E-03
 5.4584E+00  1.8708E-02  1.3152E+00   2.4852E-03
 5.4642E+00  1.8669E-02  1.3148E+00   2.5129E-03
 5.4699E+00  1.8631E-02  1.3144E+00   2.5412E-03
 5.4757E+00  1.8592E-02  1.3141E+00   2.5701E-03
 5.4815E+00  1.8553E-02  1.3137E+00   2.5997E-03
 5.4873E+00  1.8513E-02  1.3133E+00   2.6298E-03
 5.4931E+00  1.8473E-02  1.3129E+00   2.6607E-03
 5.4989E+00  1.8432E-02  1.3125E+00   2.6924E-03
 5.5048E+00  1.8392E-02  1.3121E+00   2.7247E-03
 5.5106E+00  1.8350E-02  1.3117E+00   2.7579E-03
 5.5165E+00  1.8309E-02  1.3113E+00   2.7918E-03
 5.5223E+00  1.8267E-02  1.3109E+00   2.8264E-03
 5.5282E+00  1.8224E-02  1.3104E+00   2.8620E-03
 5.5341E+00  1.8181E-02  1.3100E+00   2.8986E-03
 5.5400E+00  1.8138E-02  1.3096E+00   2.9360E-03
 5.5460E+00  1.8094E-02  1.3092E+00   2.9745E-03
 5.5519E+00  1.8050E-02  1.3087E+00   3.0140E-03
 5.5579E+00  1.8005E-02  1.3083E+00   3.0544E-03
 5.5638E+00  1.7960E-02  1.3078E+00   3.0959E-03
 5.5698E+00  1.7914E-02  1.3074E+00   3.1387E-03
 5.5758E+00  1.7868E-02  1.3069E+00   3.1826E-03
 5.5818E+00  1.7821E-02  1.3064E+00   3.2279E-03
 5.5878E+00  1.7774E-02  1.3060E+00   3.2745E-03
 5.5938E+00  1.7726E-02  1.3055E+00   3.3225E-03
 5.5999E+00  1.7677E-02  1.3050E+00   3.3717E-03
 5.6059E+00  1.7628E-02  1.3045E+00   3.4227E-03
 5.6120E+00  1.7579E-02  1.3040E+00   3.4753E-03
 5.6181E+00  1.7528E-02  1.3035E+00   3.5296E-03
 5.6242E+00  1.7478E-02  1.3030E+00   3.5856E-03
 5.6303E+00  1.7426E-02  1.3025E+00   3.6436E-03
 5.6364E+00  1.7374E-02  1.3020E+00   3.7036E-03
 5.6425E+00  1.7321E-02  1.3014E+00   3.7652E-03
 5.6487E+00  1.7268E-02  1.3009E+00   3.8295E-03
 5.6548E+00  1.7213E-02  1.3004E+00   3.8961E-03
 5.6610E+00  1.7158E-02  1.2998E+00   3.9652E-03
 5.6672E+00  1.7102E-02  1.2992E+00   4.0369E-03
 5.6734E+00  1.7046E-02  1.2987E+00   4.1113E-03
 5.6796E+00  1.6989E-02  1.2981E+00   4.1883E-03
 5.6858E+00  1.6930E-02  1.2975E+00   4.2689E-03
 5.6921E+00  1.6871E-02  1.2969E+00   4.3529E-03
 5.6983E+00  1.6811E-02  1.2963E+00   4.4404E-03
 5.7046E+00  1.6750E-02  1.2957E+00   4.5317E-03
 5.7109E+00  1.6688E-02  1.2950E+00   4.6271E-03
 5.7172E+00  1.6625E-02  1.2944E+00   4.7269E-03
 5.7235E+00  1.6561E-02  1.2937E+00   4.8310E-03
 5.7298E+00  1.6496E-02  1.2931E+00   4.9405E-03
 5.7362E+00  1.6429E-02  1.2924E+00   5.0554E-03
 5.7425E+00  1.6362E-02  1.2917E+00   5.1762E-03
 5.7489E+00  1.6293E-02  1.2910E+00   5.3032E-03
 5.7553E+00  1.6223E-02  1.2903E+00   5.4369E-03
 5.7616E+00  1.6152E-02  1.2895E+00   5.5774E-03
 5.7680E+00  1.6079E-02  1.2888E+00   5.7264E-03
 5.7745E+00  1.6005E-02  1.2880E+00   5.8842E-03
 5.7809E+00  1.5929E-02  1.2872E+00   6.0516E-03
 5.7874E+00  1.5852E-02  1.2864E+00   6.2289E-03
 5.7938E+00  1.5773E-02  1.2856E+00   6.4175E-03
 5.8003E+00  1.5692E-02  1.2847E+00   6.6186E-03
 5.8068E+00  1.5610E-02  1.2839E+00   6.8321E-03
 5.8133E+00  1.5525E-02  1.2830E+00   7.0611E-03
 5.8198E+00  1.5438E-02  1.2821E+00   7.3067E-03
 5.8264E+00  1.5349E-02  1.2811E+00   7.5706E-03
 5.8329E+00  1.5259E-02  1.2802E+00   7.8538E-03
 5.8395E+00  1.5165E-02  1.2792E+00   8.1600E-03
 5.8461E+00  1.5070E-02  1.2782E+00   8.4886E-03
 5.8527E+00  1.4971E-02  1.2771E+00   8.8471E-03
 5.8593E+00  1.4870E-02  1.2760E+00   9.2357E-03
 5.8659E+00  1.4766E-02  1.2749E+00   9.6599E-03
 5.8726E+00  1.4659E-02  1.2737E+00   1.0123E-02
 5.8792E+00  1.4549E-02  1.2725E+00   1.0630E-02
 5.8859E+00  1.4435E-02  1.2713E+00   1.1188E-02
 5.8926E+00  1.4319E-02  1.2700E+00   1.1799E-02
 5.8993E+00  1.4199E-02  1.2687E+00   1.2478E-02
 5.9060E+00  1.4075E-02  1.2673E+00   1.3232E-02
 5.9127E+00  1.3948E-02  1.2659E+00   1.4072E-02
 5.9195E+00  1.3818E-02  1.2644E+00   1.5011E-02
 5.9263E+00  1.3684E-02  1.2629E+00   1.6064E-02
 5.9330E+00  1.3549E-02  1.2613E+00   1.7243E-02
 5.9398E+00  1.3411E-02  1.2597E+00   1.8582E-02
 5.9466E+00  1.3272E-02  1.2580E+00   2.0102E-02
 5.9535E+00  1.3134E-02  1.2563E+00   2.1830E-02
 5.9603E+00  1.2999E-02  1.2546E+00   2.3804E-02
 5.9672E+00  1.2869E-02  1.2529E+00   2.6061E-02
 5.9741E+00  1.2750E-02  1.2513E+00   2.8650E-02
 5.9809E+00  1.2648E-02  1.2497E+00   3.1602E-02
 5.9878E+00  1.2571E-02  1.2483E+00   3.4998E-02
 5.9948E+00  1.2529E-02  1.2472E+00   3.8875E-02
 6.0017E+00  1.2538E-02  1.2465E+00   4.3264E-02
 6.0087E+00  1.2616E-02  1.2464E+00   4.8161E-02
 6.0156E+00  1.2783E-02  1.2471E+00   5.3513E-02
 6.0226E+00  1.3060E-02  1.2488E+00   5.9161E-02
 6.0296E+00  1.3464E-02  1.2518E+00   6.4896E-02
 6.0366E+00  1.4003E-02  1.2563E+00   7.0289E-02
 6.0437E+00  1.4663E-02  1.2622E+00   7.4834E-02
 6.0507E+00  1.5407E-02  1.2694E+00   7.7980E-02
 6.0578E+00  1.6178E-02  1.2773E+00   7.9281E-02
 6.0649E+00  1.6907E-02  1.2853E+00   7.8543E-02
 6.0720E+00  1.7532E-02  1.2926E+00   7.5914E-02
 6.0791E+00  1.8019E-02  1.2988E+00   7.1767E-02
 6.0862E+00  1.8354E-02  1.3035E+00   6.6646E-02
 6.0934E+00  1.8546E-02  1.3068E+00   6.1081E-02
 6.1006E+00  1.8615E-02  1.3087E+00   5.5506E-02
 6.1078E+00  1.8590E-02  1.3095E+00   5.0196E-02
 6.1150E+00  1.8495E-02  1.3094E+00   4.5335E-02
 6.1222E+00  1.8351E-02  1.3086E+00   4.0995E-02
 6.1294E+00  1.8175E-02  1.3074E+00   3.7146E-02
 6.1367E+00  1.7978E-02  1.3059E+00   3.3783E-02
 6.1439E+00  1.7771E-02  1.3042E+00   3.0860E-02
 6.1512E+00  1.7559E-02  1.3023E+00   2.8332E-02
 6.1585E+00  1.7345E-02  1.3004E+00   2.6141E-02
 6.1658E+00  1.7134E-02  1.2985E+00   2.4257E-02
 6.1732E+00  1.6926E-02  1.2965E+00   2.2618E-02
 6.1806E+00  1.6722E-02  1.2946E+00   2.1195E-02
 6.1879E+00  1.6523E-02  1.2926E+00   1.9960E-02
 6.1953E+00  1.6329E-02  1.2907E+00   1.8885E-02
 6.2027E+00  1.6141E-02  1.2888E+00   1.7951E-02
 6.2102E+00  1.5956E-02  1.2870E+00   1.7134E-02
 6.2176E+00  1.5778E-02  1.2852E+00   1.6426E-02
 6.2251E+00  1.5602E-02  1.2834E+00   1.5804E-02
 6.2325E+00  1.5431E-02  1.2816E+00   1.5262E-02
 6.2401E+00  1.5263E-02  1.2799E+00   1.4788E-02
 6.2476E+00  1.5098E-02  1.2782E+00   1.4376E-02
 6.2551E+00  1.4937E-02  1.2765E+00   1.4018E-02
 6.2626E+00  1.4779E-02  1.2748E+00   1.3710E-02
 6.2702E+00  1.4622E-02  1.2732E+00   1.3442E-02
 6.2778E+00  1.4468E-02  1.2716E+00   1.3214E-02
 6.2854E+00  1.4315E-02  1.2699E+00   1.3021E-02
 6.2931E+00  1.4164E-02  1.2683E+00   1.2859E-02
 6.3007E+00  1.4015E-02  1.2667E+00   1.2726E-02
 6.3084E+00  1.3867E-02  1.2651E+00   1.2619E-02
 6.3160E+00  1.3720E-02  1.2635E+00   1.2538E-02
 6.3238E+00  1.3574E-02  1.2619E+00   1.2478E-02
 6.3315E+00  1.3428E-02  1.2603E+00   1.2439E-02
 6.3392E+00  1.3283E-02  1.2587E+00   1.2420E-02
 6.3470E+00  1.3138E-02  1.2571E+00   1.2420E-02
 6.3548E+00  1.2993E-02  1.2555E+00   1.2437E-02
 6.3625E+00  1.2849E-02  1.2539E+00   1.2471E-02
 6.3704E+00  1.2705E-02  1.2522E+00   1.2521E-02
 6.3782E+00  1.2560E-02  1.2506E+00   1.2586E-02
 6.3861E+00  1.2414E-02  1.2490E+00   1.2666E-02
 6.3939E+00  1.2269E-02  1.2473E+00   1.2761E-02
 6.4018E+00  1.2123E-02  1.2456E+00   1.2871E-02
 6.4098E+00  1.1976E-02  1.2439E+00   1.2994E-02
 6.4177E+00  1.1829E-02  1.2422E+00   1.3131E-02
 6.4256E+00  1.1681E-02  1.2405E+00   1.3282E-02
 6.4336E+00  1.1531E-02  1.2388E+00   1.3448E-02
 6.4416E+00  1.1381E-02  1.2370E+00   1.3627E-02
 6.4496E+00  1.1230E-02  1.2352E+00   1.3821E-02
 6.4577E+00  1.1077E-02  1.2334E+00   1.4029E-02
 6.4657E+00  1.0924E-02  1.2316E+00   1.4251E-02
 6.4737E+00  1.0769E-02  1.2297E+00   1.4490E-02
 6.4818E+00  1.0613E-02  1.2278E+00   1.4744E-02
 6.4900E+00  1.0455E-02  1.2259E+00   1.5014E-02
 6.4981E+00  1.0295E-02  1.2239E+00   1.5301E-02
 6.5063E+00  1.0134E-02  1.2219E+00   1.5605E-02
 6.5145E+00  9.9708E-03  1.2199E+00   1.5928E-02
 6.5226E+00  9.8071E-03  1.2178E+00   1.6267E-02
 6.5308E+00  9.6403E-03  1.2157E+00   1.6629E-02
 6.5391E+00  9.4717E-03  1.2136E+00   1.7012E-02
 6.5473E+00  9.3012E-03  1.2114E+00   1.7416E-02
 6.5556E+00  9.1286E-03  1.2091E+00   1.7844E-02
 6.5639E+00  8.9537E-03  1.2068E+00   1.8298E-02
 6.5722E+00  8.7777E-03  1.2045E+00   1.8775E-02
 6.5805E+00  8.5984E-03  1.2021E+00   1.9283E-02
 6.5889E+00  8.4168E-03  1.1997E+00   1.9822E-02
 6.5973E+00  8.2329E-03  1.1972E+00   2.0393E-02
 6.6057E+00  8.0466E-03  1.1946E+00   2.0999E-02
 6.6142E+00  7.8580E-03  1.1920E+00   2.1642E-02
 6.6226E+00  7.6669E-03  1.1893E+00   2.2326E-02
 6.6310E+00  7.4741E-03  1.1865E+00   2.3050E-02
 6.6395E+00  7.2782E-03  1.1837E+00   2.3825E-02
 6.6480E+00  7.0797E-03  1.1807E+00   2.4652E-02
 6.6566E+00  6.8789E-03  1.1777E+00   2.5536E-02
 6.6652E+00  6.6756E-03  1.1746E+00   2.6482E-02
 6.6737E+00  6.4704E-03  1.1714E+00   2.7495E-02
 6.6823E+00  6.2642E-03  1.1682E+00   2.8577E-02
 6.6909E+00  6.0550E-03  1.1648E+00   2.9747E-02
 6.6996E+00  5.8443E-03  1.1613E+00   3.1007E-02
 6.7083E+00  5.6322E-03  1.1577E+00   3.2370E-02
 6.7169E+00  5.4196E-03  1.1539E+00   3.3842E-02
 6.7257E+00  5.2066E-03  1.1501E+00   3.5441E-02
 6.7344E+00  4.9942E-03  1.1461E+00   3.7179E-02
 6.7431E+00  4.7843E-03  1.1420E+00   3.9066E-02
 6.7519E+00  4.5757E-03  1.1377E+00   4.1139E-02
 6.7607E+00  4.3712E-03  1.1333E+00   4.3412E-02
 6.7696E+00  4.1725E-03  1.1287E+00   4.5912E-02
 6.7784E+00  3.9817E-03  1.1240E+00   4.8672E-02
 6.7873E+00  3.8018E-03  1.1191E+00   5.1726E-02
 6.7962E+00  3.6370E-03  1.1141E+00   5.5100E-02
 6.8051E+00  3.4904E-03  1.1089E+00   5.8873E-02
 6.8140E+00  3.3680E-03  1.1036E+00   6.3091E-02
 6.8230E+00  3.2770E-03  1.0982E+00   6.7815E-02
 6.8320E+00  3.2259E-03  1.0927E+00   7.3125E-02
 6.8410E+00  3.2253E-03  1.0873E+00   7.9096E-02
 6.8501E+00  3.2883E-03  1.0819E+00   8.5824E-02
 6.8591E+00  3.4289E-03  1.0767E+00   9.3347E-02
 6.8682E+00  3.6661E-03  1.0719E+00   1.0183E-01
 6.8773E+00  4.0184E-03  1.0677E+00   1.1131E-01
 6.8864E+00  4.5042E-03  1.0644E+00   1.2179E-01
 6.8956E+00  5.1384E-03  1.0622E+00   1.3321E-01
 6.9048E+00  5.9281E-03  1.0617E+00   1.4540E-01
 6.9140E+00  6.8587E-03  1.0632E+00   1.5794E-01
 6.9232E+00  7.9064E-03  1.0670E+00   1.7039E-01
 6.9325E+00  9.0108E-03  1.0732E+00   1.8197E-01
 6.9417E+00  1.0084E-02  1.0817E+00   1.9177E-01
 6.9511E+00  1.1034E-02  1.0920E+00   1.9898E-01
 6.9604E+00  1.1768E-02  1.1032E+00   2.0296E-01
 6.9698E+00  1.2225E-02  1.1140E+00   2.0353E-01
 6.9791E+00  1.2385E-02  1.1234E+00   2.0100E-01
 6.9885E+00  1.2270E-02  1.1305E+00   1.9603E-01
 6.9980E+00  1.1927E-02  1.1348E+00   1.8955E-01
 7.0074E+00  1.1419E-02  1.1362E+00   1.8245E-01
 7.0169E+00  1.0810E-02  1.1348E+00   1.7551E-01
 7.0264E+00  1.0156E-02  1.1310E+00   1.6931E-01
 7.0359E+00  9.5094E-03  1.1252E+00   1.6426E-01
 7.0455E+00  8.8985E-03  1.1176E+00   1.6052E-01
 7.0551E+00  8.3581E-03  1.1088E+00   1.5825E-01
 7.0647E+00  7.9129E-03  1.0988E+00   1.5750E-01
 7.0743E+00  7.5872E-03  1.0880E+00   1.5831E-01
 7.0840E+00  7.4056E-03  1.0764E+00   1.6070E-01
 7.0937E+00  7.3957E-03  1.0642E+00   1.6470E-01
 7.1034E+00  7.5887E-03  1.0515E+00   1.7035E-01
 7.1131E+00  8.0266E-03  1.0384E+00   1.7781E-01
 7.1229E+00  8.7591E-03  1.0248E+00   1.8716E-01
 7.1327E+00  9.8481E-03  1.0109E+00   1.9860E-01
 7.1425E+00  1.1368E-02  9.9696E-01   2.1231E-01
 7.1524E+00  1.3411E-02  9.8300E-01   2.2856E-01
 7.1623E+00  1.6068E-02  9.6940E-01   2.4752E-01
 7.1722E+00  1.9482E-02  9.5636E-01   2.6970E-01
 7.1821E+00  2.3768E-02  9.4443E-01   2.9531E-01
 7.1921E+00  2.9042E-02  9.3425E-01   3.2465E-01
 7.2021E+00  3.5384E-02  9.2661E-01   3.5789E-01
 7.2121E+00  4.2805E-02  9.2249E-01   3.9502E-01
 7.2222E+00  5.1240E-02  9.2298E-01   4.3590E-01
 7.2322E+00  6.0416E-02  9.2922E-01   4.7967E-01
 7.2423E+00  7.0133E-02  9.4244E-01   5.2603E-01
 7.2524E+00  7.9921E-02  9.6369E-01   5.7350E-01
 7.2626E+00  8.9312E-02  9.9383E-01   6.2050E-01
 7.2728E+00  9.7837E-02  1.0334E+00   6.6502E-01
 7.2830E+00  1.0510E-01  1.0824E+00   7.0483E-01
 7.2932E+00  1.1075E-01  1.1402E+00   7.3724E-01
 7.3035E+00  1.1464E-01  1.2060E+00   7.5995E-01
 7.3138E+00  1.1668E-01  1.2771E+00   7.7035E-01
 7.3241E+00  1.1690E-01  1.3504E+00   7.6674E-01
 7.3345E+00  1.1548E-01  1.4216E+00   7.4863E-01
 7.3449E+00  1.1269E-01  1.4868E+00   7.1716E-01
 7.3553E+00  1.0884E-01  1.5426E+00   6.7482E-01
 7.3657E+00  1.0431E-01  1.5868E+00   6.2549E-01
 7.3762E+00  9.9347E-02  1.6192E+00   5.7232E-01
 7.3867E+00  9.4233E-02  1.6403E+00   5.1891E-01
 7.3973E+00  8.9150E-02  1.6518E+00   4.6761E-01
 7.4078E+00  8.4233E-02  1.6555E+00   4.1999E-01
 7.4184E+00  7.9566E-02  1.6532E+00   3.7685E-01
 7.4291E+00  7.5182E-02  1.6467E+00   3.3831E-01
 7.4397E+00  7.1121E-02  1.6372E+00   3.0445E-01
 7.4504E+00  6.7335E-02  1.6257E+00   2.7453E-01
 7.4611E+00  6.3836E-02  1.6130E+00   2.4835E-01
 7.4719E+00  6.0605E-02  1.5997E+00   2.2546E-01
 7.4827E+00  5.7620E-02  1.5860E+00   2.0545E-01
 7.4935E+00  5.4861E-02  1.5723E+00   1.8791E-01
 7.5043E+00  5.2318E-02  1.5588E+00   1.7259E-01
 7.5152E+00  4.9947E-02  1.5456E+00   1.5904E-01
 7.5261E+00  4.7740E-02  1.5327E+00   1.4708E-01
 7.5370E+00  4.5685E-02  1.5201E+00   1.3651E-01
 7.5480E+00  4.3764E-02  1.5080E+00   1.2712E-01
 7.5590E+00  4.1962E-02  1.4962E+00   1.1876E-01
 7.5701E+00  4.0271E-02  1.4849E+00   1.1132E-01
 7.5811E+00  3.8686E-02  1.4739E+00   1.0469E-01
 7.5922E+00  3.7180E-02  1.4633E+00   9.8719E-02
 7.6033E+00  3.5756E-02  1.4530E+00   9.3356E-02
 7.6145E+00  3.4403E-02  1.4430E+00   8.8530E-02
 7.6257E+00  3.3116E-02  1.4333E+00   8.4178E-02
 7.6370E+00  3.1888E-02  1.4239E+00   8.0250E-02
 7.6482E+00  3.0721E-02  1.4148E+00   7.6718E-02
 7.6595E+00  2.9596E-02  1.4059E+00   7.3504E-02
 7.6708E+00  2.8515E-02  1.3971E+00   7.0596E-02
 7.6822E+00  2.7475E-02  1.3886E+00   6.7963E-02
 7.6936E+00  2.6471E-02  1.3802E+00   6.5579E-02
 7.7050E+00  2.5502E-02  1.3720E+00   6.3423E-02
 7.7165E+00  2.4562E-02  1.3639E+00   6.1473E-02
 7.7280E+00  2.3655E-02  1.3560E+00   5.9724E-02
 7.7395E+00  2.2769E-02  1.3481E+00   5.8141E-02
 7.7511E+00  2.1906E-02  1.3403E+00   5.6720E-02
 7.7627E+00  2.1065E-02  1.3325E+00   5.5451E-02
 7.7744E+00  2.0242E-02  1.3249E+00   5.4323E-02
 7.7860E+00  1.9437E-02  1.3172E+00   5.3329E-02
 7.7977E+00  1.8653E-02  1.3096E+00   5.2464E-02
 7.8095E+00  1.7879E-02  1.3021E+00   5.1714E-02
 7.8212E+00  1.7119E-02  1.2944E+00   5.1077E-02
 7.8331E+00  1.6371E-02  1.2868E+00   5.0551E-02
 7.8449E+00  1.5635E-02  1.2792E+00   5.0130E-02
 7.8568E+00  1.4909E-02  1.2715E+00   4.9813E-02
 7.8688E+00  1.4193E-02  1.2638E+00   4.9597E-02
 7.8807E+00  1.3490E-02  1.2560E+00   4.9481E-02
 7.8927E+00  1.2792E-02  1.2481E+00   4.9463E-02
 7.9047E+00  1.2103E-02  1.2402E+00   4.9545E-02
 7.9168E+00  1.1422E-02  1.2321E+00   4.9727E-02
 7.9289E+00  1.0749E-02  1.2239E+00   5.0010E-02
 7.9410E+00  1.0084E-02  1.2155E+00   5.0398E-02
 7.9532E+00  9.4323E-03  1.2070E+00   5.0889E-02
 7.9654E+00  8.7852E-03  1.1984E+00   5.1493E-02
 7.9777E+00  8.1485E-03  1.1895E+00   5.2212E-02
 7.9900E+00  7.5225E-03  1.1804E+00   5.3052E-02
 8.0023E+00  6.9082E-03  1.1711E+00   5.4021E-02
 8.0147E+00  6.3088E-03  1.1615E+00   5.5125E-02
 8.0271E+00  5.7250E-03  1.1517E+00   5.6375E-02
 8.0395E+00  5.1632E-03  1.1416E+00   5.7773E-02
 8.0520E+00  4.6207E-03  1.1312E+00   5.9346E-02
 8.0645E+00  4.1042E-03  1.1204E+00   6.1105E-02
 8.0771E+00  3.6196E-03  1.1092E+00   6.3063E-02
 8.0897E+00  3.1726E-03  1.0976E+00   6.5243E-02
 8.1023E+00  2.7709E-03  1.0855E+00   6.7666E-02
 8.1150E+00  2.4255E-03  1.0730E+00   7.0344E-02
 8.1277E+00  2.1442E-03  1.0600E+00   7.3340E-02
 8.1405E+00  1.9430E-03  1.0463E+00   7.6674E-02
 8.1533E+00  1.8395E-03  1.0320E+00   8.0393E-02
 8.1661E+00  1.8553E-03  1.0170E+00   8.4546E-02
 8.1790E+00  2.0174E-03  1.0012E+00   8.9196E-02
 8.1920E+00  2.3597E-03  9.8463E-01   9.4416E-02
 8.2049E+00  2.9216E-03  9.6723E-01   1.0027E-01
 8.2179E+00  3.7620E-03  9.4876E-01   1.0691E-01
 8.2309E+00  4.9486E-03  9.2920E-01   1.1446E-01
 8.2440E+00  6.5679E-03  9.0849E-01   1.2306E-01
 8.2572E+00  8.7362E-03  8.8648E-01   1.3292E-01
 8.2703E+00  1.1600E-02  8.6311E-01   1.4429E-01
 8.2835E+00  1.5328E-02  8.3840E-01   1.5741E-01
 8.2968E+00  2.0213E-02  8.1201E-01   1.7280E-01
 8.3101E+00  2.6554E-02  7.8407E-01   1.9089E-01
 8.3234E+00  3.4751E-02  7.5463E-01   2.1225E-01
 8.3368E+00  4.5316E-02  7.2386E-01   2.3765E-01
 8.3502E+00  5.8771E-02  6.9225E-01   2.6787E-01
 8.3637E+00  7.5630E-02  6.6054E-01   3.0381E-01
 8.3772E+00  9.6008E-02  6.3012E-01   3.4592E-01
 8.3907E+00  1.1985E-01  6.0226E-01   3.9498E-01
 8.4044E+00  1.4607E-01  5.7893E-01   4.5042E-01
 8.4180E+00  1.7318E-01  5.6169E-01   5.1123E-01
 8.4317E+00  1.9960E-01  5.5159E-01   5.7598E-01
 8.4454E+00  2.2396E-01  5.4907E-01   6.4316E-01
 8.4592E+00  2.4522E-01  5.5414E-01   7.1095E-01
 8.4730E+00  2.6310E-01  5.6671E-01   7.7905E-01
 8.4869E+00  2.7725E-01  5.8653E-01   8.4588E-01
 8.5008E+00  2.8771E-01  6.1332E-01   9.1051E-01
 8.5148E+00  2.9469E-01  6.4649E-01   9.7166E-01
 8.5288E+00  2.9863E-01  6.8503E-01   1.0281E+00
 8.5428E+00  3.0026E-01  7.2732E-01   1.0790E+00
 8.5569E+00  3.0059E-01  7.7064E-01   1.1239E+00
 8.5710E+00  3.0102E-01  8.1276E-01   1.1646E+00
 8.5852E+00  3.0310E-01  8.5132E-01   1.2045E+00
 8.5995E+00  3.0826E-01  8.8668E-01   1.2490E+00
 8.6138E+00  3.1695E-01  9.2343E-01   1.3041E+00
 8.6281E+00  3.2774E-01  9.7172E-01   1.3737E+00
 8.6425E+00  3.3661E-01  1.0461E+00   1.4542E+00
 8.6569E+00  3.3789E-01  1.1632E+00   1.5304E+00
 8.6714E+00  3.2630E-01  1.3283E+00   1.5685E+00
 8.6859E+00  3.0038E-01  1.5137E+00   1.5267E+00
 8.7005E+00  2.6480E-01  1.6525E+00   1.3964E+00
 8.7151E+00  2.2832E-01  1.6926E+00   1.2323E+00
 8.7298E+00  1.9926E-01  1.6431E+00   1.1032E+00
 8.7445E+00  1.8361E-01  1.5463E+00   1.0429E+00
 8.7592E+00  1.8607E-01  1.4404E+00   1.0573E+00
 8.7741E+00  2.0902E-01  1.3599E+00   1.1412E+00
 8.7890E+00  2.4599E-01  1.3373E+00   1.2750E+00
 8.8039E+00  2.8067E-01  1.3945E+00   1.4196E+00
 8.8189E+00  2.9827E-01  1.5216E+00   1.5199E+00
 8.8338E+00  2.9856E-01  1.6555E+00   1.5441E+00
 8.8489E+00  2.9651E-01  1.7364E+00   1.5430E+00
 8.8641E+00  3.0645E-01  1.7937E+00   1.5925E+00
 8.8793E+00  3.2626E-01  1.9090E+00   1.6935E+00
 8.8945E+00  3.4238E-01  2.1284E+00   1.7766E+00
 8.9098E+00  3.4496E-01  2.4278E+00   1.7532E+00
 8.9251E+00  3.3331E-01  2.7115E+00   1.5784E+00
 8.9405E+00  3.1280E-01  2.8820E+00   1.3051E+00
 8.9559E+00  2.8930E-01  2.9260E+00   1.0258E+00
 8.9714E+00  2.6675E-01  2.8881E+00   7.9666E-01
 8.9870E+00  2.4665E-01  2.8143E+00   6.2509E-01
 9.0026E+00  2.2923E-01  2.7306E+00   4.9980E-01
 9.0183E+00  2.1424E-01  2.6489E+00   4.0782E-01
 9.0339E+00  2.0138E-01  2.5738E+00   3.3952E-01
 9.0497E+00  1.9015E-01  2.5057E+00   2.8722E-01
 9.0655E+00  1.8035E-01  2.4446E+00   2.4660E-01
 9.0814E+00  1.7172E-01  2.3900E+00   2.1447E-01
 9.0974E+00  1.6406E-01  2.3411E+00   1.8859E-01
 9.1134E+00  1.5723E-01  2.2971E+00   1.6743E-01
 9.1294E+00  1.5109E-01  2.2573E+00   1.4989E-01
 9.1455E+00  1.4557E-01  2.2214E+00   1.3524E-01
 9.1616E+00  1.4053E-01  2.1885E+00   1.2275E-01
 9.1778E+00  1.3593E-01  2.1585E+00   1.1204E-01
 9.1941E+00  1.3172E-01  2.1308E+00   1.0280E-01
 9.2105E+00  1.2784E-01  2.1054E+00   9.4744E-02
 9.2269E+00  1.2426E-01  2.0818E+00   8.7682E-02
 9.2433E+00  1.2094E-01  2.0599E+00   8.1448E-02
 9.2598E+00  1.1787E-01  2.0397E+00   7.5941E-02
 9.2764E+00  1.1499E-01  2.0207E+00   7.0996E-02
 9.2930E+00  1.1231E-01  2.0029E+00   6.6561E-02
 9.3097E+00  1.0979E-01  1.9862E+00   6.2565E-02
 9.3264E+00  1.0742E-01  1.9705E+00   5.8952E-02
 9.3433E+00  1.0520E-01  1.9557E+00   5.5668E-02
 9.3600E+00  1.0311E-01  1.9418E+00   5.2691E-02
 9.3770E+00  1.0113E-01  1.9286E+00   4.9953E-02
 9.3940E+00  9.9255E-02  1.9160E+00   4.7442E-02
 9.4111E+00  9.7477E-02  1.9041E+00   4.5132E-02
 9.4282E+00  9.5790E-02  1.8928E+00   4.3002E-02
 9.4454E+00  9.4186E-02  1.8820E+00   4.1033E-02
 9.4626E+00  9.2658E-02  1.8718E+00   3.9208E-02
 9.4798E+00  9.1210E-02  1.8620E+00   3.7522E-02
 9.4972E+00  8.9820E-02  1.8526E+00   3.5943E-02
 9.5147E+00  8.8491E-02  1.8437E+00   3.4472E-02
 9.5322E+00  8.7220E-02  1.8351E+00   3.3098E-02
 9.5497E+00  8.6002E-02  1.8268E+00   3.1812E-02
 9.5674E+00  8.4835E-02  1.8189E+00   3.0607E-02
 9.5850E+00  8.3720E-02  1.8113E+00   2.9481E-02
 9.6027E+00  8.2643E-02  1.8040E+00   2.8417E-02
 9.6206E+00  8.1606E-02  1.7969E+00   2.7415E-02
 9.6385E+00  8.0609E-02  1.7901E+00   2.6472E-02
 9.6564E+00  7.9648E-02  1.7836E+00   2.5582E-02
 9.6745E+00  7.8721E-02  1.7772E+00   2.4742E-02
 9.6926E+00  7.7826E-02  1.7711E+00   2.3947E-02
 9.7106E+00  7.6965E-02  1.7652E+00   2.3200E-02
 9.7289E+00  7.6128E-02  1.7594E+00   2.2488E-02
 9.7472E+00  7.5318E-02  1.7538E+00   2.1815E-02
 9.7655E+00  7.4532E-02  1.7484E+00   2.1178E-02
 9.7840E+00  7.3770E-02  1.7431E+00   2.0576E-02
 9.8025E+00  7.3029E-02  1.7380E+00   2.0007E-02
 9.8210E+00  7.2311E-02  1.7330E+00   1.9474E-02
 9.8396E+00  7.1607E-02  1.7281E+00   1.8972E-02
 9.8583E+00  7.0919E-02  1.7234E+00   1.8504E-02
 9.8771E+00  7.0244E-02  1.7187E+00   1.8077E-02
 9.8960E+00  6.9578E-02  1.7140E+00   1.7698E-02
 9.9149E+00  6.8916E-02  1.7094E+00   1.7383E-02
 9.9339E+00  6.8252E-02  1.7048E+00   1.7167E-02
 9.9529E+00  6.7577E-02  1.7000E+00   1.7127E-02
 9.9721E+00  6.6862E-02  1.6950E+00   1.7460E-02
 9.9913E+00  6.6082E-02  1.6894E+00   1.8773E-02
 1.0011E+01  6.5304E-02  1.6838E+00   2.3221E-02
 1.0030E+01  6.5799E-02  1.6868E+00   3.2804E-02
 1.0049E+01  6.6923E-02  1.6951E+00   2.5288E-02
 1.0069E+01  6.6218E-02  1.6904E+00   1.8262E-02
 1.0088E+01  6.5449E-02  1.6851E+00   1.5694E-02
 1.0108E+01  6.4795E-02  1.6805E+00   1.4493E-02
 1.0128E+01  6.4217E-02  1.6764E+00   1.3769E-02
 1.0148E+01  6.3687E-02  1.6727E+00   1.3251E-02
 1.0168E+01  6.3191E-02  1.6692E+00   1.2839E-02
 1.0188E+01  6.2720E-02  1.6658E+00   1.2487E-02
 1.0208E+01  6.2269E-02  1.6626E+00   1.2174E-02
 1.0228E+01  6.1834E-02  1.6596E+00   1.1888E-02
 1.0248E+01  6.1414E-02  1.6566E+00   1.1623E-02
 1.0268E+01  6.1006E-02  1.6537E+00   1.1373E-02
 1.0289E+01  6.0610E-02  1.6508E+00   1.1137E-02
 1.0309E+01  6.0223E-02  1.6481E+00   1.0913E-02
 1.0330E+01  5.9847E-02  1.6454E+00   1.0698E-02
 1.0350E+01  5.9479E-02  1.6428E+00   1.0492E-02
 1.0371E+01  5.9120E-02  1.6402E+00   1.0295E-02
 1.0392E+01  5.8768E-02  1.6377E+00   1.0105E-02
 1.0413E+01  5.8424E-02  1.6352E+00   9.9217E-03
 1.0434E+01  5.8087E-02  1.6328E+00   9.7451E-03
 1.0455E+01  5.7757E-02  1.6304E+00   9.5743E-03
 1.0476E+01  5.7433E-02  1.6281E+00   9.4095E-03
 1.0497E+01  5.7115E-02  1.6258E+00   9.2500E-03
 1.0518E+01  5.6804E-02  1.6235E+00   9.0958E-03
 1.0540E+01  5.6498E-02  1.6213E+00   8.9464E-03
 1.0561E+01  5.6197E-02  1.6191E+00   8.8018E-03
 1.0583E+01  5.5902E-02  1.6170E+00   8.6615E-03
 1.0604E+01  5.5612E-02  1.6149E+00   8.5259E-03
 1.0626E+01  5.5325E-02  1.6128E+00   8.3938E-03
 1.0648E+01  5.5045E-02  1.6108E+00   8.2661E-03
 1.0670E+01  5.4769E-02  1.6088E+00   8.1423E-03
 1.0692E+01  5.4497E-02  1.6068E+00   8.0220E-03
 1.0714E+01  5.4229E-02  1.6049E+00   7.9053E-03
 1.0736E+01  5.3965E-02  1.6029E+00   7.7919E-03
 1.0758E+01  5.3706E-02  1.6010E+00   7.6823E-03
 1.0781E+01  5.3449E-02  1.5992E+00   7.5754E-03
 1.0803E+01  5.3196E-02  1.5973E+00   7.4715E-03
 1.0826E+01  5.2947E-02  1.5955E+00   7.3711E-03
 1.0848E+01  5.2701E-02  1.5937E+00   7.2731E-03
 1.0871E+01  5.2459E-02  1.5919E+00   7.1782E-03
 1.0894E+01  5.2219E-02  1.5902E+00   7.0861E-03
 1.0917E+01  5.1982E-02  1.5884E+00   6.9962E-03
 1.0940E+01  5.1748E-02  1.5867E+00   6.9093E-03
 1.0963E+01  5.1517E-02  1.5850E+00   6.8248E-03
 1.0986E+01  5.1288E-02  1.5833E+00   6.7424E-03
 1.1009E+01  5.1062E-02  1.5817E+00   6.6628E-03
 1.1033E+01  5.0838E-02  1.5800E+00   6.5854E-03
 1.1056E+01  5.0617E-02  1.5784E+00   6.5103E-03
 1.1080E+01  5.0397E-02  1.5767E+00   6.4370E-03
 1.1104E+01  5.0179E-02  1.5751E+00   6.3663E-03
 1.1128E+01  4.9964E-02  1.5735E+00   6.2976E-03
 1.1152E+01  4.9750E-02  1.5720E+00   6.2310E-03
 1.1176E+01  4.9537E-02  1.5704E+00   6.1661E-03
 1.1200E+01  4.9327E-02  1.5688E+00   6.1035E-03
 1.1224E+01  4.9116E-02  1.5672E+00   6.0426E-03
 1.1248E+01  4.8908E-02  1.5657E+00   5.9839E-03
 1.1273E+01  4.8701E-02  1.5642E+00   5.9269E-03
 1.1297E+01  4.8495E-02  1.5626E+00   5.8720E-03
 1.1322E+01  4.8288E-02  1.5611E+00   5.8187E-03
 1.1347E+01  4.8083E-02  1.5595E+00   5.7674E-03
 1.1372E+01  4.7878E-02  1.5580E+00   5.7180E-03
 1.1397E+01  4.7673E-02  1.5565E+00   5.6704E-03
 1.1422E+01  4.7468E-02  1.5549E+00   5.6246E-03
 1.1447E+01  4.7261E-02  1.5534E+00   5.5806E-03
 1.1472E+01  4.7054E-02  1.5518E+00   5.5386E-03
 1.1498E+01  4.6847E-02  1.5503E+00   5.4987E-03
 1.1523E+01  4.6636E-02  1.5487E+00   5.4606E-03
 1.1549E+01  4.6424E-02  1.5471E+00   5.4248E-03
 1.1575E+01  4.6209E-02  1.5455E+00   5.3911E-03
 1.1601E+01  4.5989E-02  1.5438E+00   5.3599E-03
 1.1627E+01  4.5765E-02  1.5421E+00   5.3314E-03
 1.1653E+01  4.5535E-02  1.5404E+00   5.3058E-03
 1.1679E+01  4.5295E-02  1.5386E+00   5.2837E-03
 1.1705E+01  4.5046E-02  1.5367E+00   5.2657E-03
 1.1732E+01  4.4784E-02  1.5347E+00   5.2528E-03
 1.1758E+01  4.4503E-02  1.5326E+00   5.2465E-03
 1.1785E+01  4.4198E-02  1.5302E+00   5.2490E-03
 1.1812E+01  4.3861E-02  1.5277E+00   5.2643E-03
 1.1839E+01  4.3476E-02  1.5247E+00   5.2990E-03
 1.1866E+01  4.3020E-02  1.5212E+00   5.3655E-03
 1.1893E+01  4.2452E-02  1.5169E+00   5.4894E-03
 1.1921E+01  4.1690E-02  1.5110E+00   5.7302E-03
 1.1948E+01  4.0546E-02  1.5021E+00   6.2585E-03
 1.1976E+01  3.8496E-02  1.4861E+00   7.7241E-03
 1.2003E+01  3.3246E-02  1.4437E+00   1.4777E-02
 1.2031E+01  5.1904E-02  1.1585E+00   4.7528E-01
 1.2059E+01  5.8479E-02  1.6353E+00   1.8992E-02
 1.2087E+01  5.0631E-02  1.5785E+00   7.9726E-03
 1.2116E+01  4.8091E-02  1.5596E+00   6.1515E-03
 1.2144E+01  4.6780E-02  1.5498E+00   5.5431E-03
 1.2172E+01  4.5941E-02  1.5435E+00   5.2679E-03
 1.2201E+01  4.5333E-02  1.5389E+00   5.1207E-03
 1.2230E+01  4.4854E-02  1.5352E+00   5.0329E-03
 1.2259E+01  4.4456E-02  1.5322E+00   4.9773E-03
 1.2288E+01  4.4111E-02  1.5296E+00   4.9407E-03
 1.2317E+01  4.3803E-02  1.5272E+00   4.9165E-03
 1.2346E+01  4.3522E-02  1.5251E+00   4.9008E-03
 1.2376E+01  4.3259E-02  1.5231E+00   4.8914E-03
 1.2405E+01  4.3012E-02  1.5212E+00   4.8871E-03
 1.2435E+01  4.2776E-02  1.5194E+00   4.8870E-03
 1.2465E+01  4.2549E-02  1.5176E+00   4.8904E-03
 1.2495E+01  4.2330E-02  1.5159E+00   4.8970E-03
 1.2525E+01  4.2116E-02  1.5143E+00   4.9066E-03
 1.2556E+01  4.1907E-02  1.5127E+00   4.9190E-03
 1.2586E+01  4.1701E-02  1.5111E+00   4.9342E-03
 1.2617E+01  4.1498E-02  1.5095E+00   4.9520E-03
 1.2648E+01  4.1297E-02  1.5080E+00   4.9726E-03
 1.2678E+01  4.1098E-02  1.5064E+00   4.9957E-03
 1.2710E+01  4.0900E-02  1.5049E+00   5.0217E-03
 1.2741E+01  4.0703E-02  1.5034E+00   5.0504E-03
 1.2772E+01  4.0506E-02  1.5018E+00   5.0819E-03
 1.2804E+01  4.0310E-02  1.5003E+00   5.1163E-03
 1.2835E+01  4.0113E-02  1.4988E+00   5.1538E-03
 1.2867E+01  3.9915E-02  1.4972E+00   5.1946E-03
 1.2899E+01  3.9717E-02  1.4957E+00   5.2384E-03
 1.2931E+01  3.9518E-02  1.4941E+00   5.2856E-03
 1.2964E+01  3.9317E-02  1.4926E+00   5.3366E-03
 1.2996E+01  3.9115E-02  1.4910E+00   5.3912E-03
 1.3029E+01  3.8912E-02  1.4894E+00   5.4496E-03
 1.3062E+01  3.8707E-02  1.4878E+00   5.5121E-03
 1.3095E+01  3.8500E-02  1.4861E+00   5.5790E-03
 1.3128E+01  3.8290E-02  1.4845E+00   5.6505E-03
 1.3161E+01  3.8078E-02  1.4828E+00   5.7266E-03
 1.3195E+01  3.7863E-02  1.4811E+00   5.8079E-03
 1.3228E+01  3.7645E-02  1.4794E+00   5.8943E-03
 1.3262E+01  3.7424E-02  1.4776E+00   5.9867E-03
 1.3296E+01  3.7199E-02  1.4758E+00   6.0850E-03
 1.3330E+01  3.6971E-02  1.4740E+00   6.1897E-03
 1.3365E+01  3.6739E-02  1.4722E+00   6.3010E-03
 1.3399E+01  3.6503E-02  1.4703E+00   6.4196E-03
 1.3434E+01  3.6262E-02  1.4683E+00   6.5465E-03
 1.3469E+01  3.6016E-02  1.4664E+00   6.6813E-03
 1.3504E+01  3.5765E-02  1.4644E+00   6.8246E-03
 1.3539E+01  3.5509E-02  1.4623E+00   6.9780E-03
 1.3575E+01  3.5247E-02  1.4602E+00   7.1412E-03
 1.3610E+01  3.4978E-02  1.4580E+00   7.3160E-03
 1.3646E+01  3.4703E-02  1.4558E+00   7.5022E-03
 1.3682E+01  3.4421E-02  1.4535E+00   7.7013E-03
 1.3718E+01  3.4131E-02  1.4511E+00   7.9143E-03
 1.3755E+01  3.3833E-02  1.4487E+00   8.1423E-03
 1.3791E+01  3.3528E-02  1.4462E+00   8.3860E-03
 1.3828E+01  3.3212E-02  1.4436E+00   8.6482E-03
 1.3865E+01  3.2887E-02  1.4410E+00   8.9297E-03
 1.3902E+01  3.2551E-02  1.4382E+00   9.2324E-03
 1.3939E+01  3.2205E-02  1.4353E+00   9.5573E-03
 1.3977E+01  3.1847E-02  1.4323E+00   9.9085E-03
 1.4015E+01  3.1475E-02  1.4292E+00   1.0288E-02
 1.4053E+01  3.1090E-02  1.4260E+00   1.0697E-02
 1.4091E+01  3.0690E-02  1.4227E+00   1.1141E-02
 1.4129E+01  3.0276E-02  1.4192E+00   1.1621E-02
 1.4168E+01  2.9843E-02  1.4155E+00   1.2146E-02
 1.4207E+01  2.9393E-02  1.4117E+00   1.2716E-02
 1.4246E+01  2.8924E-02  1.4077E+00   1.3338E-02
 1.4285E+01  2.8434E-02  1.4035E+00   1.4018E-02
 1.4325E+01  2.7920E-02  1.3990E+00   1.4766E-02
 1.4364E+01  2.7382E-02  1.3943E+00   1.5589E-02
 1.4404E+01  2.6817E-02  1.3894E+00   1.6497E-02
 1.4444E+01  2.6224E-02  1.3841E+00   1.7501E-02
 1.4485E+01  2.5600E-02  1.3786E+00   1.8616E-02
 1.4525E+01  2.4941E-02  1.3726E+00   1.9861E-02
 1.4566E+01  2.4246E-02  1.3663E+00   2.1254E-02
 1.4607E+01  2.3510E-02  1.3595E+00   2.2824E-02
 1.4648E+01  2.2733E-02  1.3523E+00   2.4591E-02
 1.4690E+01  2.1907E-02  1.3445E+00   2.6601E-02
 1.4731E+01  2.1032E-02  1.3361E+00   2.8895E-02
 1.4773E+01  2.0100E-02  1.3269E+00   3.1536E-02
 1.4816E+01  1.9112E-02  1.3170E+00   3.4588E-02
 1.4858E+01  1.8060E-02  1.3061E+00   3.8153E-02
 1.4901E+01  1.6945E-02  1.2942E+00   4.2340E-02
 1.4944E+01  1.5768E-02  1.2812E+00   4.7305E-02
 1.4987E+01  1.4529E-02  1.2667E+00   5.3267E-02
 1.5030E+01  1.3243E-02  1.2505E+00   6.0494E-02
 1.5074E+01  1.1930E-02  1.2325E+00   6.9392E-02
 1.5118E+01  1.0637E-02  1.2123E+00   8.0513E-02
 1.5162E+01  9.4536E-03  1.1896E+00   9.4614E-02
 1.5207E+01  8.5404E-03  1.1639E+00   1.1287E-01
 1.5251E+01  8.1977E-03  1.1353E+00   1.3691E-01
 1.5296E+01  8.9740E-03  1.1038E+00   1.6931E-01
 1.5342E+01  1.1849E-02  1.0707E+00   2.1359E-01
 1.5387E+01  1.8444E-02  1.0396E+00   2.7459E-01
 1.5433E+01  3.0878E-02  1.0187E+00   3.5713E-01
 1.5479E+01  5.0004E-02  1.0229E+00   4.6029E-01
 1.5525E+01  7.2749E-02  1.0693E+00   5.7181E-01
 1.5572E+01  9.1621E-02  1.1651E+00   6.6229E-01
 1.5619E+01  1.0035E-01  1.2906E+00   6.9806E-01
 1.5666E+01  9.8556E-02  1.3990E+00   6.6995E-01
 1.5713E+01  9.1251E-02  1.4518E+00   6.1277E-01
 1.5761E+01  8.4781E-02  1.4534E+00   5.7418E-01
 1.5809E+01  8.4580E-02  1.4364E+00   5.8060E-01
 1.5858E+01  9.3230E-02  1.4412E+00   6.2809E-01
 1.5906E+01  1.0591E-01  1.4900E+00   6.7978E-01
 1.5955E+01  1.1454E-01  1.5539E+00   7.0236E-01
 1.6005E+01  1.2249E-01  1.6010E+00   7.2715E-01
 1.6054E+01  1.3957E-01  1.6787E+00   7.9012E-01
 1.6104E+01  1.5998E-01  1.8503E+00   8.2600E-01
 1.6154E+01  1.6611E-01  2.0480E+00   7.2766E-01
 1.6205E+01  1.5717E-01  2.1395E+00   5.4176E-01
 1.6255E+01  1.4349E-01  2.1311E+00   3.8064E-01
 1.6306E+01  1.3078E-01  2.0850E+00   2.7192E-01
 1.6358E+01  1.2028E-01  2.0333E+00   2.0180E-01
 1.6410E+01  1.1179E-01  1.9861E+00   1.5546E-01
 1.6462E+01  1.0492E-01  1.9452E+00   1.2369E-01
 1.6514E+01  9.9275E-02  1.9104E+00   1.0103E-01
 1.6567E+01  9.4564E-02  1.8806E+00   8.4287E-02
 1.6620E+01  9.0584E-02  1.8549E+00   7.1568E-02
 1.6674E+01  8.7178E-02  1.8327E+00   6.1663E-02
 1.6727E+01  8.4225E-02  1.8132E+00   5.3772E-02
 1.6782E+01  8.1639E-02  1.7959E+00   4.7374E-02
 1.6836E+01  7.9360E-02  1.7806E+00   4.2116E-02
 1.6891E+01  7.7334E-02  1.7670E+00   3.7737E-02
 1.6946E+01  7.5519E-02  1.7546E+00   3.4040E-02
 1.7002E+01  7.3885E-02  1.7435E+00   3.0893E-02
 1.7058E+01  7.2401E-02  1.7333E+00   2.8181E-02
 1.7114E+01  7.1051E-02  1.7240E+00   2.5834E-02
 1.7170E+01  6.9818E-02  1.7155E+00   2.3787E-02
 1.7227E+01  6.8682E-02  1.7076E+00   2.1985E-02
 1.7285E+01  6.7637E-02  1.7003E+00   2.0394E-02
 1.7343E+01  6.6669E-02  1.6936E+00   1.8979E-02
 1.7401E+01  6.5771E-02  1.6873E+00   1.7716E-02
 1.7459E+01  6.4934E-02  1.6814E+00   1.6583E-02
 1.7518E+01  6.4153E-02  1.6759E+00   1.5561E-02
 1.7578E+01  6.3422E-02  1.6708E+00   1.4638E-02
 1.7638E+01  6.2738E-02  1.6659E+00   1.3801E-02
 1.7698E+01  6.2092E-02  1.6614E+00   1.3037E-02
 1.7759E+01  6.1486E-02  1.6571E+00   1.2341E-02
 1.7820E+01  6.0913E-02  1.6530E+00   1.1703E-02
 1.7881E+01  6.0371E-02  1.6491E+00   1.1117E-02
 1.7943E+01  5.9858E-02  1.6455E+00   1.0576E-02
 1.8005E+01  5.9371E-02  1.6420E+00   1.0078E-02
 1.8068E+01  5.8908E-02  1.6387E+00   9.6170E-03
 1.8131E+01  5.8468E-02  1.6355E+00   9.1892E-03
 1.8195E+01  5.8048E-02  1.6325E+00   8.7919E-03
 1.8259E+01  5.7647E-02  1.6296E+00   8.4218E-03
 1.8323E+01  5.7265E-02  1.6269E+00   8.0769E-03
 1.8388E+01  5.6899E-02  1.6242E+00   7.7545E-03
 1.8454E+01  5.6549E-02  1.6217E+00   7.4530E-03
 1.8520E+01  5.6213E-02  1.6193E+00   7.1703E-03
 1.8586E+01  5.5891E-02  1.6170E+00   6.9048E-03
 1.8653E+01  5.5581E-02  1.6147E+00   6.6551E-03
 1.8720E+01  5.5284E-02  1.6126E+00   6.4204E-03
 1.8788E+01  5.4997E-02  1.6105E+00   6.1987E-03
 1.8856E+01  5.4722E-02  1.6085E+00   5.9898E-03
 1.8925E+01  5.4456E-02  1.6065E+00   5.7923E-03
 1.8994E+01  5.4200E-02  1.6047E+00   5.6055E-03
 1.9064E+01  5.3953E-02  1.6029E+00   5.4285E-03
 1.9135E+01  5.3714E-02  1.6011E+00   5.2605E-03
 1.9205E+01  5.3483E-02  1.5995E+00   5.1013E-03
 1.9277E+01  5.3259E-02  1.5978E+00   4.9499E-03
 1.9349E+01  5.3043E-02  1.5962E+00   4.8057E-03
 1.9421E+01  5.2834E-02  1.5947E+00   4.6687E-03
 1.9494E+01  5.2631E-02  1.5932E+00   4.5380E-03
 1.9568E+01  5.2434E-02  1.5918E+00   4.4133E-03
 1.9642E+01  5.2243E-02  1.5904E+00   4.2944E-03
 1.9717E+01  5.2058E-02  1.5890E+00   4.1806E-03
 1.9792E+01  5.1877E-02  1.5877E+00   4.0719E-03
 1.9868E+01  5.1703E-02  1.5864E+00   3.9679E-03
 1.9944E+01  5.1532E-02  1.5852E+00   3.8683E-03
 2.0021E+01  5.1367E-02  1.5839E+00   3.7728E-03
 2.0099E+01  5.1206E-02  1.5827E+00   3.6813E-03
 2.0177E+01  5.1049E-02  1.5816E+00   3.5933E-03
 2.0256E+01  5.0897E-02  1.5805E+00   3.5090E-03
 2.0335E+01  5.0748E-02  1.5794E+00   3.4279E-03
 2.0415E+01  5.0603E-02  1.5783E+00   3.3499E-03
 2.0496E+01  5.0462E-02  1.5773E+00   3.2749E-03
 2.0577E+01  5.0324E-02  1.5762E+00   3.2026E-03
 2.0659E+01  5.0189E-02  1.5752E+00   3.1331E-03
 2.0742E+01  5.0058E-02  1.5743E+00   3.0660E-03
 2.0825E+01  4.9930E-02  1.5733E+00   3.0013E-03
 2.0909E+01  4.9804E-02  1.5724E+00   2.9388E-03
 2.0994E+01  4.9682E-02  1.5715E+00   2.8786E-03
 2.1079E+01  4.9562E-02  1.5706E+00   2.8203E-03
 2.1165E+01  4.9446E-02  1.5697E+00   2.7641E-03
 2.1252E+01  4.9331E-02  1.5689E+00   2.7096E-03
 2.1339E+01  4.9219E-02  1.5680E+00   2.6570E-03
 2.1428E+01  4.9110E-02  1.5672E+00   2.6061E-03
 2.1517E+01  4.9002E-02  1.5664E+00   2.5568E-03
 2.1606E+01  4.8897E-02  1.5656E+00   2.5090E-03
 2.1697E+01  4.8795E-02  1.5649E+00   2.4627E-03
 2.1788E+01  4.8694E-02  1.5641E+00   2.4178E-03
 2.1880E+01  4.8595E-02  1.5634E+00   2.3742E-03
 2.1972E+01  4.8499E-02  1.5627E+00   2.3320E-03
 2.2066E+01  4.8404E-02  1.5620E+00   2.2909E-03
 2.2160E+01  4.8311E-02  1.5613E+00   2.2511E-03
 2.2255E+01  4.8219E-02  1.5606E+00   2.2123E-03
 2.2351E+01  4.8130E-02  1.5599E+00   2.1747E-03
 2.2448E+01  4.8042E-02  1.5593E+00   2.1381E-03
 2.2546E+01  4.7956E-02  1.5586E+00   2.1025E-03
 2.2644E+01  4.7872E-02  1.5580E+00   2.0679E-03
 2.2743E+01  4.7789E-02  1.5574E+00   2.0342E-03
 2.2843E+01  4.7707E-02  1.5568E+00   2.0014E-03
 2.2945E+01  4.7627E-02  1.5562E+00   1.9694E-03
 2.3047E+01  4.7548E-02  1.5556E+00   1.9383E-03
 2.3149E+01  4.7471E-02  1.5550E+00   1.9080E-03
 2.3253E+01  4.7395E-02  1.5544E+00   1.8784E-03
 2.3358E+01  4.7321E-02  1.5539E+00   1.8495E-03
 2.3464E+01  4.7247E-02  1.5533E+00   1.8214E-03
 2.3570E+01  4.7175E-02  1.5528E+00   1.7939E-03
 2.3678E+01  4.7104E-02  1.5522E+00   1.7671E-03
 2.3787E+01  4.7034E-02  1.5517E+00   1.7409E-03
 2.3896E+01  4.6966E-02  1.5512E+00   1.7153E-03
 2.4007E+01  4.6898E-02  1.5507E+00   1.6904E-03
 2.4119E+01  4.6832E-02  1.5502E+00   1.6660E-03
 2.4231E+01  4.6767E-02  1.5497E+00   1.6421E-03
 2.4345E+01  4.6703E-02  1.5492E+00   1.6188E-03
 2.4460E+01  4.6639E-02  1.5488E+00   1.5960E-03
 2.4576E+01  4.6577E-02  1.5483E+00   1.5737E-03
 2.4693E+01  4.6516E-02  1.5478E+00   1.5518E-03
 2.4811E+01  4.6455E-02  1.5474E+00   1.5304E-03
 2.4930E+01  4.6396E-02  1.5469E+00   1.5095E-03
