From:	IO::"memilham@CRDEC-VAX4.ARPA" 16-JUN-1988 12:49
To:	HAL::DALTON
Subj:	Optical Constants: Biotite

Received: from CRDEC-VAX4.ARPA by ames-io.ARPA with INTERNET ;
          Thu, 16 Jun 88 12:47:45 PDT
Date:     Thu, 16 Jun 88 15:40:08 EDT
From:     "Merrill E. Milham" <memilham@CRDEC-VAX4.ARPA>
To:       dalton%hal@AMES-IO.ARPA
Subject:  Optical Constants: Biotite
Message-ID:  <8806161540.aa19677@CRDEC-VAX4.CRDEC-VAX4.ARPA>
 
BIOTITE  E // A-axis    M.R.QUERRY
       wl      wn      n-Dn   k-Dk     n       k      n+Dn     k+dk
      (um)    (cm-1)
     2.5000  4000.0  1.5492  0.0197  1.5878  0.0214  1.7716  0.0302 BIOTITE A
     2.5000  4000.0  1.5492  0.0197  1.5878  0.0214  1.7716  0.0302 BIOTITE A
     2.5157  3975.0  1.5497  0.0202  1.5883  0.0219  1.7723  0.0309 BIOTITE A
     2.5316  3950.0  1.5497  0.0186  1.5884  0.0202  1.7724  0.0285 BIOTITE A
     2.5478  3925.0  1.5487  0.0172  1.5873  0.0187  1.7709  0.0263 BIOTITE A
     2.5641  3900.0  1.5478  0.0153  1.5863  0.0166  1.7695  0.0233 BIOTITE A
     2.5806  3875.0  1.5467  0.0141  1.5850  0.0154  1.7678  0.0216 BIOTITE A
     2.5974  3850.0  1.5452  0.0141  1.5834  0.0153  1.7655  0.0216 BIOTITE A
     2.6144  3825.0  1.5438  0.0144  1.5819  0.0156  1.7634  0.0220 BIOTITE A
     2.6316  3800.0  1.5467  0.0164  1.5851  0.0178  1.7678  0.0250 BIOTITE A
     2.6490  3775.0  1.5453  0.0123  1.5836  0.0134  1.7657  0.0188 BIOTITE A
     2.6667  3750.0  1.5423  0.0119  1.5803  0.0129  1.7612  0.0181 BIOTITE A
     2.6846  3725.0  1.5419  0.0176  1.5798  0.0191  1.7605  0.0269 BIOTITE A
     2.7027  3700.0  1.5408  0.0148  1.5786  0.0161  1.7588  0.0226 BIOTITE A
     2.7211  3675.0  1.5411  0.0181  1.5790  0.0196  1.7593  0.0276 BIOTITE A
     2.7397  3650.0  1.5422  0.0173  1.5802  0.0187  1.7610  0.0263 BIOTITE A
     2.7586  3625.0  1.5404  0.0174  1.5782  0.0189  1.7582  0.0265 BIOTITE A
     2.7778  3600.0  1.5420  0.0229  1.5799  0.0249  1.7606  0.0349 BIOTITE A
     2.7972  3575.0  1.5513  0.0195  1.5900  0.0211  1.7748  0.0298 BIOTITE A
     2.8169  3550.0  1.5491  0.0167  1.5877  0.0181  1.7715  0.0255 BIOTITE A
     2.8369  3525.0  1.5478  0.0140  1.5863  0.0152  1.7696  0.0214 BIOTITE A
     2.8571  3500.0  1.5469  0.0146  1.5853  0.0158  1.7681  0.0222 BIOTITE A
     2.8777  3475.0  1.5470  0.0101  1.5854  0.0110  1.7684  0.0154 BIOTITE A
     2.8986  3450.0  1.5442  0.0125  1.5823  0.0135  1.7640  0.0190 BIOTITE A
     2.9197  3425.0  1.5463  0.0108  1.5846  0.0118  1.7672  0.0166 BIOTITE A
     2.9412  3400.0  1.5445  0.0106  1.5827  0.0115  1.7645  0.0161 BIOTITE A
     2.9630  3375.0  1.5449  0.0113  1.5831  0.0123  1.7651  0.0173 BIOTITE A
     2.9851  3350.0  1.5414  0.0135  1.5793  0.0147  1.7598  0.0206 BIOTITE A
     3.0075  3325.0  1.5428  0.0125  1.5809  0.0135  1.7619  0.0190 BIOTITE A
     3.0303  3300.0  1.5459  0.0101  1.5842  0.0110  1.7667  0.0154 BIOTITE A
     3.0534  3275.0  1.5435  0.0107  1.5816  0.0117  1.7630  0.0164 BIOTITE A
     3.0769  3250.0  1.5423  0.0095  1.5802  0.0103  1.7611  0.0145 BIOTITE A
     3.1008  3225.0  1.5413  0.0105  1.5792  0.0115  1.7596  0.0161 BIOTITE A
     3.1250  3200.0  1.5389  0.0105  1.5766  0.0114  1.7560  0.0160 BIOTITE A
     3.1496  3175.0  1.5377  0.0085  1.5753  0.0093  1.7541  0.0130 BIOTITE A
     3.1746  3150.0  1.5399  0.0082  1.5777  0.0089  1.7575  0.0126 BIOTITE A
     3.2000  3125.0  1.5400  0.0108  1.5778  0.0118  1.7577  0.0165 BIOTITE A
     3.2258  3100.0  1.5370  0.0093  1.5745  0.0101  1.7530  0.0142 BIOTITE A
     3.2520  3075.0  1.5369  0.0107  1.5744  0.0117  1.7529  0.0163 BIOTITE A
     3.2787  3050.0  1.5370  0.0077  1.5746  0.0083  1.7531  0.0117 BIOTITE A
     3.3058  3025.0  1.5348  0.0094  1.5721  0.0102  1.7497  0.0143 BIOTITE A
     3.3333  3000.0  1.5342  0.0105  1.5715  0.0114  1.7489  0.0160 BIOTITE A
     3.3613  2975.0  1.5347  0.0109  1.5720  0.0118  1.7495  0.0165 BIOTITE A
     3.3898  2950.0  1.5347  0.0117  1.5720  0.0127  1.7495  0.0178 BIOTITE A
     3.4188  2925.0  1.5402  0.0121  1.5781  0.0132  1.7580  0.0185 BIOTITE A
     3.4483  2900.0  1.5333  0.0070  1.5705  0.0076  1.7475  0.0106 BIOTITE A
     3.4783  2875.0  1.5331  0.0096  1.5703  0.0105  1.7471  0.0146 BIOTITE A
     3.5088  2850.0  1.5350  0.0081  1.5724  0.0088  1.7500  0.0124 BIOTITE A
     3.5398  2825.0  1.5335  0.0079  1.5707  0.0086  1.7478  0.0121 BIOTITE A
     3.5714  2800.0  1.5322  0.0078  1.5694  0.0084  1.7458  0.0118 BIOTITE A
     3.6036  2775.0  1.5307  0.0070  1.5677  0.0076  1.7434  0.0106 BIOTITE A
     3.6364  2750.0  1.5288  0.0110  1.5657  0.0120  1.7407  0.0167 BIOTITE A
     3.6697  2725.0  1.5283  0.0081  1.5651  0.0088  1.7399  0.0123 BIOTITE A
     3.7037  2700.0  1.5288  0.0075  1.5657  0.0081  1.7407  0.0113 BIOTITE A
     3.7383  2675.0  1.5261  0.0090  1.5627  0.0098  1.7364  0.0137 BIOTITE A
     3.7736  2650.0  1.5264  0.0092  1.5630  0.0100  1.7370  0.0140 BIOTITE A
     3.8095  2625.0  1.5261  0.0095  1.5626  0.0103  1.7364  0.0145 BIOTITE A
     3.8462  2600.0  1.5254  0.0080  1.5619  0.0086  1.7354  0.0121 BIOTITE A
     3.8835  2575.0  1.5232  0.0083  1.5596  0.0090  1.7321  0.0125 BIOTITE A
     3.9216  2550.0  1.5217  0.0080  1.5580  0.0087  1.7299  0.0121 BIOTITE A
     3.9604  2525.0  1.5204  0.0095  1.5565  0.0103  1.7278  0.0143 BIOTITE A
     4.0000  2500.0  1.5193  0.0086  1.5553  0.0093  1.7262  0.0130 BIOTITE A
     4.0404  2475.0  1.5192  0.0094  1.5552  0.0103  1.7260  0.0143 BIOTITE A
     4.0816  2450.0  1.5184  0.0087  1.5544  0.0094  1.7249  0.0131 BIOTITE A
     4.1237  2425.0  1.5177  0.0095  1.5536  0.0103  1.7238  0.0143 BIOTITE A
     4.1667  2400.0  1.5137  0.0081  1.5492  0.0088  1.7177  0.0123 BIOTITE A
     4.2105  2375.0  1.5137  0.0079  1.5493  0.0086  1.7178  0.0120 BIOTITE A
     4.2553  2350.0  1.5119  0.0104  1.5473  0.0113  1.7150  0.0158 BIOTITE A
     4.3011  2325.0  1.5124  0.0092  1.5479  0.0100  1.7158  0.0139 BIOTITE A
     4.3478  2300.0  1.5100  0.0084  1.5452  0.0091  1.7121  0.0127 BIOTITE A
     4.3956  2275.0  1.5073  0.0087  1.5423  0.0094  1.7080  0.0131 BIOTITE A
     4.4444  2250.0  1.5076  0.0099  1.5427  0.0107  1.7085  0.0149 BIOTITE A
     4.4944  2225.0  1.5045  0.0092  1.5392  0.0100  1.7038  0.0139 BIOTITE A
     4.5455  2200.0  1.5023  0.0104  1.5369  0.0112  1.7005  0.0156 BIOTITE A
     4.5977  2175.0  1.5022  0.0110  1.5368  0.0119  1.7004  0.0166 BIOTITE A
     4.6512  2150.0  1.5004  0.0109  1.5348  0.0119  1.6977  0.0165 BIOTITE A
     4.7059  2125.0  1.4984  0.0101  1.5327  0.0110  1.6946  0.0152 BIOTITE A
     4.7619  2100.0  1.4965  0.0117  1.5306  0.0127  1.6918  0.0176 BIOTITE A
     4.8193  2075.0  1.4938  0.0100  1.5276  0.0108  1.6877  0.0150 BIOTITE A
     4.8780  2050.0  1.4919  0.0127  1.5257  0.0138  1.6849  0.0191 BIOTITE A
     4.9383  2025.0  1.4895  0.0123  1.5230  0.0133  1.6812  0.0185 BIOTITE A
     5.0000  2000.0  1.4886  0.0145  1.5221  0.0157  1.6799  0.0218 BIOTITE A
     5.0251  1990.0  1.4887  0.0133  1.5222  0.0144  1.6801  0.0200 BIOTITE A
     5.0505  1980.0  1.4868  0.0120  1.5201  0.0130  1.6773  0.0180 BIOTITE A
     5.0761  1970.0  1.4857  0.0135  1.5189  0.0146  1.6755  0.0202 BIOTITE A
     5.1020  1960.0  1.4851  0.0125  1.5183  0.0135  1.6747  0.0187 BIOTITE A
     5.1282  1950.0  1.4832  0.0136  1.5162  0.0148  1.6718  0.0204 BIOTITE A
     5.1546  1940.0  1.4835  0.0135  1.5166  0.0146  1.6723  0.0202 BIOTITE A
     5.1813  1930.0  1.4819  0.0125  1.5148  0.0135  1.6699  0.0187 BIOTITE A
     5.2083  1920.0  1.4813  0.0129  1.5141  0.0140  1.6689  0.0193 BIOTITE A
     5.2356  1910.0  1.4802  0.0123  1.5130  0.0133  1.6674  0.0184 BIOTITE A
     5.2632  1900.0  1.4782  0.0114  1.5108  0.0123  1.6644  0.0170 BIOTITE A
     5.2910  1890.0  1.4752  0.0123  1.5075  0.0133  1.6598  0.0183 BIOTITE A
     5.3191  1880.0  1.4752  0.0135  1.5076  0.0147  1.6599  0.0202 BIOTITE A
     5.3476  1870.0  1.4735  0.0126  1.5057  0.0137  1.6574  0.0189 BIOTITE A
     5.3763  1860.0  1.4721  0.0139  1.5041  0.0151  1.6552  0.0208 BIOTITE A
     5.4054  1850.0  1.4709  0.0131  1.5029  0.0142  1.6535  0.0195 BIOTITE A
     5.4348  1840.0  1.4689  0.0133  1.5007  0.0144  1.6504  0.0198 BIOTITE A
     5.4645  1830.0  1.4662  0.0139  1.4979  0.0151  1.6465  0.0207 BIOTITE A
     5.4945  1820.0  1.4655  0.0164  1.4971  0.0178  1.6454  0.0245 BIOTITE A
     5.5249  1810.0  1.4653  0.0158  1.4968  0.0171  1.6450  0.0235 BIOTITE A
     5.5556  1800.0  1.4640  0.0161  1.4954  0.0175  1.6431  0.0240 BIOTITE A
     5.5866  1790.0  1.4630  0.0151  1.4944  0.0164  1.6417  0.0225 BIOTITE A
     5.6180  1780.0  1.4596  0.0146  1.4906  0.0158  1.6366  0.0217 BIOTITE A
     5.6497  1770.0  1.4556  0.0175  1.4863  0.0189  1.6306  0.0260 BIOTITE A
     5.6818  1760.0  1.4561  0.0207  1.4869  0.0224  1.6314  0.0308 BIOTITE A
     5.7143  1750.0  1.4568  0.0202  1.4877  0.0218  1.6325  0.0300 BIOTITE A
     5.7471  1740.0  1.4555  0.0205  1.4862  0.0221  1.6304  0.0303 BIOTITE A
     5.7803  1730.0  1.4556  0.0204  1.4863  0.0220  1.6306  0.0302 BIOTITE A
     5.8140  1720.0  1.4537  0.0190  1.4842  0.0206  1.6278  0.0282 BIOTITE A
     5.8480  1710.0  1.4515  0.0194  1.4819  0.0210  1.6245  0.0288 BIOTITE A
     5.8824  1700.0  1.4488  0.0186  1.4790  0.0200  1.6206  0.0275 BIOTITE A
     5.9172  1690.0  1.4460  0.0215  1.4759  0.0232  1.6163  0.0318 BIOTITE A
     5.9524  1680.0  1.4473  0.0222  1.4774  0.0239  1.6183  0.0328 BIOTITE A
     5.9880  1670.0  1.4454  0.0204  1.4753  0.0220  1.6155  0.0302 BIOTITE A
     6.0241  1660.0  1.4419  0.0209  1.4716  0.0226  1.6104  0.0309 BIOTITE A
     6.0606  1650.0  1.4410  0.0229  1.4705  0.0247  1.6089  0.0338 BIOTITE A
     6.0976  1640.0  1.4403  0.0217  1.4698  0.0234  1.6079  0.0320 BIOTITE A
     6.1350  1630.0  1.4373  0.0231  1.4666  0.0250  1.6036  0.0341 BIOTITE A
     6.1728  1620.0  1.4373  0.0218  1.4666  0.0236  1.6036  0.0322 BIOTITE A
     6.2112  1610.0  1.4331  0.0212  1.4621  0.0229  1.5974  0.0312 BIOTITE A
     6.2500  1600.0  1.4317  0.0225  1.4605  0.0243  1.5953  0.0331 BIOTITE A
     6.2893  1590.0  1.4300  0.0227  1.4587  0.0245  1.5928  0.0334 BIOTITE A
     6.3291  1580.0  1.4291  0.0213  1.4577  0.0230  1.5915  0.0313 BIOTITE A
     6.3694  1570.0  1.4261  0.0198  1.4544  0.0214  1.5870  0.0291 BIOTITE A
     6.4103  1560.0  1.4216  0.0192  1.4496  0.0208  1.5805  0.0282 BIOTITE A
     6.4516  1550.0  1.4175  0.0204  1.4452  0.0220  1.5744  0.0299 BIOTITE A
     6.4935  1540.0  1.4144  0.0199  1.4418  0.0214  1.5699  0.0291 BIOTITE A
     6.5359  1530.0  1.4108  0.0201  1.4380  0.0217  1.5646  0.0294 BIOTITE A
     6.5789  1520.0  1.4065  0.0213  1.4333  0.0230  1.5583  0.0311 BIOTITE A
     6.6225  1510.0  1.4038  0.0231  1.4304  0.0249  1.5544  0.0338 BIOTITE A
     6.6667  1500.0  1.4007  0.0232  1.4270  0.0250  1.5498  0.0338 BIOTITE A
     6.6845  1496.0  1.3999  0.0232  1.4262  0.0250  1.5487  0.0339 BIOTITE A
     6.7024  1492.0  1.3980  0.0229  1.4241  0.0247  1.5458  0.0334 BIOTITE A
     6.7204  1488.0  1.3963  0.0231  1.4223  0.0249  1.5434  0.0336 BIOTITE A
     6.7385  1484.0  1.3944  0.0233  1.4203  0.0251  1.5406  0.0339 BIOTITE A
     6.7568  1480.0  1.3923  0.0245  1.4180  0.0264  1.5376  0.0356 BIOTITE A
     6.7751  1476.0  1.3914  0.0256  1.4170  0.0276  1.5362  0.0373 BIOTITE A
     6.7935  1472.0  1.3914  0.0256  1.4171  0.0276  1.5363  0.0372 BIOTITE A
     6.8120  1468.0  1.3903  0.0246  1.4158  0.0265  1.5346  0.0357 BIOTITE A
     6.8306  1464.0  1.3879  0.0244  1.4133  0.0263  1.5312  0.0355 BIOTITE A
     6.8493  1460.0  1.3863  0.0244  1.4116  0.0262  1.5289  0.0354 BIOTITE A
     6.8681  1456.0  1.3840  0.0247  1.4091  0.0266  1.5255  0.0359 BIOTITE A
     6.8871  1452.0  1.3819  0.0254  1.4068  0.0273  1.5224  0.0368 BIOTITE A
     6.9061  1448.0  1.3807  0.0261  1.4055  0.0281  1.5207  0.0378 BIOTITE A
     6.9252  1444.0  1.3794  0.0264  1.4042  0.0284  1.5189  0.0382 BIOTITE A
     6.9444  1440.0  1.3779  0.0265  1.4026  0.0285  1.5167  0.0384 BIOTITE A
     6.9638  1436.0  1.3769  0.0258  1.4015  0.0277  1.5153  0.0373 BIOTITE A
     6.9832  1432.0  1.3739  0.0253  1.3983  0.0272  1.5109  0.0366 BIOTITE A
     7.0028  1428.0  1.3711  0.0261  1.3951  0.0281  1.5068  0.0377 BIOTITE A
     7.0225  1424.0  1.3690  0.0277  1.3930  0.0298  1.5038  0.0400 BIOTITE A
     7.0423  1420.0  1.3681  0.0284  1.3920  0.0306  1.5025  0.0411 BIOTITE A
     7.0621  1416.0  1.3669  0.0285  1.3907  0.0307  1.5008  0.0412 BIOTITE A
     7.0822  1412.0  1.3656  0.0283  1.3893  0.0305  1.4989  0.0409 BIOTITE A
     7.1023  1408.0  1.3640  0.0280  1.3876  0.0302  1.4965  0.0404 BIOTITE A
     7.1225  1404.0  1.3620  0.0277  1.3854  0.0298  1.4937  0.0399 BIOTITE A
     7.1429  1400.0  1.3600  0.0270  1.3833  0.0290  1.4908  0.0388 BIOTITE A
     7.1633  1396.0  1.3572  0.0265  1.3802  0.0285  1.4867  0.0382 BIOTITE A
     7.1839  1392.0  1.3535  0.0270  1.3763  0.0290  1.4815  0.0388 BIOTITE A
     7.2046  1388.0  1.3506  0.0284  1.3732  0.0305  1.4773  0.0408 BIOTITE A
     7.2254  1384.0  1.3495  0.0292  1.3719  0.0314  1.4756  0.0420 BIOTITE A
     7.2464  1380.0  1.3477  0.0288  1.3700  0.0309  1.4731  0.0413 BIOTITE A
     7.2674  1376.0  1.3448  0.0283  1.3669  0.0304  1.4689  0.0406 BIOTITE A
     7.2886  1372.0  1.3417  0.0288  1.3636  0.0310  1.4645  0.0413 BIOTITE A
     7.3099  1368.0  1.3386  0.0297  1.3602  0.0319  1.4600  0.0425 BIOTITE A
     7.3314  1364.0  1.3361  0.0310  1.3576  0.0332  1.4565  0.0443 BIOTITE A
     7.3529  1360.0  1.3348  0.0312  1.3562  0.0335  1.4546  0.0446 BIOTITE A
     7.3746  1356.0  1.3323  0.0308  1.3535  0.0331  1.4511  0.0440 BIOTITE A
     7.3964  1352.0  1.3294  0.0308  1.3503  0.0331  1.4469  0.0439 BIOTITE A
     7.4184  1348.0  1.3268  0.0308  1.3476  0.0330  1.4431  0.0439 BIOTITE A
     7.4405  1344.0  1.3232  0.0306  1.3437  0.0328  1.4380  0.0435 BIOTITE A
     7.4627  1340.0  1.3190  0.0313  1.3392  0.0336  1.4321  0.0445 BIOTITE A
     7.4850  1336.0  1.3160  0.0323  1.3360  0.0346  1.4277  0.0459 BIOTITE A
     7.5075  1332.0  1.3125  0.0335  1.3322  0.0359  1.4228  0.0475 BIOTITE A
     7.5301  1328.0  1.3097  0.0347  1.3293  0.0372  1.4189  0.0491 BIOTITE A
     7.5529  1324.0  1.3072  0.0353  1.3266  0.0379  1.4153  0.0500 BIOTITE A
     7.5758  1320.0  1.3048  0.0354  1.3239  0.0379  1.4118  0.0501 BIOTITE A
     7.5988  1316.0  1.3011  0.0354  1.3201  0.0379  1.4067  0.0500 BIOTITE A
     7.6220  1312.0  1.2981  0.0352  1.3168  0.0377  1.4024  0.0497 BIOTITE A
     7.6453  1308.0  1.2933  0.0352  1.3116  0.0377  1.3956  0.0496 BIOTITE A
     7.6687  1304.0  1.2879  0.0366  1.3059  0.0392  1.3880  0.0515 BIOTITE A
     7.6923  1300.0  1.2837  0.0392  1.3014  0.0420  1.3821  0.0551 BIOTITE A
     7.7160  1296.0  1.2814  0.0413  1.2989  0.0443  1.3788  0.0581 BIOTITE A
     7.7399  1292.0  1.2792  0.0422  1.2965  0.0451  1.3756  0.0592 BIOTITE A
     7.7640  1288.0  1.2770  0.0415  1.2942  0.0445  1.3726  0.0583 BIOTITE A
     7.7882  1284.0  1.2729  0.0405  1.2898  0.0433  1.3668  0.0567 BIOTITE A
     7.8125  1280.0  1.2674  0.0404  1.2839  0.0432  1.3592  0.0566 BIOTITE A
     7.8370  1276.0  1.2618  0.0414  1.2779  0.0443  1.3513  0.0579 BIOTITE A
     7.8616  1272.0  1.2566  0.0429  1.2724  0.0459  1.3440  0.0599 BIOTITE A
     7.8864  1268.0  1.2514  0.0450  1.2668  0.0481  1.3367  0.0627 BIOTITE A
     7.9114  1264.0  1.2469  0.0475  1.2620  0.0507  1.3304  0.0660 BIOTITE A
     7.9365  1260.0  1.2437  0.0498  1.2585  0.0532  1.3259  0.0692 BIOTITE A
     7.9618  1256.0  1.2414  0.0505  1.2560  0.0539  1.3226  0.0701 BIOTITE A
     7.9872  1252.0  1.2377  0.0496  1.2521  0.0530  1.3175  0.0689 BIOTITE A
     8.0128  1248.0  1.2326  0.0488  1.2467  0.0521  1.3105  0.0676 BIOTITE A
     8.0386  1244.0  1.2263  0.0491  1.2399  0.0524  1.3018  0.0679 BIOTITE A
     8.0645  1240.0  1.2201  0.0502  1.2334  0.0535  1.2932  0.0692 BIOTITE A
     8.0906  1236.0  1.2143  0.0512  1.2271  0.0546  1.2852  0.0705 BIOTITE A
     8.1169  1232.0  1.2090  0.0516  1.2215  0.0550  1.2779  0.0709 BIOTITE A
     8.1433  1228.0  1.2018  0.0519  1.2138  0.0553  1.2680  0.0712 BIOTITE A
     8.1699  1224.0  1.1949  0.0532  1.2064  0.0567  1.2585  0.0728 BIOTITE A
     8.1967  1220.0  1.1880  0.0547  1.1991  0.0582  1.2490  0.0747 BIOTITE A
     8.2237  1216.0  1.1816  0.0555  1.1923  0.0591  1.2404  0.0756 BIOTITE A
     8.2508  1212.0  1.1741  0.0554  1.1843  0.0589  1.2301  0.0753 BIOTITE A
     8.2781  1208.0  1.1647  0.0560  1.1743  0.0596  1.2173  0.0760 BIOTITE A
     8.3056  1204.0  1.1546  0.0587  1.1636  0.0625  1.2036  0.0794 BIOTITE A
     8.3333  1200.0  1.1462  0.0624  1.1546  0.0663  1.1921  0.0842 BIOTITE A
     8.3612  1196.0  1.1388  0.0650  1.1468  0.0691  1.1821  0.0875 BIOTITE A
     8.3893  1192.0  1.1321  0.0660  1.1397  0.0701  1.1731  0.0887 BIOTITE A
     8.4175  1188.0  1.1229  0.0653  1.1298  0.0693  1.1607  0.0874 BIOTITE A
     8.4459  1184.0  1.1105  0.0662  1.1167  0.0702  1.1442  0.0884 BIOTITE A
     8.4746  1180.0  1.0983  0.0687  1.1037  0.0728  1.1278  0.0914 BIOTITE A
     8.5034  1176.0  1.0854  0.0717  1.0901  0.0760  1.1106  0.0950 BIOTITE A
     8.5324  1172.0  1.0739  0.0754  1.0779  0.0798  1.0953  0.0995 BIOTITE A
     8.5616  1168.0  1.0614  0.0779  1.0647  0.0824  1.0788  0.1025 BIOTITE A
     8.5911  1164.0  1.0476  0.0808  1.0500  0.0854  1.0606  0.1058 BIOTITE A
     8.6207  1160.0  1.0327  0.0838  1.0342  0.0885  1.0410  0.1093 BIOTITE A
     8.6505  1156.0  1.0177  0.0876  1.0184  0.0925  1.0214  0.1137 BIOTITE A
     8.6806  1152.0  1.0019  0.0910  1.0018  0.0959  1.0009  0.1175 BIOTITE A
     8.7108  1148.0  0.9845  0.0937  0.9834  0.0987  0.9784  0.1204 BIOTITE A
     8.7413  1144.0  0.9648  0.0970  0.9626  0.1020  0.9530  0.1239 BIOTITE A
     8.7719  1140.0  0.9427  0.1020  0.9394  0.1072  0.9247  0.1294 BIOTITE A
     8.8028  1136.0  0.9188  0.1091  0.9143  0.1145  0.8943  0.1374 BIOTITE A
     8.8339  1132.0  0.8931  0.1188  0.8872  0.1245  0.8615  0.1485 BIOTITE A
     8.8652  1128.0  0.8657  0.1315  0.8584  0.1376  0.8268  0.1631 BIOTITE A
     8.8968  1124.0  0.8370  0.1468  0.8284  0.1533  0.7907  0.1805 BIOTITE A
     8.9286  1120.0  0.8073  0.1650  0.7972  0.1720  0.7533  0.2010 BIOTITE A
     8.9606  1116.0  0.7762  0.1869  0.7645  0.1946  0.7142  0.2257 BIOTITE A
     8.9928  1112.0  0.7447  0.2131  0.7314  0.2214  0.6745  0.2548 BIOTITE A
     9.0253  1108.0  0.7131  0.2428  0.6982  0.2519  0.6345  0.2877 BIOTITE A
     9.0580  1104.0  0.6815  0.2761  0.6650  0.2859  0.5942  0.3240 BIOTITE A
     9.0909  1100.0  0.6488  0.3142  0.6304  0.3247  0.5521  0.3652 BIOTITE A
     9.1241  1096.0  0.6157  0.3592  0.5953  0.3706  0.5087  0.4135 BIOTITE A
     9.1575  1092.0  0.5841  0.4130  0.5616  0.4254  0.4657  0.4711 BIOTITE A
     9.1912  1088.0  0.5583  0.4759  0.5334  0.4895  0.4273  0.5387 BIOTITE A
     9.2251  1084.0  0.5412  0.5449  0.5138  0.5601  0.3969  0.6136 BIOTITE A
     9.2593  1080.0  0.5339  0.6164  0.5040  0.6334  0.3760  0.6921 BIOTITE A
     9.2937  1076.0  0.5357  0.6866  0.5032  0.7056  0.3638  0.7703 BIOTITE A
     9.3284  1072.0  0.5446  0.7536  0.5097  0.7748  0.3589  0.8463 BIOTITE A
     9.3633  1068.0  0.5580  0.8166  0.5208  0.8402  0.3585  0.9189 BIOTITE A
     9.3985  1064.0  0.5736  0.8761  0.5341  0.9021  0.3603  0.9884 BIOTITE A
     9.4340  1060.0  0.5894  0.9327  0.5474  0.9611  0.3618  1.0548 BIOTITE A
     9.4697  1056.0  0.6040  0.9890  0.5595  1.0199  0.3612  1.1208 BIOTITE A
     9.5057  1052.0  0.6175  1.0473  0.5701  1.0808  0.3576  1.1886 BIOTITE A
     9.5420  1048.0  0.6303  1.1095  0.5796  1.1456  0.3509  1.2604 BIOTITE A
     9.5785  1044.0  0.6427  1.1766  0.5881  1.2156  0.3406  1.3374 BIOTITE A
     9.6154  1040.0  0.6554  1.2514  0.5961  1.2936  0.3263  1.4225 BIOTITE A
     9.6525  1036.0  0.6698  1.3369  0.6048  1.3828  0.3076  1.5193 BIOTITE A
     9.6899  1032.0  0.6886  1.4377  0.6164  1.4883  0.2845  1.6336 BIOTITE A
     9.7276  1028.0  0.7171  1.5583  0.6358  1.6152  0.2590  1.7722 BIOTITE A
     9.7656  1024.0  0.7658  1.7024  0.6729  1.7687  0.2371  1.9442 BIOTITE A
     9.8039  1020.0  0.8494  1.8699  0.7427  1.9506  0.2295  2.1591 BIOTITE A
     9.8425  1016.0  0.9875  2.0526  0.8662  2.1562  0.2545  2.4255 BIOTITE A
     9.8814  1012.0  1.2003  2.2258  1.0681  2.3639  0.3434  2.7445 BIOTITE A
     9.9206  1008.0  1.4945  2.3448  1.3646  2.5298  0.5402  3.0986 BIOTITE A
     9.9602  1004.0  1.8407  2.3580  1.7367  2.5931  0.8858  3.4326 BIOTITE A
    10.0000  1000.0  2.1714  2.2435  2.1171  2.5140  1.3778  3.6522 BIOTITE A
    10.0200   998.0  2.3084  2.1473  2.2834  2.4256  1.6552  3.6905 BIOTITE A
    10.0402   996.0  2.4195  2.0360  2.4233  2.3152  1.9317  3.6753 BIOTITE A
    10.0604   994.0  2.5045  1.9181  2.5346  2.1925  2.1921  3.6119 BIOTITE A
    10.0806   992.0  2.5661  1.8007  2.6189  2.0662  2.4249  3.5102 BIOTITE A
    10.1010   990.0  2.6079  1.6889  2.6794  1.9432  2.6234  3.3829 BIOTITE A
    10.1215   988.0  2.6343  1.5862  2.7208  1.8282  2.7864  3.2432 BIOTITE A
    10.1420   986.0  2.6502  1.4937  2.7483  1.7235  2.9179  3.1013 BIOTITE A
    10.1626   984.0  2.6597  1.4116  2.7671  1.6301  3.0241  2.9654 BIOTITE A
    10.1833   982.0  2.6664  1.3396  2.7814  1.5477  3.1121  2.8406 BIOTITE A
    10.2041   980.0  2.6730  1.2757  2.7945  1.4746  3.1894  2.7277 BIOTITE A
    10.2249   978.0  2.6816  1.2173  2.8092  1.4080  3.2632  2.6247 BIOTITE A
    10.2459   976.0  2.6934  1.1619  2.8272  1.3449  3.3389  2.5281 BIOTITE A
    10.2669   974.0  2.7085  1.1071  2.8487  1.2827  3.4194  2.4334 BIOTITE A
    10.2881   972.0  2.7255  1.0504  2.8724  1.2184  3.5045  2.3340 BIOTITE A
    10.3093   970.0  2.7431  0.9902  2.8968  1.1498  3.5925  2.2251 BIOTITE A
    10.3306   968.0  2.7589  0.9257  2.9193  1.0759  3.6789  2.1023 BIOTITE A
    10.3520   966.0  2.7705  0.8570  2.9368  0.9969  3.7573  1.9641 BIOTITE A
    10.3734   964.0  2.7759  0.7855  2.9470  0.9141  3.8212  1.8122 BIOTITE A
    10.3950   962.0  2.7737  0.7126  2.9481  0.8292  3.8654  1.6494 BIOTITE A
    10.4167   960.0  2.7634  0.6400  2.9394  0.7443  3.8866  1.4810 BIOTITE A
    10.4384   958.0  2.7455  0.5699  2.9214  0.6622  3.8844  1.3140 BIOTITE A
    10.4603   956.0  2.7205  0.5039  2.8947  0.5847  3.8598  1.1537 BIOTITE A
    10.4822   954.0  2.6896  0.4432  2.8608  0.5134  3.8160  1.0048 BIOTITE A
    10.5042   952.0  2.6542  0.3883  2.8214  0.4489  3.7572  0.8699 BIOTITE A
    10.5263   950.0  2.6158  0.3399  2.7782  0.3921  3.6876  0.7513 BIOTITE A
    10.5485   948.0  2.5755  0.2980  2.7327  0.3430  3.6111  0.6493 BIOTITE A
    10.5708   946.0  2.5345  0.2621  2.6862  0.3010  3.5311  0.5627 BIOTITE A
    10.5932   944.0  2.4940  0.2317  2.6402  0.2654  3.4511  0.4900 BIOTITE A
    10.6157   942.0  2.4543  0.2061  2.5952  0.2356  3.3726  0.4297 BIOTITE A
    10.6383   940.0  2.4158  0.1848  2.5515  0.2108  3.2961  0.3800 BIOTITE A
    10.6610   938.0  2.3791  0.1673  2.5099  0.1904  3.2237  0.3394 BIOTITE A
    10.6838   936.0  2.3445  0.1529  2.4707  0.1737  3.1557  0.3064 BIOTITE A
    10.7066   934.0  2.3119  0.1412  2.4337  0.1602  3.0920  0.2797 BIOTITE A
    10.7296   932.0  2.2814  0.1319  2.3993  0.1493  3.0330  0.2583 BIOTITE A
    10.7527   930.0  2.2533  0.1242  2.3676  0.1404  2.9790  0.2409 BIOTITE A
    10.7759   928.0  2.2276  0.1177  2.3386  0.1329  2.9299  0.2262 BIOTITE A
    10.7991   926.0  2.2036  0.1119  2.3116  0.1261  2.8845  0.2132 BIOTITE A
    10.8225   924.0  2.1812  0.1066  2.2864  0.1200  2.8424  0.2016 BIOTITE A
    10.8460   922.0  2.1600  0.1018  2.2626  0.1145  2.8029  0.1910 BIOTITE A
    10.8696   920.0  2.1400  0.0974  2.2401  0.1094  2.7658  0.1814 BIOTITE A
    10.8932   918.0  2.1210  0.0934  2.2189  0.1047  2.7309  0.1728 BIOTITE A
    10.9170   916.0  2.1028  0.0899  2.1985  0.1007  2.6976  0.1653 BIOTITE A
    10.9409   914.0  2.0857  0.0869  2.1794  0.0973  2.6664  0.1588 BIOTITE A
    10.9649   912.0  2.0699  0.0842  2.1616  0.0942  2.6376  0.1530 BIOTITE A
    10.9890   910.0  2.0546  0.0815  2.1446  0.0911  2.6101  0.1474 BIOTITE A
    11.0132   908.0  2.0401  0.0789  2.1284  0.0881  2.5840  0.1420 BIOTITE A
    11.0375   906.0  2.0262  0.0764  2.1129  0.0852  2.5593  0.1368 BIOTITE A
    11.0619   904.0  2.0131  0.0738  2.0982  0.0823  2.5359  0.1316 BIOTITE A
    11.0865   902.0  2.0005  0.0711  2.0843  0.0793  2.5137  0.1263 BIOTITE A
    11.1111   900.0  1.9884  0.0685  2.0708  0.0762  2.4924  0.1210 BIOTITE A
    11.1359   898.0  1.9766  0.0658  2.0576  0.0732  2.4716  0.1158 BIOTITE A
    11.1607   896.0  1.9651  0.0631  2.0448  0.0702  2.4515  0.1106 BIOTITE A
    11.1857   894.0  1.9539  0.0603  2.0324  0.0670  2.4320  0.1053 BIOTITE A
    11.2108   892.0  1.9426  0.0574  2.0198  0.0638  2.4124  0.0999 BIOTITE A
    11.2360   890.0  1.9313  0.0546  2.0073  0.0606  2.3929  0.0947 BIOTITE A
    11.2613   888.0  1.9202  0.0520  1.9950  0.0577  2.3737  0.0899 BIOTITE A
    11.2867   886.0  1.9090  0.0497  1.9827  0.0550  2.3546  0.0854 BIOTITE A
    11.3122   884.0  1.8979  0.0476  1.9703  0.0528  2.3356  0.0816 BIOTITE A
    11.3379   882.0  1.8870  0.0461  1.9582  0.0510  2.3169  0.0787 BIOTITE A
    11.3636   880.0  1.8762  0.0450  1.9463  0.0498  2.2985  0.0766 BIOTITE A
    11.3895   878.0  1.8657  0.0443  1.9347  0.0490  2.2808  0.0752 BIOTITE A
    11.4155   876.0  1.8559  0.0439  1.9238  0.0485  2.2641  0.0742 BIOTITE A
    11.4416   874.0  1.8468  0.0435  1.9137  0.0480  2.2487  0.0733 BIOTITE A
    11.4679   872.0  1.8383  0.0429  1.9044  0.0474  2.2345  0.0720 BIOTITE A
    11.4943   870.0  1.8302  0.0419  1.8955  0.0463  2.2210  0.0702 BIOTITE A
    11.5207   868.0  1.8221  0.0407  1.8865  0.0449  2.2074  0.0680 BIOTITE A
    11.5473   866.0  1.8139  0.0393  1.8775  0.0434  2.1938  0.0656 BIOTITE A
    11.5741   864.0  1.8059  0.0380  1.8687  0.0418  2.1805  0.0631 BIOTITE A
    11.6009   862.0  1.7981  0.0364  1.8601  0.0401  2.1676  0.0603 BIOTITE A
    11.6279   860.0  1.7903  0.0346  1.8515  0.0381  2.1547  0.0572 BIOTITE A
    11.6550   858.0  1.7821  0.0326  1.8425  0.0359  2.1413  0.0538 BIOTITE A
    11.6822   856.0  1.7737  0.0307  1.8333  0.0338  2.1275  0.0506 BIOTITE A
    11.7096   854.0  1.7651  0.0290  1.8237  0.0318  2.1133  0.0475 BIOTITE A
    11.7371   852.0  1.7561  0.0273  1.8139  0.0301  2.0986  0.0447 BIOTITE A
    11.7647   850.0  1.7471  0.0260  1.8040  0.0286  2.0839  0.0425 BIOTITE A
    11.7925   848.0  1.7381  0.0251  1.7941  0.0276  2.0693  0.0408 BIOTITE A
    11.8203   846.0  1.7290  0.0245  1.7842  0.0269  2.0546  0.0397 BIOTITE A
    11.8483   844.0  1.7199  0.0241  1.7742  0.0265  2.0399  0.0390 BIOTITE A
    11.8765   842.0  1.7109  0.0240  1.7643  0.0263  2.0253  0.0387 BIOTITE A
    11.9048   840.0  1.7020  0.0242  1.7545  0.0265  2.0109  0.0389 BIOTITE A
    11.9332   838.0  1.6933  0.0245  1.7450  0.0268  1.9970  0.0392 BIOTITE A
    11.9617   836.0  1.6849  0.0247  1.7358  0.0270  1.9836  0.0394 BIOTITE A
    11.9904   834.0  1.6766  0.0248  1.7267  0.0272  1.9704  0.0395 BIOTITE A
    12.0192   832.0  1.6681  0.0251  1.7174  0.0274  1.9568  0.0398 BIOTITE A
    12.0482   830.0  1.6590  0.0255  1.7074  0.0279  1.9423  0.0404 BIOTITE A
    12.0773   828.0  1.6499  0.0263  1.6975  0.0287  1.9281  0.0415 BIOTITE A
    12.1065   826.0  1.6411  0.0272  1.6878  0.0298  1.9140  0.0429 BIOTITE A
    12.1359   824.0  1.6318  0.0286  1.6777  0.0312  1.8994  0.0449 BIOTITE A
    12.1655   822.0  1.6224  0.0304  1.6674  0.0332  1.8847  0.0476 BIOTITE A
    12.1951   820.0  1.6128  0.0327  1.6570  0.0357  1.8697  0.0511 BIOTITE A
    12.2249   818.0  1.6036  0.0357  1.6469  0.0389  1.8553  0.0555 BIOTITE A
    12.2549   816.0  1.5946  0.0392  1.6371  0.0427  1.8412  0.0607 BIOTITE A
    12.2850   814.0  1.5857  0.0431  1.6274  0.0470  1.8273  0.0667 BIOTITE A
    12.3153   812.0  1.5774  0.0475  1.6184  0.0517  1.8145  0.0733 BIOTITE A
    12.3457   810.0  1.5696  0.0522  1.6099  0.0568  1.8023  0.0803 BIOTITE A
    12.3762   808.0  1.5621  0.0571  1.6017  0.0621  1.7906  0.0876 BIOTITE A
    12.4069   806.0  1.5547  0.0623  1.5936  0.0677  1.7792  0.0954 BIOTITE A
    12.4378   804.0  1.5481  0.0677  1.5864  0.0736  1.7689  0.1035 BIOTITE A
    12.4688   802.0  1.5423  0.0732  1.5801  0.0796  1.7599  0.1117 BIOTITE A
    12.5000   800.0  1.5367  0.0788  1.5741  0.0856  1.7512  0.1200 BIOTITE A
    12.5313   798.0  1.5315  0.0845  1.5683  0.0917  1.7430  0.1284 BIOTITE A
    12.5628   796.0  1.5267  0.0902  1.5632  0.0979  1.7355  0.1370 BIOTITE A
    12.5945   794.0  1.5228  0.0960  1.5589  0.1042  1.7293  0.1456 BIOTITE A
    12.6263   792.0  1.5196  0.1016  1.5553  0.1102  1.7242  0.1538 BIOTITE A
    12.6582   790.0  1.5171  0.1067  1.5525  0.1158  1.7201  0.1615 BIOTITE A
    12.6904   788.0  1.5153  0.1113  1.5507  0.1208  1.7172  0.1683 BIOTITE A
    12.7226   786.0  1.5139  0.1151  1.5491  0.1249  1.7149  0.1740 BIOTITE A
    12.7551   784.0  1.5126  0.1181  1.5476  0.1281  1.7127  0.1784 BIOTITE A
    12.7877   782.0  1.5111  0.1205  1.5460  0.1306  1.7103  0.1819 BIOTITE A
    12.8205   780.0  1.5091  0.1223  1.5438  0.1326  1.7072  0.1845 BIOTITE A
    12.8535   778.0  1.5070  0.1238  1.5416  0.1342  1.7040  0.1867 BIOTITE A
    12.8866   776.0  1.5046  0.1250  1.5389  0.1355  1.7002  0.1883 BIOTITE A
    12.9199   774.0  1.5015  0.1260  1.5356  0.1366  1.6956  0.1897 BIOTITE A
    12.9534   772.0  1.4977  0.1271  1.5314  0.1377  1.6897  0.1910 BIOTITE A
    12.9870   770.0  1.4936  0.1284  1.5270  0.1391  1.6836  0.1928 BIOTITE A
    13.0208   768.0  1.4897  0.1300  1.5227  0.1408  1.6775  0.1949 BIOTITE A
    13.0548   766.0  1.4853  0.1316  1.5180  0.1425  1.6710  0.1970 BIOTITE A
    13.0890   764.0  1.4810  0.1333  1.5133  0.1443  1.6644  0.1994 BIOTITE A
    13.1234   762.0  1.4764  0.1352  1.5084  0.1463  1.6575  0.2018 BIOTITE A
    13.1579   760.0  1.4719  0.1370  1.5034  0.1483  1.6505  0.2043 BIOTITE A
    13.1926   758.0  1.4672  0.1390  1.4983  0.1503  1.6434  0.2069 BIOTITE A
    13.2275   756.0  1.4619  0.1409  1.4925  0.1524  1.6354  0.2094 BIOTITE A
    13.2626   754.0  1.4563  0.1432  1.4865  0.1548  1.6270  0.2124 BIOTITE A
    13.2979   752.0  1.4508  0.1459  1.4805  0.1576  1.6186  0.2160 BIOTITE A
    13.3333   750.0  1.4449  0.1489  1.4741  0.1608  1.6097  0.2201 BIOTITE A
    13.3690   748.0  1.4387  0.1524  1.4674  0.1645  1.6004  0.2248 BIOTITE A
    13.4048   746.0  1.4324  0.1564  1.4605  0.1688  1.5908  0.2303 BIOTITE A
    13.4409   744.0  1.4262  0.1611  1.4538  0.1739  1.5812  0.2368 BIOTITE A
    13.4771   742.0  1.4199  0.1664  1.4470  0.1795  1.5717  0.2440 BIOTITE A
    13.5135   740.0  1.4142  0.1723  1.4407  0.1859  1.5628  0.2523 BIOTITE A
    13.5501   738.0  1.4088  0.1787  1.4349  0.1927  1.5545  0.2612 BIOTITE A
    13.5870   736.0  1.4041  0.1856  1.4297  0.2000  1.5470  0.2707 BIOTITE A
    13.6240   734.0  1.4001  0.1928  1.4253  0.2077  1.5406  0.2809 BIOTITE A
    13.6612   732.0  1.3961  0.2000  1.4210  0.2154  1.5342  0.2910 BIOTITE A
    13.6986   730.0  1.3929  0.2075  1.4174  0.2235  1.5288  0.3016 BIOTITE A
    13.7363   728.0  1.3903  0.2154  1.4145  0.2319  1.5243  0.3128 BIOTITE A
    13.7741   726.0  1.3881  0.2233  1.4120  0.2405  1.5203  0.3241 BIOTITE A
    13.8122   724.0  1.3863  0.2315  1.4100  0.2493  1.5169  0.3358 BIOTITE A
    13.8504   722.0  1.3856  0.2402  1.4091  0.2586  1.5149  0.3483 BIOTITE A
    13.8889   720.0  1.3859  0.2491  1.4093  0.2682  1.5144  0.3612 BIOTITE A
    13.9276   718.0  1.3872  0.2579  1.4106  0.2778  1.5153  0.3741 BIOTITE A
    13.9665   716.0  1.3900  0.2667  1.4134  0.2872  1.5183  0.3871 BIOTITE A
    14.0056   714.0  1.3941  0.2749  1.4177  0.2962  1.5231  0.3995 BIOTITE A
    14.0449   712.0  1.4000  0.2826  1.4240  0.3045  1.5308  0.4113 BIOTITE A
    14.0845   710.0  1.4077  0.2889  1.4322  0.3115  1.5412  0.4215 BIOTITE A
    14.1243   708.0  1.4167  0.2933  1.4418  0.3163  1.5536  0.4291 BIOTITE A
    14.1643   706.0  1.4262  0.2952  1.4520  0.3186  1.5673  0.4332 BIOTITE A
    14.2045   704.0  1.4357  0.2948  1.4623  0.3183  1.5812  0.4338 BIOTITE A
    14.2450   702.0  1.4445  0.2920  1.4718  0.3154  1.5945  0.4309 BIOTITE A
    14.2857   700.0  1.4519  0.2870  1.4799  0.3102  1.6061  0.4246 BIOTITE A
    14.3266   698.0  1.4576  0.2805  1.4861  0.3032  1.6153  0.4157 BIOTITE A
    14.3678   696.0  1.4609  0.2728  1.4899  0.2950  1.6212  0.4048 BIOTITE A
    14.4092   694.0  1.4613  0.2645  1.4905  0.2860  1.6229  0.3926 BIOTITE A
    14.4509   692.0  1.4590  0.2565  1.4881  0.2773  1.6204  0.3805 BIOTITE A
    14.4928   690.0  1.4549  0.2497  1.4838  0.2699  1.6152  0.3699 BIOTITE A
    14.5349   688.0  1.4504  0.2443  1.4789  0.2640  1.6091  0.3614 BIOTITE A
    14.5773   686.0  1.4455  0.2399  1.4738  0.2591  1.6025  0.3543 BIOTITE A
    14.6199   684.0  1.4397  0.2358  1.4675  0.2547  1.5943  0.3477 BIOTITE A
    14.6628   682.0  1.4326  0.2323  1.4599  0.2508  1.5843  0.3419 BIOTITE A
    14.7059   680.0  1.4251  0.2300  1.4519  0.2482  1.5735  0.3376 BIOTITE A
    14.7493   678.0  1.4183  0.2289  1.4445  0.2469  1.5637  0.3353 BIOTITE A
    14.7929   676.0  1.4118  0.2282  1.4375  0.2461  1.5543  0.3337 BIOTITE A
    14.8368   674.0  1.4055  0.2279  1.4307  0.2456  1.5451  0.3325 BIOTITE A
    14.8810   672.0  1.3989  0.2277  1.4236  0.2453  1.5356  0.3315 BIOTITE A
    14.9254   670.0  1.3923  0.2278  1.4165  0.2453  1.5260  0.3309 BIOTITE A
    14.9701   668.0  1.3859  0.2282  1.4096  0.2457  1.5167  0.3309 BIOTITE A
    15.0150   666.0  1.3795  0.2285  1.4027  0.2460  1.5073  0.3308 BIOTITE A
    15.0602   664.0  1.3731  0.2291  1.3958  0.2465  1.4981  0.3309 BIOTITE A
    15.1057   662.0  1.3667  0.2298  1.3889  0.2472  1.4888  0.3313 BIOTITE A
    15.1515   660.0  1.3598  0.2305  1.3815  0.2478  1.4788  0.3316 BIOTITE A
    15.1976   658.0  1.3522  0.2313  1.3733  0.2486  1.4678  0.3319 BIOTITE A
    15.2439   656.0  1.3445  0.2328  1.3650  0.2501  1.4566  0.3332 BIOTITE A
    15.2905   654.0  1.3371  0.2351  1.3571  0.2525  1.4459  0.3358 BIOTITE A
    15.3374   652.0  1.3296  0.2374  1.3490  0.2548  1.4350  0.3383 BIOTITE A
    15.3846   650.0  1.3224  0.2400  1.3412  0.2575  1.4245  0.3412 BIOTITE A
    15.4321   648.0  1.3153  0.2427  1.3336  0.2603  1.4142  0.3443 BIOTITE A
    15.4799   646.0  1.3083  0.2455  1.3259  0.2632  1.4039  0.3475 BIOTITE A
    15.5280   644.0  1.3014  0.2483  1.3186  0.2661  1.3939  0.3507 BIOTITE A
    15.5763   642.0  1.2947  0.2510  1.3113  0.2689  1.3842  0.3538 BIOTITE A
    15.6250   640.0  1.2877  0.2536  1.3038  0.2716  1.3741  0.3567 BIOTITE A
    15.6740   638.0  1.2801  0.2562  1.2956  0.2743  1.3631  0.3595 BIOTITE A
    15.7233   636.0  1.2716  0.2588  1.2864  0.2769  1.3509  0.3621 BIOTITE A
    15.7729   634.0  1.2626  0.2619  1.2768  0.2801  1.3381  0.3655 BIOTITE A
    15.8228   632.0  1.2537  0.2660  1.2672  0.2843  1.3252  0.3701 BIOTITE A
    15.8730   630.0  1.2449  0.2708  1.2578  0.2893  1.3125  0.3758 BIOTITE A
    15.9236   628.0  1.2365  0.2759  1.2486  0.2946  1.3003  0.3818 BIOTITE A
    15.9744   626.0  1.2287  0.2814  1.2402  0.3003  1.2889  0.3885 BIOTITE A
    16.0256   624.0  1.2211  0.2868  1.2321  0.3060  1.2778  0.3950 BIOTITE A
    16.0772   622.0  1.2131  0.2916  1.2235  0.3110  1.2664  0.4007 BIOTITE A
    16.1290   620.0  1.2050  0.2966  1.2147  0.3162  1.2546  0.4065 BIOTITE A
    16.1812   618.0  1.1970  0.3020  1.2061  0.3218  1.2430  0.4128 BIOTITE A
    16.2338   616.0  1.1892  0.3080  1.1977  0.3281  1.2316  0.4201 BIOTITE A
    16.2866   614.0  1.1810  0.3137  1.1888  0.3340  1.2198  0.4267 BIOTITE A
    16.3399   612.0  1.1721  0.3190  1.1793  0.3395  1.2072  0.4328 BIOTITE A
    16.3934   610.0  1.1631  0.3249  1.1696  0.3456  1.1941  0.4396 BIOTITE A
    16.4474   608.0  1.1540  0.3316  1.1598  0.3526  1.1810  0.4474 BIOTITE A
    16.5017   606.0  1.1451  0.3387  1.1502  0.3599  1.1681  0.4557 BIOTITE A
    16.5563   604.0  1.1367  0.3464  1.1412  0.3679  1.1559  0.4647 BIOTITE A
    16.6113   602.0  1.1290  0.3546  1.1328  0.3765  1.1445  0.4746 BIOTITE A
    16.6667   600.0  1.1216  0.3623  1.1248  0.3844  1.1335  0.4838 BIOTITE A
    16.7224   598.0  1.1142  0.3690  1.1167  0.3914  1.1226  0.4916 BIOTITE A
    16.7785   596.0  1.1064  0.3754  1.1084  0.3980  1.1114  0.4989 BIOTITE A
    16.8350   594.0  1.0980  0.3814  1.0993  0.4042  1.0994  0.5055 BIOTITE A
    16.8919   592.0  1.0888  0.3872  1.0894  0.4101  1.0864  0.5118 BIOTITE A
    16.9492   590.0  1.0787  0.3931  1.0786  0.4161  1.0723  0.5180 BIOTITE A
    17.0068   588.0  1.0677  0.3992  1.0668  0.4224  1.0569  0.5243 BIOTITE A
    17.0648   586.0  1.0557  0.4056  1.0540  0.4288  1.0403  0.5306 BIOTITE A
    17.1233   584.0  1.0427  0.4123  1.0401  0.4356  1.0225  0.5373 BIOTITE A
    17.1821   582.0  1.0289  0.4197  1.0253  0.4431  1.0034  0.5447 BIOTITE A
    17.2414   580.0  1.0144  0.4283  1.0099  0.4518  0.9834  0.5534 BIOTITE A
    17.3010   578.0  0.9995  0.4384  0.9939  0.4621  0.9626  0.5639 BIOTITE A
    17.3611   576.0  0.9843  0.4495  0.9776  0.4734  0.9414  0.5754 BIOTITE A
    17.4216   574.0  0.9688  0.4612  0.9610  0.4853  0.9198  0.5876 BIOTITE A
    17.4825   572.0  0.9529  0.4737  0.9439  0.4980  0.8976  0.6006 BIOTITE A
    17.5439   570.0  0.9364  0.4873  0.9262  0.5118  0.8745  0.6147 BIOTITE A
    17.6056   568.0  0.9193  0.5018  0.9078  0.5265  0.8505  0.6296 BIOTITE A
    17.6678   566.0  0.9015  0.5177  0.8887  0.5428  0.8255  0.6461 BIOTITE A
    17.7305   564.0  0.8831  0.5355  0.8689  0.5608  0.7995  0.6645 BIOTITE A
    17.7936   562.0  0.8643  0.5551  0.8485  0.5808  0.7726  0.6849 BIOTITE A
    17.8571   560.0  0.8454  0.5766  0.8281  0.6026  0.7453  0.7072 BIOTITE A
    17.9211   558.0  0.8264  0.6004  0.8075  0.6268  0.7175  0.7320 BIOTITE A
    17.9856   556.0  0.8076  0.6266  0.7869  0.6535  0.6893  0.7595 BIOTITE A
    18.0505   554.0  0.7892  0.6555  0.7667  0.6830  0.6611  0.7899 BIOTITE A
    18.1159   552.0  0.7718  0.6870  0.7474  0.7151  0.6333  0.8231 BIOTITE A
    18.1818   550.0  0.7557  0.7207  0.7293  0.7495  0.6064  0.8588 BIOTITE A
    18.2482   548.0  0.7410  0.7566  0.7125  0.7861  0.5804  0.8969 BIOTITE A
    18.3150   546.0  0.7280  0.7944  0.6974  0.8249  0.5557  0.9374 BIOTITE A
    18.3824   544.0  0.7169  0.8340  0.6841  0.8655  0.5324  0.9800 BIOTITE A
    18.4502   542.0  0.7078  0.8752  0.6727  0.9077  0.5105  1.0245 BIOTITE A
    18.5185   540.0  0.7008  0.9178  0.6632  0.9515  0.4902  1.0707 BIOTITE A
    18.5874   538.0  0.6959  0.9614  0.6559  0.9964  0.4715  1.1184 BIOTITE A
    18.6567   536.0  0.6933  1.0058  0.6508  1.0422  0.4546  1.1673 BIOTITE A
    18.7266   534.0  0.6928  1.0506  0.6477  1.0886  0.4393  1.2170 BIOTITE A
    18.7970   532.0  0.6942  1.0960  0.6464  1.1356  0.4254  1.2677 BIOTITE A
    18.8679   530.0  0.6975  1.1419  0.6470  1.1833  0.4128  1.3195 BIOTITE A
    18.9394   528.0  0.7029  1.1885  0.6494  1.2319  0.4015  1.3726 BIOTITE A
    19.0114   526.0  0.7102  1.2357  0.6539  1.2811  0.3915  1.4268 BIOTITE A
    19.0840   524.0  0.7196  1.2833  0.6602  1.3311  0.3828  1.4822 BIOTITE A
    19.1571   522.0  0.7312  1.3315  0.6687  1.3818  0.3755  1.5390 BIOTITE A
    19.2308   520.0  0.7451  1.3801  0.6794  1.4332  0.3696  1.5972 BIOTITE A
    19.3050   518.0  0.7611  1.4289  0.6922  1.4850  0.3653  1.6566 BIOTITE A
    19.3798   516.0  0.7796  1.4776  0.7073  1.5370  0.3625  1.7170 BIOTITE A
    19.4553   514.0  0.8007  1.5266  0.7250  1.5896  0.3617  1.7791 BIOTITE A
    19.5313   512.0  0.8246  1.5757  0.7456  1.6427  0.3628  1.8429 BIOTITE A
    19.6078   510.0  0.8511  1.6246  0.7687  1.6959  0.3659  1.9080 BIOTITE A
    19.6850   508.0  0.8802  1.6732  0.7945  1.7492  0.3708  1.9745 BIOTITE A
    19.7628   506.0  0.9124  1.7219  0.8233  1.8031  0.3779  2.0433 BIOTITE A
    19.8413   504.0  0.9477  1.7709  0.8553  1.8576  0.3872  2.1146 BIOTITE A
    19.9203   502.0  0.9865  1.8171  0.8911  1.9099  0.4006  2.1857 BIOTITE A
    20.0000   500.0  1.0311  1.8540  0.9339  1.9533  0.4248  2.2513 BIOTITE A
    20.0803   498.0  1.0725  1.8906  0.9734  1.9960  0.4452  2.3155 BIOTITE A
    20.1613   496.0  1.1107  1.9307  1.0092  2.0424  0.4592  2.3821 BIOTITE A
    20.2429   494.0  1.1516  1.9709  1.0478  2.0894  0.4753  2.4514 BIOTITE A
    20.3252   492.0  1.1955  2.0112  1.0894  2.1370  0.4934  2.5236 BIOTITE A
    20.4082   490.0  1.2415  2.0514  1.1334  2.1849  0.5130  2.5981 BIOTITE A
    20.4918   488.0  1.2901  2.0918  1.1799  2.2335  0.5340  2.6757 BIOTITE A
    20.5761   486.0  1.3421  2.1330  1.2301  2.2838  0.5570  2.7580 BIOTITE A
    20.6612   484.0  1.3983  2.1752  1.2845  2.3358  0.5825  2.8457 BIOTITE A
    20.7469   482.0  1.4587  2.2177  1.3436  2.3891  0.6108  2.9388 BIOTITE A
    20.8333   480.0  1.5244  2.2602  1.4082  2.4433  0.6433  3.0380 BIOTITE A
    20.9205   478.0  1.5968  2.3022  1.4804  2.4982  0.6819  3.1447 BIOTITE A
    21.0084   476.0  1.6775  2.3425  1.5618  2.5529  0.7291  3.2597 BIOTITE A
    21.0970   474.0  1.7674  2.3794  1.6538  2.6058  0.7876  3.3833 BIOTITE A
    21.1864   472.0  1.8673  2.4107  1.7580  2.6543  0.8610  3.5149 BIOTITE A
    21.2766   470.0  1.9779  2.4325  1.8758  2.6947  0.9548  3.6529 BIOTITE A
    21.3675   468.0  2.0977  2.4405  2.0066  2.7216  1.0739  3.7924 BIOTITE A
    21.4592   466.0  2.2228  2.4307  2.1467  2.7298  1.2215  3.9255 BIOTITE A
    21.5517   464.0  2.3476  2.4005  2.2907  2.7151  1.3981  4.0425 BIOTITE A
    21.6450   462.0  2.4663  2.3497  2.4319  2.6760  1.6008  4.1335 BIOTITE A
    21.7391   460.0  2.5726  2.2800  2.5628  2.6130  1.8227  4.1885 BIOTITE A
    21.8341   458.0  2.6610  2.1959  2.6758  2.5300  2.0511  4.2002 BIOTITE A
    21.9298   456.0  2.7286  2.1042  2.7663  2.4345  2.2707  4.1690 BIOTITE A
    22.0264   454.0  2.7762  2.0118  2.8336  2.3346  2.4687  4.1024 BIOTITE A
    22.1239   452.0  2.8068  1.9249  2.8802  2.2384  2.6366  4.0136 BIOTITE A
    22.2222   450.0  2.8244  1.8468  2.9103  2.1502  2.7726  3.9145 BIOTITE A
    22.3214   448.0  2.8338  1.7796  2.9293  2.0735  2.8800  3.8175 BIOTITE A
    22.4215   446.0  2.8403  1.7237  2.9434  2.0094  2.9663  3.7322 BIOTITE A
    22.5225   444.0  2.8472  1.6764  2.9568  1.9553  3.0411  3.6601 BIOTITE A
    22.6244   442.0  2.8565  1.6353  2.9721  1.9086  3.1114  3.6002 BIOTITE A
    22.7273   440.0  2.8691  1.5983  2.9908  1.8669  3.1822  3.5505 BIOTITE A
    22.8311   438.0  2.8851  1.5630  3.0132  1.8275  3.2571  3.5070 BIOTITE A
    22.9358   436.0  2.9040  1.5275  3.0388  1.7882  3.3376  3.4656 BIOTITE A
    23.0415   434.0  2.9243  1.4908  3.0663  1.7474  3.4231  3.4224 BIOTITE A
    23.1481   432.0  2.9451  1.4527  3.0944  1.7050  3.5117  3.3756 BIOTITE A
    23.2558   430.0  2.9649  1.4123  3.1214  1.6596  3.6018  3.3212 BIOTITE A
    23.3645   428.0  2.9827  1.3699  3.1463  1.6115  3.6907  3.2584 BIOTITE A
    23.4742   426.0  2.9973  1.3259  3.1673  1.5613  3.7748  3.1865 BIOTITE A
    23.5849   424.0  3.0081  1.2813  3.1840  1.5098  3.8516  3.1067 BIOTITE A
    23.6967   422.0  3.0168  1.2381  3.1979  1.4597  3.9217  3.0253 BIOTITE A
    23.8095   420.0  3.0237  1.1957  3.2096  1.4105  3.9861  2.9421 BIOTITE A
    23.9234   418.0  3.0285  1.1539  3.2185  1.3617  4.0442  2.8561 BIOTITE A
    24.0385   416.0  3.0312  1.1132  3.2249  1.3139  4.0956  2.7687 BIOTITE A
    24.1546   414.0  3.0322  1.0736  3.2290  1.2674  4.1406  2.6810 BIOTITE A
    24.2718   412.0  3.0319  1.0352  3.2314  1.2220  4.1803  2.5934 BIOTITE A
    24.3902   410.0  3.0304  0.9976  3.2322  1.1777  4.2149  2.5057 BIOTITE A
    24.5098   408.0  3.0275  0.9611  3.2312  1.1344  4.2443  2.4184 BIOTITE A
    24.6305   406.0  3.0233  0.9256  3.2285  1.0923  4.2683  2.3316 BIOTITE A
    24.7525   404.0  3.0181  0.8913  3.2245  1.0516  4.2876  2.2465 BIOTITE A
    24.8756   402.0  3.0119  0.8583  3.2192  1.0123  4.3025  2.1630 BIOTITE A
    25.0000   400.0  3.0050  0.8264  3.2129  0.9744  4.3132  2.0816 BIOTITE A
    25.1256   398.0  2.9974  0.7958  3.2056  0.9379  4.3204  2.0025 BIOTITE A
    25.2525   396.0  2.9890  0.7659  3.1973  0.9023  4.3241  1.9246 BIOTITE A
    25.3807   394.0  2.9801  0.7368  3.1883  0.8676  4.3249  1.8482 BIOTITE A
    25.5102   392.0  2.9705  0.7084  3.1784  0.8337  4.3226  1.7730 BIOTITE A
    25.6410   390.0  2.9597  0.6806  3.1670  0.8005  4.3163  1.6987 BIOTITE A
    25.7732   388.0  2.9478  0.6536  3.1542  0.7682  4.3058  1.6259 BIOTITE A
    25.9067   386.0  2.9345  0.6277  3.1398  0.7373  4.2905  1.5554 BIOTITE A
    26.0417   384.0  2.9198  0.6034  3.1236  0.7082  4.2702  1.4882 BIOTITE A
    26.1780   382.0  2.9035  0.5810  3.1053  0.6813  4.2444  1.4251 BIOTITE A
    26.3158   380.0  2.8860  0.5610  3.0856  0.6571  4.2139  1.3676 BIOTITE A
    26.4550   378.0  2.8677  0.5436  3.0648  0.6361  4.1798  1.3167 BIOTITE A
    26.5957   376.0  2.8493  0.5291  3.0438  0.6184  4.1439  1.2729 BIOTITE A
    26.7380   374.0  2.8318  0.5173  3.0238  0.6041  4.1086  1.2366 BIOTITE A
    26.8817   372.0  2.8156  0.5081  3.0052  0.5928  4.0753  1.2073 BIOTITE A
    27.0270   370.0  2.8010  0.5008  2.9884  0.5838  4.0449  1.1834 BIOTITE A
    27.1739   368.0  2.7887  0.4952  2.9743  0.5768  4.0190  1.1647 BIOTITE A
    27.3224   366.0  2.7788  0.4905  2.9630  0.5710  3.9985  1.1494 BIOTITE A
    27.4725   364.0  2.7713  0.4860  2.9543  0.5656  3.9831  1.1357 BIOTITE A
    27.6243   362.0  2.7658  0.4812  2.9481  0.5598  3.9727  1.1223 BIOTITE A
    27.7778   360.0  2.7622  0.4756  2.9441  0.5532  3.9668  1.1080 BIOTITE A
    27.9330   358.0  2.7601  0.4691  2.9419  0.5456  3.9649  1.0921 BIOTITE A
    28.0899   356.0  2.7589  0.4613  2.9408  0.5365  3.9655  1.0738 BIOTITE A
    28.2486   354.0  2.7584  0.4523  2.9404  0.5260  3.9681  1.0529 BIOTITE A
    28.4091   352.0  2.7578  0.4421  2.9401  0.5141  3.9710  1.0294 BIOTITE A
    28.5714   350.0  2.7570  0.4310  2.9394  0.5012  3.9734  1.0036 BIOTITE A
    28.7356   348.0  2.7556  0.4192  2.9382  0.4875  3.9749  0.9760 BIOTITE A
    28.9017   346.0  2.7536  0.4069  2.9361  0.4731  3.9749  0.9469 BIOTITE A
    29.0698   344.0  2.7506  0.3943  2.9330  0.4584  3.9726  0.9169 BIOTITE A
    29.2398   342.0  2.7472  0.3818  2.9294  0.4437  3.9692  0.8869 BIOTITE A
    29.4118   340.0  2.7433  0.3695  2.9251  0.4293  3.9644  0.8573 BIOTITE A
    29.5858   338.0  2.7390  0.3573  2.9205  0.4151  3.9586  0.8280 BIOTITE A
    29.7619   336.0  2.7346  0.3455  2.9156  0.4013  3.9522  0.7995 BIOTITE A
    29.9401   334.0  2.7299  0.3339  2.9104  0.3877  3.9450  0.7715 BIOTITE A
    30.1205   332.0  2.7252  0.3225  2.9052  0.3743  3.9378  0.7439 BIOTITE A
    30.3030   330.0  2.7207  0.3109  2.9002  0.3609  3.9306  0.7162 BIOTITE A
    30.4878   328.0  2.7160  0.2992  2.8950  0.3471  3.9231  0.6881 BIOTITE A
    30.6748   326.0  2.7108  0.2872  2.8892  0.3332  3.9145  0.6594 BIOTITE A
    30.8642   324.0  2.7053  0.2753  2.8830  0.3192  3.9049  0.6308 BIOTITE A
    31.0559   322.0  2.6993  0.2635  2.8762  0.3054  3.8940  0.6025 BIOTITE A
    31.2500   320.0  2.6926  0.2520  2.8688  0.2920  3.8815  0.5749 BIOTITE A
    31.4465   318.0  2.6859  0.2409  2.8611  0.2790  3.8687  0.5482 BIOTITE A
    31.6456   316.0  2.6788  0.2301  2.8530  0.2664  3.8548  0.5223 BIOTITE A
    31.8471   314.0  2.6713  0.2196  2.8445  0.2541  3.8399  0.4971 BIOTITE A
    32.0513   312.0  2.6635  0.2093  2.8357  0.2422  3.8244  0.4726 BIOTITE A
    32.2581   310.0  2.6553  0.1993  2.8264  0.2305  3.8077  0.4486 BIOTITE A
    32.4675   308.0  2.6469  0.1897  2.8168  0.2193  3.7905  0.4257 BIOTITE A
    32.6797   306.0  2.6380  0.1807  2.8066  0.2087  3.7721  0.4040 BIOTITE A
    32.8947   304.0  2.6290  0.1724  2.7963  0.1990  3.7534  0.3842 BIOTITE A
    33.1126   302.0  2.6198  0.1648  2.7857  0.1902  3.7339  0.3660 BIOTITE A
