Potassium Bromide from Handbook of optical constants of solids, edited by
E.D. Palik (1985) Academic Press.  Values set to -1.e+32 where data is
not provided
Wavel.    real imag.
microns  index index
--------------------------------------------------
0.03099  0.91  6.9e-2
0.03138  0.90  7.1e-2
0.03179  0.90  7.2e-2
0.03220  0.89  7.e-2
0.03262  0.88  8.0e-2
0.03306  0.87  8.6e-2
0.03350  0.86  9.3e-2
0.03396  0.84  0.11
0.03444  0.84  0.13
0.03492  0.85  0.14
0.03542  0.85  0.15
0.03593  0.86  0.15
0.03646  0.87  0.15
0.03701  0.88  0.15
0.03757  0.88  0.14
0.03814  0.86  0.14
0.03874  0.85  0.15
0.03936  0.85  0.16
0.03999  0.84  0.18
0.04065  0.84  0.18
0.04132  0.84  0.19
0.04202  0.83  0.20
0.04275  0.81  0.22
0.04350  0.82  0.29
0.04428  0.88  0.32
0.04508  0.92  0.29
0.04592  0.91  0.26
0.04678  0.89  0.27
0.04769  0.89  0.30
0.04959  0.92  0.33
0.04959  0.95  0.33
0.05060  0.90  0.35
0.05166  0.90  0.34
0.05275  0.90  0.33
0.05391  0.89  0.33
0.05510  0.88  0.34
0.05636  0.87  0.35
0.05700  0.86  0.38
0.05766  0.85  0.40
0.0583i  0.85  0.52
0.05904  0.98  0.47
0.05975  0.98  0.41
0.06048  0.97  0.34
0.06077  1.01  0.31
0.06122  0.95  0.34
0.06137  0.96  0.34
0.06168  0.92  0.36
0.06199  0.91  0.38
0.06214  0.97  0.46
0.06230  1.01  0.49
0.06246  1.02  0.48
0.06261  1.04  0.46
0.06277  1.07  0.46
0.06293  1.09  0.44
0.06325  1.12  0.39
0.06358  1.10  0.34
0.06390  1.07  0.32
0.06457  1.03  0.32
0.06525  1.00  0.33
0.06594  0.98  0.36
0.06665  0.98  0.37
0.06737  0.99  0.41
0.06811  1.03  0.43
0.06888  1.05  0.43
0.06965  1.07  0.42
0.07044  1.09  0.41
0.07125  1.10  0.39
0.07208  1.10  0.37
0.07293  1.10  0.36
0.07380  1.09  0.32
0.07380  1.09  0.32
0.07560  1.09  0.32
0.07653  1.05  0.32
0.07749  1.03  0.36
0.07847  1.07  0.35
0.07947  1.07  0.34
0.08050  1.07  0.33
0.08156  1.06  0.30
0.08265  1.04  0.29
0.08377  1.01  0.28
0.08492  0.98  0.27
0.08610  0.95  0.27
0.08731  0.90  0.29
0.08856  0.86  0.33
0.08984  0.84  0.37
0.09116  0.82  0.40
0.09253  0.79  0.45
0.09500  1.133  0.645
0.09666  1.107  0.656
0.09840  1.086  0.758
0.1002  1.113  0.854
0.1016  1.132  0.938
0.1034  1.207  1.058
0.1047  1.341  1.166
0.1065  1.621  1.192
0.1085  1.851  0.986
0.1104  1.859  0.838
0.1128  1.838  0.655
0.1133  1.824  0.634
0.1146  1.824  0.571
0.1160  1.760  0.532
0.1166  1.752  0.520
0.1178  1.719  0.494
0.1189  1.704  0.501
0.1200  1.687  0.504
0.1216  1.684  0.458
0.1223  1.635  0.473
0.1254  1.670  0.424
0.1264  1.606  0.413
0.1277  1.588  0.433
0.1290  1.569  0.432
0.1302  1.539  0.414
0.1325  1.488  0.434
0.1334  1.452  0.413
0.1347  1.369  0.449
0.1363  1.303  0.553
0.1377  1.282  0.698
0.1394  1.335  0.797
0.1409  1.341  0.879
0.1423  1.390  1.073
0.1441  1.702  1.267
0.1458  2.042  1.125
0.1474  2.150  0.929
0.1495  2.153  0.774
0.1511  2.195  0.650
0.1532  2.192  0.551
0.1548  2.158  0.437
0.1570  2.056  0.330
0.1581  1.990  0.297
0.1592  1.950  0.333
0.1599  1.953  0.334
0.1608  1.910  0.348
0.1621  1.946  0.312
0.1629  1.875  0.278
0.1640  1.808  0.303
0.1652  1.802  0.307
0.1665  1.713  0.347
0.1675  1.649  0.397
0.1685  1.613  0.480
0.1700  1.593  0.662
0.1710  1.650  0.809
0.1720  1.799  0.925
0.1735  2.142  0.983
0.1745  2.349  0.826
0.1760  2.433  0.486
0.1770  2.348  0.322
0.1785  2.174  0.179
0.1795  2.029  0.172
0.1810  1.863  0.229
0.1825  1.732  0.345
0.1835  1.669  0.473
0.1850  1.679  0.774
0.1865  1.876  1.070
0.1880  2.348  1.279
0.1895  2.977  0.846
0.1905  2.957  0.444
0.1920  2.761  0.131
0.1935  2.549  2.31e-2
0.1937  -1.e+32  1.70e-2
0.1953  -1.e+32  3.89e-3
0.1968  -1.e+32  9.71e-4
0.1984  -1.e+32  2.53e-4
0.2000  -1.e+32  6.37e-5
0.20        2.09953  -1.e+32
0.2016  -1.e+32  3.05e-5
0.2033  -1.e+32  1.62e-5
0.2049  -1.e+32  9.78e-6
0.2066  -1.e+32  5.75e-6
0.2048  -1.e+32  4.24e-6
0.21        1.93440  -1.e+32
0.2101  -1.e+32  3.68e-6
0.22  1.85023    -1.e+32  
0.23  1.79622    -1.e+32  
0.24  1.75773    -1.e+32  
0.25  1.72863    -1.e+32  
0.26  1.70575    -1.e+32  
0.27  1.68725    -1.e+32  
0.28  1.67197    -1.e+32  
0.29  1.65915    -1.e+32  
0.30  1.64825    -1.e+32  
0.31  1.63886    -1.e+32  
0.32  1.63071    -1.e+32  
0.33  1.62357    -1.e+32  
0.34  1.61727    -1.e+32  
0.35  1.61167    -1.e+32  
0.36  1.60668    -1.e+32  
0.37  1.60220    -1.e+32  
0.38  1.59816    -1.e+32  
0.39  1.59450    -1.e+32  
0.40  1.59117    -1.e+32  
0.42  1.58537    -1.e+32  
0.44  1.58048    -1.e+32  
0.46  1.57632    -1.e+32  
0.48  1.57274    -1.e+32  
0.50  1.56964    -1.e+32  
0.52  1.56694    -1.e+32  
0.54  1.56456    -1.e+32  
0.56  1.56247    -1.e+32  
0.58  1.56060    -1.e+32  
0.60  1.55894    -1.e+32  
0.62  1.55744    -1.e+32  
0.64  1.55610    -1.e+32  
0.66  1.55488    -1.e+32  
0.68  1.55378    -1.e+32  
0.70  1.55278    -1.e+32  
0.72  1.55186    -1.e+32  
0.74  1.55102  -1.e+32
0.76  1.55025  -1.e+32
0.78  1.54954  -1.e+32
0.80  1.54888  -1.e+32
0.82  1.54828  -1.e+32
0.84  1.54772  -1.e+32
0.86  1.54720  -1.e+32
0.88  1.54671  -1.e+32
0.90  1.54626  -1.e+32
0.92  1.54584  -1.e+32
0.94  1.54544  -1.e+32
0.96  1.54507  -1.e+32
0.98  1.54472  -1.e+32
1.00  1.54440  -1.e+32
1.2  1.54198  -1.e+32
1.4  1.54052  -1.e+32
1.6  1.53955  -1.e+32
1.8  1.53901  -1.e+32
2.0  1.53833  -1.e+32
2.2  1.53792  -1.e+32
2.4  1.53758  -1.e+32
2.6  1.53728  -1.e+32
2.8  1.53702  -1.e+32
3.0  1.53677  -1.e+32
3.2  1.53655  -1.e+32
3.4  1.53633  -1.e+32
3.6  1.53611  -1.e+32
3.8  1.53590  -1.e+32
4.0  1.53569  -1.e+32
4.2  1.53547  -1.e+32
4.4  1.53526  -1.e+32
4.6  1.53504  -1.e+32
4.8  1.53482  -1.e+32
5.0  1.53459  -1.e+32
5.2  1.53435  -1.e+32
5.4  1.53411  -1.e+32
5.6  1.53386  -1.e+32
5.8  1.53361  -1.e+32
6.0  1.53335  -1.e+32
6.2  1.53308  -1.e+32
6.4  1.53281  -1.e+32
6.6  1.53253  -1.e+32
6.8  1.53224  -1.e+32
7.0  1.53194  -1.e+32
7.2  1.53163  -1.e+32
7.4  1.53132  -1.e+32
7.6  1.53100  -1.e+32
7.8  1.53067  -1.e+32
8.0  1.53033  -1.e+32
8.2  1.52998  -1.e+32
8.4  1.52962  -1.e+32
8.6  1.52926  -1.e+32
8.8  1.52889  -1.e+32
9.0  1.52851  -1.e+32
9.2  1.52812  -1.e+32
9.4  1.52772  -1.e+32
9.536  -1.e+32  2.5e-9
9.6  -1.e+32  1.52731
9.657  -1.e+32  2.0e-9
9.8  1.52689  -1.e+32
10.0  1.52647  -1.e+32
10.159  -1.e+32  1.8e-9
10.2  1.52603  -1.e+32
10.303  -1.e+32  1.2e-9
10.4  1.52559  -1.e+32
10.513  -1.e+32  2.3e-9
10.591  -1.e+32  1.0e-9
10.6  1.52514  -1.e+32
10.8  1.52467  -1.e+32
11.0  1.52420  -1.e+32
11.2  1.52372  -1.e+32
11.4  1.52323  -1.e+32
11.6  1.52273  -1.e+32
11.8  1.52222  -1.e+32
12.0  1.52171  -1.e+32
12.2  1.52118  -1.e+32
12.4  1.52064  -1.e+32
12.6  1.52009  -1.e+32
12.8  1.51954  -1.e+32
13.0  1.51897  -1.e+32
13.2  1.51840  -1.e+32
13.4  1.51781  -1.e+32
13.6  1.51721  -1.e+32
13.8  1.51661  -1.e+32
14.0  1.51599  -1.e+32
14.2  1.51536  -1.e+32
14.4  1.51473  -1.e+32
14.6  1.51408  -1.e+32
14.8  1.51342  -1.e+32
15.0  1.51275  -1.e+32
15.2  1.51208  -1.e+32
15.38  -1.e+32  5.5e-8
15.4  1.51139  -1.e+32
15.6  1.51069  -1.e+32
15.8  1.50998  -1.e+32
16.0  1.50926  -1.e+32
16.2  1.50852  -1.e+32
16.4  1.50778  -1.e+32
16.6  1.50703  -1.e+32
16.67  -1.e+32  2.1e-7
16.8  1.50626  -1.e+32
17.0  1.50548  -1.e+32
17.2  1.50470  -1.e+32
17.4  1.50390  -1.e+32
17.6  1.50309  -1.e+32
17.8  1.50227  -1.e+32
18.0  1.50143  -1.e+32
18.18  -1.e+32  7.8e-7
18.2  1.50059  -1.e+32
18.4  1.49973  -1.e+32
18.6  1.49886  -1.e+32
18.8  1.49798  -1.e+32
19.0  1.49709  -1.e+32
19.2  1.49618  -1.e+32
19.4  1.49526  -1.e+32
19.6  1.49433  -1.e+32
19.8  1.49339  -1.e+32
20.0  1.49243  -1.e+32
20.5  1.48999  -1.e+32
21.0  1.48746  -1.e+32
21.5  1.48485  -1.e+32
22.0  1.48215  -1.e+32
22.22  -1.e+32  1.2e-5
22.5  1.47937  -1.e+32
23.0  1.47650  -1.e+32
23.5  1.47353  -1.e+32
24.0  1.47047  -1.e+32
24.5  1.46732  -1.e+32
25.0  1.46406  -1.e+32
25.5  1.46070  -1.e+32
26.0  1.45723  -1.e+32
26.5  1.45366  -1.e+32
27.0  1.44998  -1.e+32
27.5  1.44618  -1.e+32
28.0  1.44226  -1.e+32
28.5  1.43821  -1.e+32
28.57  -1.e+32  2.0e-4
29.0  1.43404  -1.e+32
29.5  1.42974  -1.e+32
30.0  1.42531  -1.e+32
30.5  1.42073  -1.e+32
31.0  1.41601  -1.e+32
31.5  1.41114  -1.e+32
32.0  1.40611  -1.e+32
32.5  1.40091  -1.e+32
33.0  1.39555  -1.e+32
33.33  -1.e+32  8.5e-4
33.5  1.39001  -1.e+32
34.0  1.38429  -1.e+32
34.5  1.37838  -1.e+32
35.0  1.37227  -1.e+32
35.5  1.36595  -1.e+32
36.0  1.35941  -1.e+32
36.5  1.35264  -1.e+32
37.0  1.34563  -1.e+32
37.5  1.33837  -1.e+32
38.0  1.33084  -1.e+32
38.5  1.32304  -1.e+32
39.0  1.31494  -1.e+32
39.5  1.30653  -1.e+32
40.0  1.29779  -1.e+32
40.5  1.28870  -1.e+32
41.0  1.27924  -1.e+32
41.5  1.26939  -1.e+32
41.67  1.33  -1.e+32
42.0  1.25911  -1.e+32
43.48  1.30  -1.e+32
45.45  1.20  1.7e-2
47.62  1.10  2.9e-2
50.00  1.00  6.0e-2
51.28  0.93  0.11
52.63  0.90  0.18
54.05  0.89  0.20
55.55  0.83  0.22
57.14  0.76  0.39
58.82  0.76  0.44
60.61  0.80  0.44
62.50  0.76  0.47
64.52  0.60  0.58
66.67  0.48  0.72
68.97  0.39  0.90
71.43  0.32  1.2
74.07  0.29  2.0
76.92  0.30  2.0
80.00  0.33  2.9
83.33  0.65  4.3
86.96  3.00  5.3
90.91  5.50  1.0
95.24  3.90  0.54
100.0  3.40  0.33
105.3  3.10  0.20
111.1  2.80  0.15
117.6  2.60  0.13
125.0  2.52  0.125
142.8  2.40  0.12
166.7  2.35  0.11
200.0  2.30  9.3e-2
250.0  2.28  6.8e-2
333.3  2.24  3.7e-2
500.0  2.20  1.6e-2
1000.  -1.e+32  4.2e-3
1111.  -1.e+32  3.7e-3
1250.  -1.e+32  3.1e-3
1429.  -1.e+32  2.6e-3
1667.  -1.e+32  2.3e-3
2000.  -1.e+32  1.8e-3
2500.  -1.e+32  1.4e-3
2584.  2.21  1.18e-3
3333.  -1.e+32  1.1e-3
5000.  -1.e+32  6.8e-4
6000.  2.19  2.40e-4
8500.  2.21  4.99e-4
10000.  -1.e+32  3.4e-4
11110.  -1.e+32  3.1e-4
12500.  -1.e+32  2.8e-4
14290.  -1.e+32  2.4e-4
16670.  -1.e+32  2.3e-4
20000.  -1.e+32  1.8e-4
30000.  2.21  2.54e-4
33200.  2.22  2.61e-4
