    0.888900    11250.0    1.30600    9.19600E-07
    0.890900    11225.0    1.30600    8.86200E-07
    0.892900    11200.0    1.30600    8.52600E-07
    0.894900    11175.0    1.30600    8.54500E-07
    0.896900    11150.0    1.30600    8.20800E-07
    0.898900    11125.0    1.30600    7.86800E-07
    0.900900    11100.0    1.30600    7.52800E-07
    0.902900    11075.0    1.30600    7.18500E-07
    0.905000    11050.0    1.30600    6.84200E-07
    0.907000    11025.0    1.30600    6.85700E-07
    0.909100    11000.0    1.30600    6.87300E-07
    0.911200    10975.0    1.30600    6.52600E-07
    0.913200    10950.0    1.30600    6.54100E-07
    0.915300    10925.0    1.30600    7.28400E-07
    0.917400    10900.0    1.30600    7.30100E-07
    0.919500    10875.0    1.30600    7.68300E-07
    0.921700    10850.0    1.30600    8.43400E-07
    0.923800    10825.0    1.30600    8.82200E-07
    0.925900    10800.0    1.30600    9.21000E-07
    0.928100    10775.0    1.30600    9.23200E-07
    0.930200    10750.0    1.30600    8.88300E-07
    0.932400    10725.0    1.30600    8.90400E-07
    0.934600    10700.0    1.30600    8.92500E-07
    0.936800    10675.0    1.30600    8.94500E-07
    0.939000    10650.0    1.30600    8.59300E-07
    0.941200    10625.0    1.30600    8.23900E-07
    0.943400    10600.0    1.30600    8.25800E-07
    0.945600    10575.0    1.30500    8.27800E-07
    0.947900   10550.00    1.30500    8.29700E-07
    0.950100   10525.00    1.30500    7.93900E-07
    0.952400   10500.00    1.30500    7.95800E-07
    0.954700   10475.00    1.30500    7.97700E-07
    0.956900   10450.00    1.30500    7.99600E-07
    0.959200   10425.00    1.30500    8.01500E-07
    0.961500   10400.00    1.30500    8.03400E-07
    0.963900   10375.00    1.30500    8.05400E-07
    0.966200   10350.00    1.30500    8.07300E-07
    0.968500   10325.00    1.30500    8.47800E-07
    0.970900   10300.00    1.30500    8.88500E-07
    0.973200   10275.00    1.30500    9.29400E-07
    0.975600   10250.00    1.30500    9.70500E-07
    0.978000   10225.00    1.30500    1.01200E-06
    0.980400   10200.00    1.30500    1.05300E-06
    0.982800   10175.00    1.30500    1.13400E-06
    0.985200   10150.00    1.30500    1.13700E-06
    0.987700   10125.00    1.30500    1.17900E-06
    0.990100   10100.00    1.30500    1.22100E-06
    0.992600   10075.00    1.30500    1.30300E-06
    0.995000   10050.00    1.30500    1.34600E-06
    0.997500   10025.00    1.30500    1.42900E-06
     1.00000   10000.00    1.30500    1.51200E-06
     1.00300    9975.00    1.30500    1.55600E-06
     1.00500    9950.00    1.30500    1.68000E-06
     1.00800    9925.00    1.30500    1.80400E-06
     1.01000    9900.00    1.30500    1.88900E-06
     1.01300    9875.00    1.30500    1.97400E-06
     1.01500    9850.00    1.30500    2.10100E-06
     1.01800    9825.00    1.30500    2.18700E-06
     1.02000    9800.00    1.30500    2.35500E-06
     1.02300    9775.00    1.30500    2.48300E-06
     1.02600    9750.00    1.30400    2.57100E-06
     1.02800    9725.00    1.30400    2.61800E-06
     1.03100    9700.00    1.30400    2.70700E-06
     1.03400    9675.00    1.30400    2.75500E-06
     1.03600    9650.00    1.30400    2.80400E-06
     1.03900    9625.00    1.30400    2.85200E-06
     1.04200    9600.00    1.30400    2.90100E-06
     1.04400    9575.00    1.30400    2.95000E-06
     1.04700    9550.00    1.30400    3.08300E-06
     1.05000    9525.00    1.30400    3.13300E-06
     1.05300    9500.00    1.30400    3.14100E-06
     1.05500    9475.00    1.30400    3.06600E-06
     1.05800    9450.00    1.30400    2.94700E-06
     1.06100    9425.00    1.30400    2.87100E-06
     1.06400    9400.00    1.30400    2.70900E-06
     1.06700    9375.00    1.30400    2.71600E-06
     1.07000    9350.00    1.30400    2.55300E-06
     1.07200    9325.00    1.30400    2.47500E-06
     1.07500    9300.00    1.30400    2.39600E-06
     1.07800    9275.00    1.30400    2.23100E-06
     1.08100    9250.00    1.30400    2.15100E-06
     1.08400    9225.00    1.30400    2.07000E-06
     1.08700    9200.00    1.30400    1.90300E-06
     1.09000    9175.00    1.30400    1.82100E-06
     1.09300    9150.00    1.30400    1.82600E-06
     1.09600    9125.00    1.30400    1.83100E-06
     1.09900    9100.00    1.30400    1.92400E-06
     1.10200    9075.00    1.30400    2.01700E-06
     1.10500    9050.00    1.30400    2.11000E-06
     1.10800    9025.00    1.30400    2.20400E-06
     1.11100    9000.00    1.30400    2.29900E-06
     1.11400    8975.00    1.30300    2.35000E-06
     1.11700    8950.00    1.30300    2.37800E-06
     1.12000    8925.00    1.30300    2.38500E-06
     1.12400    8900.00    1.30300    2.41400E-06
     1.12700    8875.00    1.30300    2.42100E-06
     1.13000    8850.00    1.30300    2.42800E-06
     1.13300    8825.00    1.30300    2.43500E-06
     1.13600    8800.00    1.30300    2.44200E-06
     1.14000    8775.00    1.30300    2.49400E-06
     1.14300    8750.00    1.30300    2.56900E-06
     1.14600    8725.00    1.30300    2.59900E-06
     1.14900    8700.00    1.30300    2.69800E-06
     1.15300    8675.00    1.30300    2.79800E-06
     1.15600    8650.00    1.30300    2.94400E-06
     1.15900    8625.00    1.30300    3.09100E-06
     1.16300    8600.00    1.30300    3.28500E-06
     1.16600    8575.00    1.30300    3.43400E-06
     1.17000    8550.00    1.30300    3.63000E-06
     1.17300    8525.00    1.30300    4.01400E-06
     1.17600    8500.00    1.30300    4.30700E-06
     1.18000    8475.00    1.30200    4.64800E-06
     1.18300    8450.00    1.30200    5.13300E-06
     1.18700    8425.00    1.30200    5.47800E-06
     1.19000    8400.00    1.30200    5.87400E-06
     1.19400    8375.00    1.30200    6.17600E-06
     1.19800    8350.00    1.30200    6.71900E-06
     1.20100    8325.00    1.30200    7.26500E-06
     1.20500    8300.00    1.30200    7.62200E-06
     1.20800    8275.00    1.30200    8.27000E-06
     1.21200    8250.00    1.30200    8.77800E-06
     1.21600    8225.00    1.30200    9.38500E-06
     1.22000    8200.00    1.30200    9.85000E-06
     1.22300    8175.00    1.30200    1.03200E-05
     1.22700    8150.00    1.30200    1.09400E-05
     1.23100    8125.00    1.30200    1.15100E-05
     1.23500    8100.00    1.30200    1.20800E-05
     1.23800    8075.00    1.30200    1.25600E-05
     1.24200    8050.00    1.30200    1.32000E-05
     1.24600    8025.00    1.30200    1.36300E-05
     1.25000    8000.00    1.30100    1.41700E-05
     1.25400    7975.00    1.30100    1.47700E-05
     1.25800    7950.00    1.30100    1.54200E-05
     1.26200    7925.00    1.30100    1.55600E-05
     1.26600    7900.00    1.30100    1.61200E-05
     1.27000    7875.00    1.30100    1.65000E-05
     1.27400    7850.00    1.30100    1.65700E-05
     1.27800    7825.00    1.30100    1.65800E-05
     1.28200    7800.00    1.30100    1.65800E-05
     1.28600    7775.00    1.30100    1.64800E-05
     1.29000    7750.00    1.30100    1.66900E-05
     1.29400    7725.00    1.30100    1.70000E-05
     1.29900    7700.00    1.30100    1.71600E-05
     1.30300    7675.00    1.30100    1.70600E-05
     1.30700    7650.00    1.30000    1.69000E-05
     1.31100    7625.00    1.30000    1.67500E-05
     1.31600    7600.00    1.30000    1.57100E-05
     1.32000    7575.00    1.30000    1.46000E-05
     1.32500    7550.00    1.30000    1.34900E-05
     1.32900    7525.00    1.30000    1.29000E-05
     1.33300    7500.00    1.30000    1.24900E-05
     1.33800    7475.00    1.30000    1.22400E-05
     1.34200    7450.00    1.30000    1.19600E-05
     1.34700    7425.00    1.30000    1.18400E-05
     1.35100    7400.00    1.30000    1.17500E-05
     1.35600    7375.00    1.30000    1.18700E-05
     1.36100    7350.00    1.30000    1.19600E-05
     1.36500    7325.00    1.29900    1.21900E-05
     1.37000    7300.00    1.29900    1.25400E-05
     1.37500    7275.00    1.29900    1.30200E-05
     1.37900    7250.00    1.29900    1.34500E-05
     1.38400    7225.00    1.29900    1.37700E-05
     1.38900    7200.00    1.29900    1.42000E-05
     1.39300    7180.00    1.29900    1.38500E-05
     1.39700    7160.00    1.29900    1.61200E-05
     1.40100    7140.00    1.29900    1.61600E-05
     1.40400    7120.00    1.29900    1.62100E-05
     1.40800    7100.00    1.29800    1.96100E-05
     1.41200    7080.00    1.29800    1.96700E-05
     1.41600    7060.00    1.29800    2.19800E-05
     1.42000    7040.00    1.29800    2.54300E-05
     1.42500    7020.00    1.29800    3.11700E-05
     1.42900    7000.00    1.29800    3.69500E-05
     1.43300    6980.00    1.29800    4.27500E-05
     1.43700    6960.00    1.29800    5.43100E-05
     1.44100    6940.00    1.29800    6.59300E-05
     1.44500    6920.00    1.29800    7.76200E-05
     1.44900    6900.00    1.29800    8.93800E-05
     1.45300    6880.00    1.29800    1.07000E-04
     1.45800    6860.00    1.29700    1.24700E-04
     1.46200    6840.00    1.29700    1.48300E-04
     1.46600    6820.00    1.29700    1.66300E-04
     1.47100    6800.00    1.29700    2.07700E-04
     1.47500    6780.00    1.29700    2.55300E-04
     1.47900    6760.00    1.29700    3.26700E-04
     1.48400    6740.00    1.29700    3.74900E-04
     1.48800    6720.00    1.29700    4.35200E-04
     1.49300    6700.00    1.29700    4.78100E-04
     1.49700    6680.00    1.29700    4.97400E-04
     1.50200    6660.00    1.29600    5.16800E-04
     1.50600    6640.00    1.29600    5.25500E-04
     1.51100    6620.00    1.29600    5.25900E-04
     1.51500    6600.00    1.29600    5.20300E-04
     1.52000    6580.00    1.29600    5.12200E-04
     1.52400    6560.00    1.29600    5.03400E-04
     1.52900    6540.00    1.29600    4.98900E-04
     1.53400    6520.00    1.29600    4.94300E-04
     1.53800    6500.00    1.29600    4.86600E-04
     1.54300    6480.00    1.29600    4.80800E-04
     1.54800    6460.00    1.29600    4.74300E-04
     1.55300    6440.00    1.29600    4.75100E-04
     1.55800    6420.00    1.29600    4.83400E-04
     1.56200    6400.00    1.29600    4.92400E-04
     1.56700    6380.00    1.29500    4.77100E-04
     1.57200    6360.00    1.29500    4.34800E-04
     1.57700    6340.00    1.29500    3.86000E-04
     1.58200    6320.00    1.29500    3.49400E-04
     1.58700    6300.00    1.29500    3.12600E-04
     1.59200    6280.00    1.29500    2.94600E-04
     1.59700    6260.00    1.29500    2.63800E-04
     1.60300    6240.00    1.29500    2.45500E-04
     1.60800    6220.00    1.29400    2.23900E-04
     1.61300    6200.00    1.29400    2.20100E-04
     1.61800    6180.00    1.29400    2.24100E-04
     1.62300    6160.00    1.29400    2.31200E-04
     1.62900    6140.00    1.29400    2.39800E-04
     1.63400    6120.00    1.29400    2.53600E-04
     1.63900    6100.00    1.29400    2.70700E-04
     1.64500    6080.00    1.29300    2.91200E-04
     1.65000    6060.00    1.29300    3.15200E-04
     1.65600    6040.00    1.29300    3.03000E-04
     1.66100    6020.00    1.29300    2.51200E-04
     1.66700    6000.00    1.29300    2.12200E-04
     1.67200    5980.00    1.29300    1.83000E-04
     1.67800    5960.00    1.29300    1.50200E-04
     1.68400    5940.00    1.29200    1.23900E-04
     1.68900    5920.00    1.29200    1.10900E-04
     1.69500    5900.00    1.29200    9.10400E-05
     1.70100    5880.00    1.29200    8.05200E-05
     1.70600    5860.00    1.29200    7.40100E-05
     1.71200    5840.00    1.29200    6.47200E-05
     1.71800    5820.00    1.29100    5.81100E-05
     1.72400    5800.00    1.29100    5.14500E-05
     1.73000    5780.00    1.29100    4.75000E-05
     1.73600    5760.00    1.29100    4.49000E-05
     1.74200    5740.00    1.29000    4.09000E-05
     1.74800    5720.00    1.29000    3.82600E-05
     1.75400    5700.00    1.29000    3.70000E-05
     1.76100    5680.00    1.29000    3.71300E-05
     1.76700    5660.00    1.29000    3.44500E-05
     1.77300    5640.00    1.28900    3.17500E-05
     1.77900    5620.00    1.28900    3.18600E-05
     1.78600    5600.00    1.28900    3.19700E-05
     1.79200    5580.00    1.28900    3.20900E-05
     1.79900    5560.00    1.28800    3.22000E-05
     1.80500    5540.00    1.28800    3.23200E-05
     1.81200    5520.00    1.28800    3.24400E-05
     1.81800    5500.00    1.28800    3.25500E-05
     1.82500    5480.00    1.28800    2.97700E-05
     1.83200    5460.00    1.28700    2.98800E-05
     1.83800    5440.00    1.28700    2.99900E-05
     1.84500    5420.00    1.28700    3.01000E-05
     1.85200    5400.00    1.28600    3.31600E-05
     1.85900    5380.00    1.28600    4.06800E-05
     1.86600    5360.00    1.28600    5.56700E-05
     1.87300    5340.00    1.28600    7.07900E-05
     1.88000    5320.00    1.28500    8.60100E-05
     1.88700    5300.00    1.28500    1.01300E-04
     1.89400    5280.00    1.28500    1.46900E-04
     1.90100    5260.00    1.28400    2.08000E-04
     1.90800    5240.00    1.28400    2.54400E-04
     1.91600    5220.00    1.28400    3.46800E-04
     1.92300    5200.00    1.28300    4.24700E-04
     1.93100    5180.00    1.28300    5.33800E-04
     1.93800    5160.00    1.28300    6.43900E-04
     1.94600    5140.00    1.28200    7.23800E-04
     1.95300    5120.00    1.28200    8.27600E-04
     1.96100    5100.00    1.28200    9.24500E-04
     1.96900    5080.00    1.28100    1.03000E-03
     1.97600    5060.00    1.28100    1.11300E-03
     1.98400    5040.00    1.28100    1.18000E-03
     1.99200    5020.00    1.28000    1.27200E-03
     2.00000    5000.00    1.28000    1.41600E-03
     2.00800    4980.00    1.28000    1.45000E-03
     2.01600    4960.00    1.28000    1.47600E-03
     2.02400    4940.00    1.27900    1.49300E-03
     2.03300    4920.00    1.27900    1.49800E-03
     2.04100    4900.00    1.27900    1.49800E-03
     2.04900    4880.00    1.27800    1.48200E-03
     2.05800    4860.00    1.27800    1.47800E-03
     2.06600    4840.00    1.27800    1.40200E-03
     2.07500    4820.00    1.27800    1.25500E-03
     2.08300    4800.00    1.27700    1.08200E-03
     2.09200    4780.00    1.27700    9.44800E-04
     2.10100    4760.00    1.27600    8.23400E-04
     2.11000    4740.00    1.27600    6.67300E-04
     2.11900    4720.00    1.27500    5.26900E-04
     2.12800    4700.00    1.27500    4.02100E-04
     2.13700    4680.00    1.27400    3.27300E-04
     2.14600    4660.00    1.27300    2.51900E-04
     2.15500    4640.00    1.27300    2.01500E-04
     2.16500    4620.00    1.27200    1.67900E-04
     2.17400    4600.00    1.27100    1.51400E-04
     2.18300    4580.00    1.27100    1.17300E-04
     2.19300    4560.00    1.27000    1.00300E-04
     2.20300    4540.00    1.26900    9.20200E-05
     2.21200    4520.00    1.26800    7.48200E-05
     2.22200    4500.00    1.26800    6.63100E-05
     2.23200    4480.00    1.26700    5.77300E-05
     2.24200    4460.00    1.26600    4.90700E-05
     2.25200    4440.00    1.26500    5.82500E-05
     2.26200    4420.00    1.26400    6.75100E-05
     2.27300    4400.00    1.26300    8.59100E-05
     2.28300    4380.00    1.26200    1.22600E-04
     2.29400    4360.00    1.26100    1.41500E-04
     2.30400    4340.00    1.26000    1.78800E-04
     2.31500    4320.00    1.25900    2.16400E-04
     2.32600    4300.00    1.25800    2.54500E-04
     2.33600    4280.00    1.25700    2.83500E-04
     2.34700    4260.00    1.25600    3.31600E-04
     2.35800    4240.00    1.25500    3.61300E-04
     2.37000    4220.00    1.25400    3.77100E-04
     2.38100    4200.00    1.25200    3.88400E-04
     2.39200    4180.00    1.25100    3.95000E-04
     2.40400    4160.00    1.25000    4.06500E-04
     2.41500    4140.00    1.24800    4.21900E-04
     2.42700    4120.00    1.24700    4.34600E-04
     2.43900    4100.00    1.24500    4.51300E-04
     2.45100    4080.00    1.24400    4.68100E-04
     2.46300    4060.00    1.24200    4.79200E-04
     2.47500    4040.00    1.24000    4.91400E-04
     2.48800    4020.00    1.23800    5.06800E-04
     2.50000    4000.00    1.23600    5.27200E-04
     2.51300    3980.00    1.23400    5.31800E-04
     2.52500    3960.00    1.23200    5.07400E-04
     2.53800    3940.00    1.22900    4.89800E-04
     2.55100    3920.00    1.22600    4.82100E-04
     2.56400    3900.00    1.22400    4.69300E-04
