 measured datafile= h2o_ice_model.dat                                         
 # wavelengths=  328
 scaling data to value at data point  -16
 nsp=  0  nintm=  -1
 nintm=  3
 intimate component (1)= coldice_oc.txt                                         
 mass frac.= 0.5000E-01 rho= 0.9150    d(mm)=  2.500    
 intimate component (2)= coldice_oc.txt                                         
 mass frac.= 0.8000     rho= 0.9150    d(mm)= 0.5500    
 intimate component (3)= coldice_oc.txt                                         
 mass frac.= 0.1500     rho= 0.9150    d(mm)= 0.8500E-01
 final chi squared value= 0.13347E-01
 total number of geo. albedos calculated=   50
 Intimate Mixture Only
    component( 1):  mass frac.= 0.8045E-01 particle diam. (mm)=  2.994    
    component( 2):  mass frac.= 0.4366     particle diam. (mm)= 0.3675    
    component( 3):  mass frac.= 0.4830     particle diam. (mm)= 0.4614E-01
 wave (um)     reflectance
 0.888900         0.678494    
 0.890900         0.679003    
 0.892900         0.679513    
 0.894900         0.679513    
 0.896900         0.680022    
 0.898900         0.680533    
 0.900900         0.681042    
 0.902900         0.681553    
 0.905000         0.682064    
 0.907000         0.682064    
 0.909100         0.682064    
 0.911200         0.682576    
 0.913200         0.682575    
 0.915300         0.681553    
 0.917400         0.681552    
 0.919500         0.681042    
 0.921700         0.680023    
 0.923800         0.679512    
 0.925900         0.679003    
 0.928100         0.679003    
 0.930200         0.679512    
 0.932400         0.679512    
 0.934600         0.679512    
 0.936800         0.679514    
 0.939000         0.680022    
 0.941200         0.680532    
 0.943400         0.680532    
 0.945600         0.680529    
 0.947900         0.680531    
 0.950100         0.681040    
 0.952400         0.681040    
 0.954700         0.681040    
 0.956900         0.681039    
 0.959200         0.681040    
 0.961500         0.681040    
 0.963900         0.681040    
 0.966200         0.681040    
 0.968500         0.680530    
 0.970900         0.680021    
 0.973200         0.679511    
 0.975600         0.679002    
 0.978000         0.678491    
 0.980400         0.677990    
 0.982800         0.676972    
 0.985200         0.676969    
 0.987700         0.676465    
 0.990100         0.675962    
 0.992600         0.674952    
 0.995000         0.674443    
 0.997500         0.673431    
  1.00000         0.672426    
  1.00300         0.671928    
  1.00500         0.670410    
  1.00800         0.668923    
  1.01000         0.667909    
  1.01300         0.666926    
  1.01500         0.665406    
  1.01800         0.664427    
  1.02000         0.662425    
  1.02300         0.660952    
  1.02600         0.659991    
  1.02800         0.659485    
  1.03100         0.658508    
  1.03400         0.658029    
  1.03600         0.657508    
  1.03900         0.657034    
  1.04200         0.656552    
  1.04400         0.656039    
  1.04700         0.654575    
  1.05000         0.654094    
  1.05300         0.654105    
  1.05500         0.655048    
  1.05800         0.656535    
  1.06100         0.657516    
  1.06400         0.659493    
  1.06700         0.659500    
  1.07000         0.661479    
  1.07200         0.662439    
  1.07500         0.663434    
  1.07800         0.665422    
  1.08100         0.666420    
  1.08400         0.667425    
  1.08700         0.669421    
  1.09000         0.670429    
  1.09300         0.670429    
  1.09600         0.670429    
  1.09900         0.669421    
  1.10200         0.668420    
  1.10500         0.667426    
  1.10800         0.666428    
  1.11100         0.665425    
  1.11400         0.664933    
  1.11700         0.664691    
  1.12000         0.664684    
  1.12400         0.664457    
  1.12700         0.664451    
  1.13000         0.664445    
  1.13300         0.664438    
  1.13600         0.664432    
  1.14000         0.663958    
  1.14300         0.663212    
  1.14600         0.662959    
  1.14900         0.661962    
  1.15300         0.660986    
  1.15600         0.659499    
  1.15900         0.658013    
  1.16300         0.656070    
  1.16600         0.654588    
  1.17000         0.652657    
  1.17300         0.648758    
  1.17600         0.645838    
  1.18000         0.642523    
  1.18300         0.637724    
  1.18700         0.634434    
  1.19000         0.630627    
  1.19400         0.627839    
  1.19800         0.622729    
  1.20100         0.617606    
  1.20500         0.614416    
  1.20800         0.608444    
  1.21200         0.603935    
  1.21600         0.598571    
  1.22000         0.594586    
  1.22300         0.590529    
  1.22700         0.585252    
  1.23100         0.580496    
  1.23500         0.575807    
  1.23800         0.571877    
  1.24200         0.566704    
  1.24600         0.563394    
  1.25000         0.559697    
  1.25400         0.555067    
  1.25800         0.550091    
  1.26200         0.549346    
  1.26600         0.545193    
  1.27000         0.542541    
  1.27400         0.542397    
  1.27800         0.542733    
  1.28200         0.543146    
  1.28600         0.544354    
  1.29000         0.543095    
  1.29400         0.541058    
  1.29900         0.540319    
  1.30300         0.541513    
  1.30700         0.543574    
  1.31100         0.545145    
  1.31600         0.553784    
  1.32000         0.562951    
  1.32500         0.572283    
  1.32900         0.577378    
  1.33300         0.581018    
  1.33800         0.583429    
  1.34200         0.586002    
  1.34700         0.587339    
  1.35100         0.588355    
  1.35600         0.587736    
  1.36100         0.587364    
  1.36500         0.586000    
  1.37000         0.583573    
  1.37500         0.580152    
  1.37900         0.577087    
  1.38400         0.574983    
  1.38900         0.572056    
  1.39300         0.575056    
  1.39700         0.558181    
  1.40100         0.558227    
  1.40400         0.558112    
  1.40800         0.534008    
  1.41200         0.533978    
  1.41600         0.518270    
  1.42000         0.495496    
  1.42500         0.462433    
  1.42900         0.449818    
  1.43300         0.437679    
  1.43700         0.414604    
  1.44100         0.393298    
  1.44500         0.378338    
  1.44900         0.364155    
  1.45300         0.344733    
  1.45800         0.329706    
  1.46200         0.311027    
  1.46600         0.300165    
  1.47100         0.277183    
  1.47500         0.254722    
  1.47900         0.229634    
  1.48400         0.215809    
  1.48800         0.201954    
  1.49300         0.193127    
  1.49700         0.189487    
  1.50200         0.186124    
  1.50600         0.184725    
  1.51100         0.184980    
  1.51500         0.186310    
  1.52000         0.188197    
  1.52400         0.190174    
  1.52900         0.191384    
  1.53400         0.192618    
  1.53800         0.194416    
  1.54300         0.195907    
  1.54800         0.197551    
  1.55300         0.197701    
  1.55800         0.196325    
  1.56200         0.194772    
  1.56700         0.198257    
  1.57200         0.207491    
  1.57700         0.218912    
  1.58200         0.229873    
  1.58700         0.241891    
  1.59200         0.248263    
  1.59700         0.259643    
  1.60300         0.268343    
  1.60800         0.279051    
  1.61300         0.281252    
  1.61800         0.279631    
  1.62300         0.276549    
  1.62900         0.272905    
  1.63400         0.266937    
  1.63900         0.259768    
  1.64500         0.252879    
  1.65000         0.245213    
  1.65600         0.249577    
  1.66100         0.269972    
  1.66700         0.288761    
  1.67200         0.304098    
  1.67800         0.325287    
  1.68400         0.345423    
  1.68900         0.358053    
  1.69500         0.378967    
  1.70100         0.390824    
  1.70600         0.400062    
  1.71200         0.415259    
  1.71800         0.426618    
  1.72400         0.438286    
  1.73000         0.445480    
  1.73600         0.450366    
  1.74200         0.457870    
  1.74800         0.462929    
  1.75400         0.468043    
  1.76100         0.468131    
  1.76700         0.482342    
  1.77300         0.497059    
  1.77900         0.497046    
  1.78600         0.497125    
  1.79200         0.497060    
  1.79900         0.497262    
  1.80500         0.497197    
  1.81200         0.497225    
  1.81800         0.497211    
  1.82500         0.512195    
  1.83200         0.512968    
  1.83800         0.512906    
  1.84500         0.512927    
  1.85200         0.498450    
  1.85900         0.463545    
  1.86600         0.439150    
  1.87300         0.416361    
  1.88000         0.395264    
  1.88700         0.380179    
  1.89400         0.341411    
  1.90100         0.305474    
  1.90800         0.285308    
  1.91600         0.252000    
  1.92300         0.231604    
  1.93100         0.209039    
  1.93800         0.191232    
  1.94600         0.180079    
  1.95300         0.166853    
  1.96100         0.157024    
  1.96900         0.147868    
  1.97600         0.141263    
  1.98400         0.136394    
  1.99200         0.130108    
  2.00000         0.121170    
  2.00800         0.119581    
  2.01600         0.118471    
  2.02400         0.117922    
  2.03300         0.118010    
  2.04100         0.118326    
  2.04900         0.119555    
  2.05800         0.120126    
  2.06600         0.124799    
  2.07500         0.135085    
  2.08300         0.148745    
  2.09200         0.161137    
  2.10100         0.175254    
  2.11000         0.196627    
  2.11900         0.219496    
  2.12800         0.248461    
  2.13700         0.271440    
  2.14600         0.299996    
  2.15500         0.323709    
  2.16500         0.343229    
  2.17400         0.355070    
  2.18300         0.382027    
  2.19300         0.397875    
  2.20300         0.408299    
  2.21200         0.430010    
  2.22200         0.441373    
  2.23200         0.453188    
  2.24200         0.468298    
  2.25200         0.453316    
  2.26200         0.441665    
  2.27300         0.419483    
  2.28300         0.382883    
  2.29400         0.369636    
  2.30400         0.344827    
  2.31500         0.325958    
  2.32600         0.308969    
  2.33600         0.298925    
  2.34700         0.283202    
  2.35800         0.274423    
  2.37000         0.270291    
  2.38100         0.267645    
  2.39200         0.266329    
  2.40400         0.263683    
  2.41500         0.260711    
  2.42700         0.258036    
  2.43900         0.255059    
  2.45100         0.252018    
  2.46300         0.250337    
  2.47500         0.248445    
  2.48800         0.246302    
  2.50000         0.243173    
  2.51300         0.243077    
  2.52500         0.248567    
  2.53800         0.252872    
  2.55100         0.255638    
  2.56400         0.259300    
