 measured datafile= h2o_ice_model.dat                                         
 # wavelengths=          328
 scaling data to value at data point          -16
 nsp=            0   nintm=           -1
 nintm=            3
 intimate component (1)= coldice_oc.txt                                         
 mass frac.= 0.5000E-01 rho= 0.9150    d(mm)=  2.500    
 intimate component (2)= coldice_oc.txt                                         
 mass frac.= 0.8000     rho= 0.9150    d(mm)= 0.5500    
 intimate component (3)= coldice_oc.txt                                         
 mass frac.= 0.1500     rho= 0.9150    d(mm)= 0.8500E-01
 final chi squared value=  6.6071    
 total number of geo. albedos calculated= 1483
 Intimate Mixture Only
    component( 1):  mass frac.= 0.5000E-01 particle diam. (mm)=  3.125    
    component( 2):  mass frac.= 0.8000     particle diam. (mm)= 0.6875    
    component( 3):  mass frac.= 0.1500     particle diam. (mm)= 0.1063    
 wave (um)     reflectance
 0.888900         0.633020    
 0.890900         0.635211    
 0.892900         0.637410    
 0.894900         0.637410    
 0.896900         0.639606    
 0.898900         0.641816    
 0.900900         0.644023    
 0.902900         0.646244    
 0.905000         0.648466    
 0.907000         0.648466    
 0.909100         0.648466    
 0.911200         0.650697    
 0.913200         0.650693    
 0.915300         0.646242    
 0.917400         0.646240    
 0.919500         0.644025    
 0.921700         0.639612    
 0.923800         0.637404    
 0.925900         0.635212    
 0.928100         0.635211    
 0.930200         0.637405    
 0.932400         0.637405    
 0.934600         0.637405    
 0.936800         0.637411    
 0.939000         0.639608    
 0.941200         0.641812    
 0.943400         0.641814    
 0.945600         0.641843    
 0.947900         0.641849    
 0.950100         0.644055    
 0.952400         0.644057    
 0.954700         0.644058    
 0.956900         0.644054    
 0.959200         0.644055    
 0.961500         0.644057    
 0.963900         0.644057    
 0.966200         0.644058    
 0.968500         0.641845    
 0.970900         0.639643    
 0.973200         0.637440    
 0.975600         0.635248    
 0.978000         0.633049    
 0.980400         0.630896    
 0.982800         0.626538    
 0.985200         0.626525    
 0.987700         0.624372    
 0.990100         0.622227    
 0.992600         0.617932    
 0.995000         0.615776    
 0.997500         0.611498    
  1.00000         0.607264    
  1.00300         0.605174    
  1.00500         0.598820    
  1.00800         0.592634    
  1.01000         0.588438    
  1.01300         0.584380    
  1.01500         0.578142    
  1.01800         0.574138    
  1.02000         0.566005    
  1.02300         0.560064    
  1.02600         0.556240    
  1.02800         0.554213    
  1.03100         0.550312    
  1.03400         0.548402    
  1.03600         0.546332    
  1.03900         0.544453    
  1.04200         0.542542    
  1.04400         0.540516    
  1.04700         0.534756    
  1.05000         0.532867    
  1.05300         0.532911    
  1.05500         0.536613    
  1.05800         0.542475    
  1.06100         0.546363    
  1.06400         0.554244    
  1.06700         0.554274    
  1.07000         0.562221    
  1.07200         0.566100    
  1.07500         0.570136    
  1.07800         0.578244    
  1.08100         0.582337    
  1.08400         0.586477    
  1.08700         0.594742    
  1.09000         0.598939    
  1.09300         0.598940    
  1.09600         0.598940    
  1.09900         0.594742    
  1.10200         0.590590    
  1.10500         0.586482    
  1.10800         0.582371    
  1.11100         0.578258    
  1.11400         0.576282    
  1.11700         0.575293    
  1.12000         0.575265    
  1.12400         0.574338    
  1.12700         0.574313    
  1.13000         0.574288    
  1.13300         0.574263    
  1.13600         0.574238    
  1.14000         0.572304    
  1.14300         0.569272    
  1.14600         0.568247    
  1.14900         0.564208    
  1.15300         0.560274    
  1.15600         0.554307    
  1.15900         0.548376    
  1.16300         0.540673    
  1.16600         0.534840    
  1.17000         0.527291    
  1.17300         0.512222    
  1.17600         0.501096    
  1.18000         0.488655    
  1.18300         0.470902    
  1.18700         0.462233    
  1.19000         0.457188    
  1.19400         0.453513    
  1.19800         0.446816    
  1.20100         0.440155    
  1.20500         0.436034    
  1.20800         0.428374    
  1.21200         0.422636    
  1.21600         0.415865    
  1.22000         0.410871    
  1.22300         0.405821    
  1.22700         0.399299    
  1.23100         0.393633    
  1.23500         0.389430    
  1.23800         0.385924    
  1.24200         0.381334    
  1.24600         0.378412    
  1.25000         0.375151    
  1.25400         0.371099    
  1.25800         0.366768    
  1.26200         0.366122    
  1.26600         0.362531    
  1.27000         0.360246    
  1.27400         0.360122    
  1.27800         0.360411    
  1.28200         0.360767    
  1.28600         0.361807    
  1.29000         0.360722    
  1.29400         0.358972    
  1.29900         0.358337    
  1.30300         0.359363    
  1.30700         0.361126    
  1.31100         0.362481    
  1.31600         0.369973    
  1.32000         0.378006    
  1.32500         0.386271    
  1.32900         0.390822    
  1.33300         0.394099    
  1.33800         0.397052    
  1.34200         0.400216    
  1.34700         0.401865    
  1.35100         0.403121    
  1.35600         0.402355    
  1.36100         0.401896    
  1.36500         0.400213    
  1.37000         0.397228    
  1.37500         0.393306    
  1.37900         0.390557    
  1.38400         0.388675    
  1.38900         0.386065    
  1.39300         0.388741    
  1.39700         0.373809    
  1.40100         0.373849    
  1.40400         0.373749    
  1.40800         0.352919    
  1.41200         0.352893    
  1.41600         0.340986    
  1.42000         0.325498    
  1.42500         0.303482    
  1.42900         0.285546    
  1.43300         0.269119    
  1.43700         0.243145    
  1.44100         0.222213    
  1.44500         0.206497    
  1.44900         0.192895    
  1.45300         0.175165    
  1.45800         0.160759    
  1.46200         0.146128    
  1.46600         0.136635    
  1.47100         0.119039    
  1.47500         0.104441    
  1.47900         0.883947E-01
  1.48400         0.804882E-01
  1.48800         0.723335E-01
  1.49300         0.675870E-01
  1.49700         0.657740E-01
  1.50200         0.641110E-01
  1.50600         0.634396E-01
  1.51100         0.635614E-01
  1.51500         0.642007E-01
  1.52000         0.651165E-01
  1.52400         0.660879E-01
  1.52900         0.666886E-01
  1.53400         0.673061E-01
  1.53800         0.682145E-01
  1.54300         0.689965E-01
  1.54800         0.698827E-01
  1.55300         0.699641E-01
  1.55800         0.692210E-01
  1.56200         0.683957E-01
  1.56700         0.702428E-01
  1.57200         0.754448E-01
  1.57700         0.823836E-01
  1.58200         0.884797E-01
  1.58700         0.956843E-01
  1.59200         0.999158E-01
  1.59700         0.107827    
  1.60300         0.113235    
  1.60800         0.120225    
  1.61300         0.121717    
  1.61800         0.120616    
  1.62300         0.118550    
  1.62900         0.116150    
  1.63400         0.112321    
  1.63900         0.107879    
  1.64500         0.103051    
  1.65000         0.978227E-01
  1.65600         0.100766    
  1.66100         0.114232    
  1.66700         0.127252    
  1.67200         0.139920    
  1.67800         0.157126    
  1.68400         0.175789    
  1.68900         0.187212    
  1.69500         0.207050    
  1.70100         0.219157    
  1.70600         0.228794    
  1.71200         0.243751    
  1.71800         0.255452    
  1.72400         0.269894    
  1.73000         0.279565    
  1.73600         0.286294    
  1.74200         0.296889    
  1.74800         0.304211    
  1.75400         0.307958    
  1.76100         0.308006    
  1.76700         0.316630    
  1.77300         0.326477    
  1.77900         0.326468    
  1.78600         0.326522    
  1.79200         0.326478    
  1.79900         0.326607    
  1.80500         0.326563    
  1.81200         0.326581    
  1.81800         0.326572    
  1.82500         0.336748    
  1.83200         0.337260    
  1.83800         0.337217    
  1.84500         0.337232    
  1.85200         0.327376    
  1.85900         0.305100    
  1.86600         0.270999    
  1.87300         0.244792    
  1.88000         0.224116    
  1.88700         0.208145    
  1.89400         0.171506    
  1.90100         0.140893    
  1.90800         0.124305    
  1.91600         0.102175    
  1.92300         0.891258E-01
  1.93100         0.760194E-01
  1.93800         0.662655E-01
  1.94600         0.608821E-01
  1.95300         0.549845E-01
  1.96100         0.504440E-01
  1.96900         0.463087E-01
  1.97600         0.435395E-01
  1.98400         0.415685E-01
  1.99200         0.390838E-01
  2.00000         0.356280E-01
  2.00800         0.349891E-01
  2.01600         0.345465E-01
  2.02400         0.343088E-01
  2.03300         0.343436E-01
  2.04100         0.344689E-01
  2.04900         0.349388E-01
  2.05800         0.351674E-01
  2.06600         0.370281E-01
  2.07500         0.409863E-01
  2.08300         0.466035E-01
  2.09200         0.522956E-01
  2.10100         0.585467E-01
  2.11000         0.688706E-01
  2.11900         0.822562E-01
  2.12800         0.995409E-01
  2.13700         0.114668    
  2.14600         0.135915    
  2.15500         0.155423    
  2.16500         0.173112    
  2.17400         0.184106    
  2.18300         0.209807    
  2.19300         0.226374    
  2.20300         0.236502    
  2.21200         0.258913    
  2.22200         0.273871    
  2.23200         0.290161    
  2.24200         0.307815    
  2.25200         0.290341    
  2.26200         0.274253    
  2.27300         0.247753    
  2.28300         0.210584    
  2.29400         0.197446    
  2.30400         0.174536    
  2.31500         0.156908    
  2.32600         0.143392    
  2.33600         0.134608    
  2.34700         0.122075    
  2.35800         0.116102    
  2.37000         0.113377    
  2.38100         0.111637    
  2.39200         0.110781    
  2.40400         0.109097    
  2.41500         0.107147    
  2.42700         0.105465    
  2.43900         0.103263    
  2.45100         0.101088    
  2.46300         0.998745E-01
  2.47500         0.985327E-01
  2.48800         0.969996E-01
  2.50000         0.948404E-01
  2.51300         0.947226E-01
  2.52500         0.983639E-01
  2.53800         0.101294    
  2.55100         0.103147    
  2.56400         0.105589    
