Calcite Ordinary ray calculated from values derived from Table 1 of 
Long et al., IR Physics, 34, 191, 1993.

high frequency dielectric constant=2.6250
 oscillator  frequency    gamma       stength
      1     1.0410E+02 5.8000E-02  2.7751E+00
      2     2.2330E+02 5.4000E-02  9.4000E-01
      3     2.9560E+02 4.5700E-02  1.6657E+00
      4     7.1320E+02 1.0500E-02  1.7500E-02
      5     1.4068E+03 6.0000E-03  5.5070E-01
  frequency  Reflectance real index   imag. index
 4.0000E+03  5.2092E-02  1.5915E+00   7.2600E-05
 3.9960E+03  5.2083E-02  1.5914E+00   7.2855E-05
 3.9920E+03  5.2074E-02  1.5913E+00   7.3111E-05
 3.9880E+03  5.2066E-02  1.5913E+00   7.3368E-05
 3.9840E+03  5.2057E-02  1.5912E+00   7.3627E-05
 3.9800E+03  5.2048E-02  1.5911E+00   7.3887E-05
 3.9760E+03  5.2039E-02  1.5911E+00   7.4148E-05
 3.9720E+03  5.2030E-02  1.5910E+00   7.4411E-05
 3.9680E+03  5.2021E-02  1.5909E+00   7.4674E-05
 3.9640E+03  5.2011E-02  1.5909E+00   7.4939E-05
 3.9600E+03  5.2002E-02  1.5908E+00   7.5206E-05
 3.9560E+03  5.1993E-02  1.5907E+00   7.5473E-05
 3.9520E+03  5.1984E-02  1.5907E+00   7.5742E-05
 3.9480E+03  5.1975E-02  1.5906E+00   7.6013E-05
 3.9440E+03  5.1966E-02  1.5905E+00   7.6284E-05
 3.9400E+03  5.1956E-02  1.5905E+00   7.6557E-05
 3.9360E+03  5.1947E-02  1.5904E+00   7.6831E-05
 3.9320E+03  5.1938E-02  1.5903E+00   7.7107E-05
 3.9280E+03  5.1928E-02  1.5903E+00   7.7384E-05
 3.9240E+03  5.1919E-02  1.5902E+00   7.7663E-05
 3.9200E+03  5.1909E-02  1.5901E+00   7.7942E-05
 3.9160E+03  5.1900E-02  1.5901E+00   7.8224E-05
 3.9120E+03  5.1890E-02  1.5900E+00   7.8506E-05
 3.9080E+03  5.1881E-02  1.5899E+00   7.8790E-05
 3.9040E+03  5.1871E-02  1.5898E+00   7.9076E-05
 3.9000E+03  5.1861E-02  1.5898E+00   7.9363E-05
 3.8960E+03  5.1852E-02  1.5897E+00   7.9651E-05
 3.8920E+03  5.1842E-02  1.5896E+00   7.9941E-05
 3.8880E+03  5.1832E-02  1.5896E+00   8.0232E-05
 3.8840E+03  5.1823E-02  1.5895E+00   8.0525E-05
 3.8800E+03  5.1813E-02  1.5894E+00   8.0819E-05
 3.8760E+03  5.1803E-02  1.5893E+00   8.1115E-05
 3.8720E+03  5.1793E-02  1.5893E+00   8.1412E-05
 3.8680E+03  5.1783E-02  1.5892E+00   8.1711E-05
 3.8640E+03  5.1773E-02  1.5891E+00   8.2011E-05
 3.8600E+03  5.1763E-02  1.5890E+00   8.2313E-05
 3.8560E+03  5.1753E-02  1.5890E+00   8.2616E-05
 3.8520E+03  5.1743E-02  1.5889E+00   8.2921E-05
 3.8480E+03  5.1733E-02  1.5888E+00   8.3228E-05
 3.8440E+03  5.1723E-02  1.5888E+00   8.3536E-05
 3.8400E+03  5.1713E-02  1.5887E+00   8.3845E-05
 3.8360E+03  5.1703E-02  1.5886E+00   8.4157E-05
 3.8320E+03  5.1692E-02  1.5885E+00   8.4469E-05
 3.8280E+03  5.1682E-02  1.5885E+00   8.4784E-05
 3.8240E+03  5.1672E-02  1.5884E+00   8.5100E-05
 3.8200E+03  5.1661E-02  1.5883E+00   8.5418E-05
 3.8160E+03  5.1651E-02  1.5882E+00   8.5737E-05
 3.8120E+03  5.1641E-02  1.5881E+00   8.6058E-05
 3.8080E+03  5.1630E-02  1.5881E+00   8.6381E-05
 3.8040E+03  5.1620E-02  1.5880E+00   8.6705E-05
 3.8000E+03  5.1609E-02  1.5879E+00   8.7031E-05
 3.7960E+03  5.1598E-02  1.5878E+00   8.7359E-05
 3.7920E+03  5.1588E-02  1.5878E+00   8.7688E-05
 3.7880E+03  5.1577E-02  1.5877E+00   8.8020E-05
 3.7840E+03  5.1566E-02  1.5876E+00   8.8353E-05
 3.7800E+03  5.1556E-02  1.5875E+00   8.8687E-05
 3.7760E+03  5.1545E-02  1.5874E+00   8.9024E-05
 3.7720E+03  5.1534E-02  1.5874E+00   8.9362E-05
 3.7680E+03  5.1523E-02  1.5873E+00   8.9702E-05
 3.7640E+03  5.1512E-02  1.5872E+00   9.0044E-05
 3.7600E+03  5.1501E-02  1.5871E+00   9.0388E-05
 3.7560E+03  5.1490E-02  1.5870E+00   9.0733E-05
 3.7520E+03  5.1479E-02  1.5870E+00   9.1080E-05
 3.7480E+03  5.1468E-02  1.5869E+00   9.1430E-05
 3.7440E+03  5.1457E-02  1.5868E+00   9.1781E-05
 3.7400E+03  5.1446E-02  1.5867E+00   9.2134E-05
 3.7360E+03  5.1435E-02  1.5866E+00   9.2488E-05
 3.7320E+03  5.1423E-02  1.5865E+00   9.2845E-05
 3.7280E+03  5.1412E-02  1.5865E+00   9.3204E-05
 3.7240E+03  5.1401E-02  1.5864E+00   9.3564E-05
 3.7200E+03  5.1389E-02  1.5863E+00   9.3927E-05
 3.7160E+03  5.1378E-02  1.5862E+00   9.4291E-05
 3.7120E+03  5.1366E-02  1.5861E+00   9.4658E-05
 3.7080E+03  5.1355E-02  1.5860E+00   9.5026E-05
 3.7040E+03  5.1343E-02  1.5860E+00   9.5397E-05
 3.7000E+03  5.1332E-02  1.5859E+00   9.5769E-05
 3.6960E+03  5.1320E-02  1.5858E+00   9.6144E-05
 3.6920E+03  5.1308E-02  1.5857E+00   9.6520E-05
 3.6880E+03  5.1297E-02  1.5856E+00   9.6899E-05
 3.6840E+03  5.1285E-02  1.5855E+00   9.7279E-05
 3.6800E+03  5.1273E-02  1.5854E+00   9.7662E-05
 3.6760E+03  5.1261E-02  1.5853E+00   9.8047E-05
 3.6720E+03  5.1249E-02  1.5853E+00   9.8434E-05
 3.6680E+03  5.1237E-02  1.5852E+00   9.8823E-05
 3.6640E+03  5.1225E-02  1.5851E+00   9.9214E-05
 3.6600E+03  5.1213E-02  1.5850E+00   9.9607E-05
 3.6560E+03  5.1201E-02  1.5849E+00   1.0000E-04
 3.6520E+03  5.1189E-02  1.5848E+00   1.0040E-04
 3.6480E+03  5.1177E-02  1.5847E+00   1.0080E-04
 3.6440E+03  5.1164E-02  1.5846E+00   1.0120E-04
 3.6400E+03  5.1152E-02  1.5845E+00   1.0161E-04
 3.6360E+03  5.1140E-02  1.5844E+00   1.0201E-04
 3.6320E+03  5.1127E-02  1.5844E+00   1.0242E-04
 3.6280E+03  5.1115E-02  1.5843E+00   1.0283E-04
 3.6240E+03  5.1102E-02  1.5842E+00   1.0325E-04
 3.6200E+03  5.1090E-02  1.5841E+00   1.0366E-04
 3.6160E+03  5.1077E-02  1.5840E+00   1.0408E-04
 3.6120E+03  5.1064E-02  1.5839E+00   1.0450E-04
 3.6080E+03  5.1052E-02  1.5838E+00   1.0493E-04
 3.6040E+03  5.1039E-02  1.5837E+00   1.0535E-04
 3.6000E+03  5.1026E-02  1.5836E+00   1.0578E-04
 3.5960E+03  5.1013E-02  1.5835E+00   1.0621E-04
 3.5920E+03  5.1000E-02  1.5834E+00   1.0664E-04
 3.5880E+03  5.0987E-02  1.5833E+00   1.0708E-04
 3.5840E+03  5.0974E-02  1.5832E+00   1.0751E-04
 3.5800E+03  5.0961E-02  1.5831E+00   1.0795E-04
 3.5760E+03  5.0948E-02  1.5830E+00   1.0840E-04
 3.5720E+03  5.0935E-02  1.5829E+00   1.0884E-04
 3.5680E+03  5.0922E-02  1.5828E+00   1.0929E-04
 3.5640E+03  5.0908E-02  1.5827E+00   1.0974E-04
 3.5600E+03  5.0895E-02  1.5826E+00   1.1019E-04
 3.5560E+03  5.0882E-02  1.5825E+00   1.1065E-04
 3.5520E+03  5.0868E-02  1.5824E+00   1.1111E-04
 3.5480E+03  5.0855E-02  1.5823E+00   1.1157E-04
 3.5440E+03  5.0841E-02  1.5822E+00   1.1203E-04
 3.5400E+03  5.0827E-02  1.5821E+00   1.1250E-04
 3.5360E+03  5.0814E-02  1.5820E+00   1.1297E-04
 3.5320E+03  5.0800E-02  1.5819E+00   1.1344E-04
 3.5280E+03  5.0786E-02  1.5818E+00   1.1391E-04
 3.5240E+03  5.0772E-02  1.5817E+00   1.1439E-04
 3.5200E+03  5.0758E-02  1.5816E+00   1.1487E-04
 3.5160E+03  5.0744E-02  1.5815E+00   1.1535E-04
 3.5120E+03  5.0730E-02  1.5814E+00   1.1584E-04
 3.5080E+03  5.0716E-02  1.5813E+00   1.1632E-04
 3.5040E+03  5.0702E-02  1.5812E+00   1.1682E-04
 3.5000E+03  5.0688E-02  1.5811E+00   1.1731E-04
 3.4960E+03  5.0674E-02  1.5810E+00   1.1781E-04
 3.4920E+03  5.0659E-02  1.5809E+00   1.1831E-04
 3.4880E+03  5.0645E-02  1.5808E+00   1.1881E-04
 3.4840E+03  5.0631E-02  1.5807E+00   1.1932E-04
 3.4800E+03  5.0616E-02  1.5806E+00   1.1983E-04
 3.4760E+03  5.0601E-02  1.5805E+00   1.2034E-04
 3.4720E+03  5.0587E-02  1.5804E+00   1.2085E-04
 3.4680E+03  5.0572E-02  1.5803E+00   1.2137E-04
 3.4640E+03  5.0557E-02  1.5801E+00   1.2189E-04
 3.4600E+03  5.0543E-02  1.5800E+00   1.2242E-04
 3.4560E+03  5.0528E-02  1.5799E+00   1.2295E-04
 3.4520E+03  5.0513E-02  1.5798E+00   1.2348E-04
 3.4480E+03  5.0498E-02  1.5797E+00   1.2401E-04
 3.4440E+03  5.0483E-02  1.5796E+00   1.2455E-04
 3.4400E+03  5.0467E-02  1.5795E+00   1.2509E-04
 3.4360E+03  5.0452E-02  1.5794E+00   1.2563E-04
 3.4320E+03  5.0437E-02  1.5793E+00   1.2618E-04
 3.4280E+03  5.0422E-02  1.5791E+00   1.2673E-04
 3.4240E+03  5.0406E-02  1.5790E+00   1.2729E-04
 3.4200E+03  5.0391E-02  1.5789E+00   1.2784E-04
 3.4160E+03  5.0375E-02  1.5788E+00   1.2840E-04
 3.4120E+03  5.0360E-02  1.5787E+00   1.2897E-04
 3.4080E+03  5.0344E-02  1.5786E+00   1.2954E-04
 3.4040E+03  5.0328E-02  1.5784E+00   1.3011E-04
 3.4000E+03  5.0312E-02  1.5783E+00   1.3068E-04
 3.3960E+03  5.0296E-02  1.5782E+00   1.3126E-04
 3.3920E+03  5.0280E-02  1.5781E+00   1.3184E-04
 3.3880E+03  5.0264E-02  1.5780E+00   1.3243E-04
 3.3840E+03  5.0248E-02  1.5779E+00   1.3302E-04
 3.3800E+03  5.0232E-02  1.5777E+00   1.3361E-04
 3.3760E+03  5.0216E-02  1.5776E+00   1.3421E-04
 3.3720E+03  5.0200E-02  1.5775E+00   1.3481E-04
 3.3680E+03  5.0183E-02  1.5774E+00   1.3541E-04
 3.3640E+03  5.0167E-02  1.5773E+00   1.3602E-04
 3.3600E+03  5.0150E-02  1.5771E+00   1.3663E-04
 3.3560E+03  5.0134E-02  1.5770E+00   1.3725E-04
 3.3520E+03  5.0117E-02  1.5769E+00   1.3787E-04
 3.3480E+03  5.0100E-02  1.5768E+00   1.3849E-04
 3.3440E+03  5.0083E-02  1.5766E+00   1.3912E-04
 3.3400E+03  5.0066E-02  1.5765E+00   1.3975E-04
 3.3360E+03  5.0049E-02  1.5764E+00   1.4039E-04
 3.3320E+03  5.0032E-02  1.5763E+00   1.4103E-04
 3.3280E+03  5.0015E-02  1.5761E+00   1.4167E-04
 3.3240E+03  4.9998E-02  1.5760E+00   1.4232E-04
 3.3200E+03  4.9981E-02  1.5759E+00   1.4297E-04
 3.3160E+03  4.9963E-02  1.5757E+00   1.4363E-04
 3.3120E+03  4.9946E-02  1.5756E+00   1.4429E-04
 3.3080E+03  4.9928E-02  1.5755E+00   1.4495E-04
 3.3040E+03  4.9911E-02  1.5754E+00   1.4562E-04
 3.3000E+03  4.9893E-02  1.5752E+00   1.4630E-04
 3.2960E+03  4.9875E-02  1.5751E+00   1.4697E-04
 3.2920E+03  4.9857E-02  1.5750E+00   1.4766E-04
 3.2880E+03  4.9840E-02  1.5748E+00   1.4834E-04
 3.2840E+03  4.9822E-02  1.5747E+00   1.4903E-04
 3.2800E+03  4.9803E-02  1.5746E+00   1.4973E-04
 3.2760E+03  4.9785E-02  1.5744E+00   1.5043E-04
 3.2720E+03  4.9767E-02  1.5743E+00   1.5114E-04
 3.2680E+03  4.9749E-02  1.5741E+00   1.5185E-04
 3.2640E+03  4.9730E-02  1.5740E+00   1.5256E-04
 3.2600E+03  4.9712E-02  1.5739E+00   1.5328E-04
 3.2560E+03  4.9693E-02  1.5737E+00   1.5400E-04
 3.2520E+03  4.9674E-02  1.5736E+00   1.5473E-04
 3.2480E+03  4.9656E-02  1.5735E+00   1.5547E-04
 3.2440E+03  4.9637E-02  1.5733E+00   1.5621E-04
 3.2400E+03  4.9618E-02  1.5732E+00   1.5695E-04
 3.2360E+03  4.9599E-02  1.5730E+00   1.5770E-04
 3.2320E+03  4.9579E-02  1.5729E+00   1.5845E-04
 3.2280E+03  4.9560E-02  1.5727E+00   1.5921E-04
 3.2240E+03  4.9541E-02  1.5726E+00   1.5998E-04
 3.2200E+03  4.9521E-02  1.5725E+00   1.6075E-04
 3.2160E+03  4.9502E-02  1.5723E+00   1.6152E-04
 3.2120E+03  4.9482E-02  1.5722E+00   1.6230E-04
 3.2080E+03  4.9463E-02  1.5720E+00   1.6308E-04
 3.2040E+03  4.9443E-02  1.5719E+00   1.6387E-04
 3.2000E+03  4.9423E-02  1.5717E+00   1.6467E-04
 3.1960E+03  4.9403E-02  1.5716E+00   1.6547E-04
 3.1920E+03  4.9383E-02  1.5714E+00   1.6628E-04
 3.1880E+03  4.9363E-02  1.5713E+00   1.6709E-04
 3.1840E+03  4.9342E-02  1.5711E+00   1.6791E-04
 3.1800E+03  4.9322E-02  1.5710E+00   1.6873E-04
 3.1760E+03  4.9301E-02  1.5708E+00   1.6956E-04
 3.1720E+03  4.9281E-02  1.5707E+00   1.7040E-04
 3.1680E+03  4.9260E-02  1.5705E+00   1.7124E-04
 3.1640E+03  4.9239E-02  1.5704E+00   1.7209E-04
 3.1600E+03  4.9219E-02  1.5702E+00   1.7294E-04
 3.1560E+03  4.9198E-02  1.5701E+00   1.7380E-04
 3.1520E+03  4.9176E-02  1.5699E+00   1.7466E-04
 3.1480E+03  4.9155E-02  1.5697E+00   1.7553E-04
 3.1440E+03  4.9134E-02  1.5696E+00   1.7641E-04
 3.1400E+03  4.9113E-02  1.5694E+00   1.7729E-04
 3.1360E+03  4.9091E-02  1.5693E+00   1.7818E-04
 3.1320E+03  4.9069E-02  1.5691E+00   1.7908E-04
 3.1280E+03  4.9048E-02  1.5689E+00   1.7998E-04
 3.1240E+03  4.9026E-02  1.5688E+00   1.8089E-04
 3.1200E+03  4.9004E-02  1.5686E+00   1.8181E-04
 3.1160E+03  4.8982E-02  1.5684E+00   1.8273E-04
 3.1120E+03  4.8960E-02  1.5683E+00   1.8366E-04
 3.1080E+03  4.8937E-02  1.5681E+00   1.8459E-04
 3.1040E+03  4.8915E-02  1.5679E+00   1.8553E-04
 3.1000E+03  4.8892E-02  1.5678E+00   1.8648E-04
 3.0960E+03  4.8870E-02  1.5676E+00   1.8744E-04
 3.0920E+03  4.8847E-02  1.5674E+00   1.8840E-04
 3.0880E+03  4.8824E-02  1.5673E+00   1.8937E-04
 3.0840E+03  4.8801E-02  1.5671E+00   1.9035E-04
 3.0800E+03  4.8778E-02  1.5669E+00   1.9133E-04
 3.0760E+03  4.8755E-02  1.5668E+00   1.9232E-04
 3.0720E+03  4.8732E-02  1.5666E+00   1.9332E-04
 3.0680E+03  4.8708E-02  1.5664E+00   1.9433E-04
 3.0640E+03  4.8685E-02  1.5662E+00   1.9534E-04
 3.0600E+03  4.8661E-02  1.5661E+00   1.9636E-04
 3.0560E+03  4.8637E-02  1.5659E+00   1.9739E-04
 3.0520E+03  4.8613E-02  1.5657E+00   1.9843E-04
 3.0480E+03  4.8589E-02  1.5655E+00   1.9947E-04
 3.0440E+03  4.8565E-02  1.5653E+00   2.0052E-04
 3.0400E+03  4.8541E-02  1.5652E+00   2.0158E-04
 3.0360E+03  4.8516E-02  1.5650E+00   2.0265E-04
 3.0320E+03  4.8492E-02  1.5648E+00   2.0373E-04
 3.0280E+03  4.8467E-02  1.5646E+00   2.0481E-04
 3.0240E+03  4.8442E-02  1.5644E+00   2.0590E-04
 3.0200E+03  4.8417E-02  1.5642E+00   2.0700E-04
 3.0160E+03  4.8392E-02  1.5640E+00   2.0811E-04
 3.0120E+03  4.8367E-02  1.5639E+00   2.0923E-04
 3.0080E+03  4.8342E-02  1.5637E+00   2.1036E-04
 3.0040E+03  4.8316E-02  1.5635E+00   2.1149E-04
 3.0000E+03  4.8290E-02  1.5633E+00   2.1263E-04
 2.9960E+03  4.8265E-02  1.5631E+00   2.1379E-04
 2.9920E+03  4.8239E-02  1.5629E+00   2.1495E-04
 2.9880E+03  4.8213E-02  1.5627E+00   2.1612E-04
 2.9840E+03  4.8187E-02  1.5625E+00   2.1730E-04
 2.9800E+03  4.8160E-02  1.5623E+00   2.1848E-04
 2.9760E+03  4.8134E-02  1.5621E+00   2.1968E-04
 2.9720E+03  4.8107E-02  1.5619E+00   2.2089E-04
 2.9680E+03  4.8080E-02  1.5617E+00   2.2210E-04
 2.9640E+03  4.8053E-02  1.5615E+00   2.2333E-04
 2.9600E+03  4.8026E-02  1.5613E+00   2.2457E-04
 2.9560E+03  4.7999E-02  1.5611E+00   2.2581E-04
 2.9520E+03  4.7972E-02  1.5609E+00   2.2707E-04
 2.9480E+03  4.7944E-02  1.5607E+00   2.2833E-04
 2.9440E+03  4.7917E-02  1.5605E+00   2.2961E-04
 2.9400E+03  4.7889E-02  1.5603E+00   2.3089E-04
 2.9360E+03  4.7861E-02  1.5601E+00   2.3219E-04
 2.9320E+03  4.7833E-02  1.5599E+00   2.3349E-04
 2.9280E+03  4.7805E-02  1.5596E+00   2.3481E-04
 2.9240E+03  4.7776E-02  1.5594E+00   2.3614E-04
 2.9200E+03  4.7748E-02  1.5592E+00   2.3748E-04
 2.9160E+03  4.7719E-02  1.5590E+00   2.3883E-04
 2.9120E+03  4.7690E-02  1.5588E+00   2.4019E-04
 2.9080E+03  4.7661E-02  1.5586E+00   2.4156E-04
 2.9040E+03  4.7632E-02  1.5584E+00   2.4294E-04
 2.9000E+03  4.7602E-02  1.5581E+00   2.4433E-04
 2.8960E+03  4.7573E-02  1.5579E+00   2.4574E-04
 2.8920E+03  4.7543E-02  1.5577E+00   2.4715E-04
 2.8880E+03  4.7513E-02  1.5575E+00   2.4858E-04
 2.8840E+03  4.7483E-02  1.5572E+00   2.5002E-04
 2.8800E+03  4.7453E-02  1.5570E+00   2.5147E-04
 2.8760E+03  4.7422E-02  1.5568E+00   2.5294E-04
 2.8720E+03  4.7392E-02  1.5566E+00   2.5442E-04
 2.8680E+03  4.7361E-02  1.5563E+00   2.5590E-04
 2.8640E+03  4.7330E-02  1.5561E+00   2.5741E-04
 2.8600E+03  4.7299E-02  1.5559E+00   2.5892E-04
 2.8560E+03  4.7268E-02  1.5556E+00   2.6045E-04
 2.8520E+03  4.7236E-02  1.5554E+00   2.6199E-04
 2.8480E+03  4.7204E-02  1.5551E+00   2.6354E-04
 2.8440E+03  4.7173E-02  1.5549E+00   2.6511E-04
 2.8400E+03  4.7140E-02  1.5547E+00   2.6668E-04
 2.8360E+03  4.7108E-02  1.5544E+00   2.6828E-04
 2.8320E+03  4.7076E-02  1.5542E+00   2.6988E-04
 2.8280E+03  4.7043E-02  1.5539E+00   2.7150E-04
 2.8240E+03  4.7010E-02  1.5537E+00   2.7314E-04
 2.8200E+03  4.6977E-02  1.5534E+00   2.7479E-04
 2.8160E+03  4.6944E-02  1.5532E+00   2.7645E-04
 2.8120E+03  4.6911E-02  1.5529E+00   2.7813E-04
 2.8080E+03  4.6877E-02  1.5527E+00   2.7982E-04
 2.8040E+03  4.6843E-02  1.5524E+00   2.8153E-04
 2.8000E+03  4.6809E-02  1.5522E+00   2.8325E-04
 2.7960E+03  4.6775E-02  1.5519E+00   2.8499E-04
 2.7920E+03  4.6741E-02  1.5517E+00   2.8674E-04
 2.7880E+03  4.6706E-02  1.5514E+00   2.8851E-04
 2.7840E+03  4.6671E-02  1.5511E+00   2.9029E-04
 2.7800E+03  4.6636E-02  1.5509E+00   2.9209E-04
 2.7760E+03  4.6601E-02  1.5506E+00   2.9391E-04
 2.7720E+03  4.6565E-02  1.5503E+00   2.9574E-04
 2.7680E+03  4.6530E-02  1.5501E+00   2.9759E-04
 2.7640E+03  4.6494E-02  1.5498E+00   2.9945E-04
 2.7600E+03  4.6458E-02  1.5495E+00   3.0133E-04
 2.7560E+03  4.6421E-02  1.5493E+00   3.0323E-04
 2.7520E+03  4.6385E-02  1.5490E+00   3.0515E-04
 2.7480E+03  4.6348E-02  1.5487E+00   3.0708E-04
 2.7440E+03  4.6311E-02  1.5484E+00   3.0903E-04
 2.7400E+03  4.6274E-02  1.5481E+00   3.1100E-04
 2.7360E+03  4.6236E-02  1.5479E+00   3.1299E-04
 2.7320E+03  4.6198E-02  1.5476E+00   3.1500E-04
 2.7280E+03  4.6160E-02  1.5473E+00   3.1702E-04
 2.7240E+03  4.6122E-02  1.5470E+00   3.1907E-04
 2.7200E+03  4.6084E-02  1.5467E+00   3.2113E-04
 2.7160E+03  4.6045E-02  1.5464E+00   3.2321E-04
 2.7120E+03  4.6006E-02  1.5461E+00   3.2531E-04
 2.7080E+03  4.5967E-02  1.5458E+00   3.2743E-04
 2.7040E+03  4.5927E-02  1.5455E+00   3.2957E-04
 2.7000E+03  4.5888E-02  1.5452E+00   3.3174E-04
 2.6960E+03  4.5848E-02  1.5449E+00   3.3392E-04
 2.6920E+03  4.5807E-02  1.5446E+00   3.3612E-04
 2.6880E+03  4.5767E-02  1.5443E+00   3.3834E-04
 2.6840E+03  4.5726E-02  1.5440E+00   3.4059E-04
 2.6800E+03  4.5685E-02  1.5437E+00   3.4286E-04
 2.6760E+03  4.5644E-02  1.5434E+00   3.4514E-04
 2.6720E+03  4.5602E-02  1.5431E+00   3.4745E-04
 2.6680E+03  4.5560E-02  1.5427E+00   3.4979E-04
 2.6640E+03  4.5518E-02  1.5424E+00   3.5214E-04
 2.6600E+03  4.5476E-02  1.5421E+00   3.5452E-04
 2.6560E+03  4.5433E-02  1.5418E+00   3.5692E-04
 2.6520E+03  4.5390E-02  1.5415E+00   3.5935E-04
 2.6480E+03  4.5347E-02  1.5411E+00   3.6180E-04
 2.6440E+03  4.5304E-02  1.5408E+00   3.6427E-04
 2.6400E+03  4.5260E-02  1.5405E+00   3.6677E-04
 2.6360E+03  4.5216E-02  1.5401E+00   3.6930E-04
 2.6320E+03  4.5171E-02  1.5398E+00   3.7185E-04
 2.6280E+03  4.5127E-02  1.5395E+00   3.7442E-04
 2.6240E+03  4.5082E-02  1.5391E+00   3.7702E-04
 2.6200E+03  4.5036E-02  1.5388E+00   3.7965E-04
 2.6160E+03  4.4991E-02  1.5384E+00   3.8230E-04
 2.6120E+03  4.4945E-02  1.5381E+00   3.8498E-04
 2.6080E+03  4.4898E-02  1.5377E+00   3.8769E-04
 2.6040E+03  4.4852E-02  1.5374E+00   3.9042E-04
 2.6000E+03  4.4805E-02  1.5370E+00   3.9319E-04
 2.5960E+03  4.4758E-02  1.5367E+00   3.9598E-04
 2.5920E+03  4.4710E-02  1.5363E+00   3.9880E-04
 2.5880E+03  4.4662E-02  1.5359E+00   4.0165E-04
 2.5840E+03  4.4614E-02  1.5356E+00   4.0453E-04
 2.5800E+03  4.4565E-02  1.5352E+00   4.0744E-04
 2.5760E+03  4.4517E-02  1.5348E+00   4.1038E-04
 2.5720E+03  4.4467E-02  1.5344E+00   4.1335E-04
 2.5680E+03  4.4418E-02  1.5341E+00   4.1635E-04
 2.5640E+03  4.4368E-02  1.5337E+00   4.1939E-04
 2.5600E+03  4.4317E-02  1.5333E+00   4.2246E-04
 2.5560E+03  4.4267E-02  1.5329E+00   4.2556E-04
 2.5520E+03  4.4216E-02  1.5325E+00   4.2869E-04
 2.5480E+03  4.4164E-02  1.5321E+00   4.3185E-04
 2.5440E+03  4.4113E-02  1.5317E+00   4.3506E-04
 2.5400E+03  4.4060E-02  1.5313E+00   4.3829E-04
 2.5360E+03  4.4008E-02  1.5309E+00   4.4156E-04
 2.5320E+03  4.3955E-02  1.5305E+00   4.4487E-04
 2.5280E+03  4.3902E-02  1.5301E+00   4.4821E-04
 2.5240E+03  4.3848E-02  1.5297E+00   4.5159E-04
 2.5200E+03  4.3794E-02  1.5293E+00   4.5501E-04
 2.5160E+03  4.3739E-02  1.5289E+00   4.5846E-04
 2.5120E+03  4.3685E-02  1.5285E+00   4.6195E-04
 2.5080E+03  4.3629E-02  1.5280E+00   4.6549E-04
 2.5040E+03  4.3574E-02  1.5276E+00   4.6906E-04
 2.5000E+03  4.3517E-02  1.5272E+00   4.7267E-04
 2.4960E+03  4.3461E-02  1.5268E+00   4.7632E-04
 2.4920E+03  4.3404E-02  1.5263E+00   4.8001E-04
 2.4880E+03  4.3347E-02  1.5259E+00   4.8375E-04
 2.4840E+03  4.3289E-02  1.5254E+00   4.8753E-04
 2.4800E+03  4.3230E-02  1.5250E+00   4.9135E-04
 2.4760E+03  4.3172E-02  1.5245E+00   4.9522E-04
 2.4720E+03  4.3113E-02  1.5241E+00   4.9913E-04
 2.4680E+03  4.3053E-02  1.5236E+00   5.0308E-04
 2.4640E+03  4.2993E-02  1.5232E+00   5.0708E-04
 2.4600E+03  4.2932E-02  1.5227E+00   5.1113E-04
 2.4560E+03  4.2871E-02  1.5222E+00   5.1523E-04
 2.4520E+03  4.2810E-02  1.5218E+00   5.1937E-04
 2.4480E+03  4.2748E-02  1.5213E+00   5.2356E-04
 2.4440E+03  4.2685E-02  1.5208E+00   5.2781E-04
 2.4400E+03  4.2622E-02  1.5203E+00   5.3210E-04
 2.4360E+03  4.2559E-02  1.5198E+00   5.3645E-04
 2.4320E+03  4.2495E-02  1.5193E+00   5.4084E-04
 2.4280E+03  4.2431E-02  1.5189E+00   5.4529E-04
 2.4240E+03  4.2366E-02  1.5183E+00   5.4980E-04
 2.4200E+03  4.2300E-02  1.5178E+00   5.5436E-04
 2.4160E+03  4.2234E-02  1.5173E+00   5.5897E-04
 2.4120E+03  4.2168E-02  1.5168E+00   5.6364E-04
 2.4080E+03  4.2101E-02  1.5163E+00   5.6837E-04
 2.4040E+03  4.2033E-02  1.5158E+00   5.7316E-04
 2.4000E+03  4.1965E-02  1.5153E+00   5.7801E-04
 2.3960E+03  4.1896E-02  1.5147E+00   5.8291E-04
 2.3920E+03  4.1827E-02  1.5142E+00   5.8788E-04
 2.3880E+03  4.1757E-02  1.5137E+00   5.9291E-04
 2.3840E+03  4.1686E-02  1.5131E+00   5.9801E-04
 2.3800E+03  4.1615E-02  1.5126E+00   6.0317E-04
 2.3760E+03  4.1544E-02  1.5120E+00   6.0839E-04
 2.3720E+03  4.1471E-02  1.5114E+00   6.1369E-04
 2.3680E+03  4.1399E-02  1.5109E+00   6.1905E-04
 2.3640E+03  4.1325E-02  1.5103E+00   6.2448E-04
 2.3600E+03  4.1251E-02  1.5097E+00   6.2998E-04
 2.3560E+03  4.1176E-02  1.5092E+00   6.3555E-04
 2.3520E+03  4.1101E-02  1.5086E+00   6.4119E-04
 2.3480E+03  4.1025E-02  1.5080E+00   6.4691E-04
 2.3440E+03  4.0948E-02  1.5074E+00   6.5271E-04
 2.3400E+03  4.0871E-02  1.5068E+00   6.5858E-04
 2.3360E+03  4.0793E-02  1.5062E+00   6.6453E-04
 2.3320E+03  4.0715E-02  1.5056E+00   6.7056E-04
 2.3280E+03  4.0635E-02  1.5050E+00   6.7667E-04
 2.3240E+03  4.0555E-02  1.5043E+00   6.8286E-04
 2.3200E+03  4.0474E-02  1.5037E+00   6.8914E-04
 2.3160E+03  4.0393E-02  1.5031E+00   6.9550E-04
 2.3120E+03  4.0311E-02  1.5024E+00   7.0195E-04
 2.3080E+03  4.0228E-02  1.5018E+00   7.0849E-04
 2.3040E+03  4.0144E-02  1.5011E+00   7.1512E-04
 2.3000E+03  4.0060E-02  1.5005E+00   7.2184E-04
 2.2960E+03  3.9975E-02  1.4998E+00   7.2866E-04
 2.2920E+03  3.9889E-02  1.4991E+00   7.3557E-04
 2.2880E+03  3.9802E-02  1.4985E+00   7.4258E-04
 2.2840E+03  3.9715E-02  1.4978E+00   7.4968E-04
 2.2800E+03  3.9626E-02  1.4971E+00   7.5689E-04
 2.2760E+03  3.9537E-02  1.4964E+00   7.6421E-04
 2.2720E+03  3.9447E-02  1.4957E+00   7.7162E-04
 2.2680E+03  3.9357E-02  1.4950E+00   7.7915E-04
 2.2640E+03  3.9265E-02  1.4942E+00   7.8678E-04
 2.2600E+03  3.9173E-02  1.4935E+00   7.9453E-04
 2.2560E+03  3.9079E-02  1.4928E+00   8.0239E-04
 2.2520E+03  3.8985E-02  1.4920E+00   8.1036E-04
 2.2480E+03  3.8890E-02  1.4913E+00   8.1845E-04
 2.2440E+03  3.8794E-02  1.4905E+00   8.2667E-04
 2.2400E+03  3.8697E-02  1.4898E+00   8.3500E-04
 2.2360E+03  3.8599E-02  1.4890E+00   8.4347E-04
 2.2320E+03  3.8500E-02  1.4882E+00   8.5206E-04
 2.2280E+03  3.8401E-02  1.4874E+00   8.6078E-04
 2.2240E+03  3.8300E-02  1.4866E+00   8.6963E-04
 2.2200E+03  3.8198E-02  1.4858E+00   8.7862E-04
 2.2160E+03  3.8096E-02  1.4850E+00   8.8775E-04
 2.2120E+03  3.7992E-02  1.4842E+00   8.9702E-04
 2.2080E+03  3.7887E-02  1.4834E+00   9.0644E-04
 2.2040E+03  3.7781E-02  1.4825E+00   9.1600E-04
 2.2000E+03  3.7675E-02  1.4817E+00   9.2572E-04
 2.1960E+03  3.7567E-02  1.4808E+00   9.3559E-04
 2.1920E+03  3.7458E-02  1.4800E+00   9.4561E-04
 2.1880E+03  3.7348E-02  1.4791E+00   9.5580E-04
 2.1840E+03  3.7236E-02  1.4782E+00   9.6615E-04
 2.1800E+03  3.7124E-02  1.4773E+00   9.7667E-04
 2.1760E+03  3.7011E-02  1.4764E+00   9.8736E-04
 2.1720E+03  3.6896E-02  1.4755E+00   9.9823E-04
 2.1680E+03  3.6780E-02  1.4746E+00   1.0093E-03
 2.1640E+03  3.6663E-02  1.4736E+00   1.0205E-03
 2.1600E+03  3.6545E-02  1.4727E+00   1.0319E-03
 2.1560E+03  3.6425E-02  1.4717E+00   1.0435E-03
 2.1520E+03  3.6304E-02  1.4708E+00   1.0553E-03
 2.1480E+03  3.6182E-02  1.4698E+00   1.0673E-03
 2.1440E+03  3.6059E-02  1.4688E+00   1.0796E-03
 2.1400E+03  3.5934E-02  1.4678E+00   1.0920E-03
 2.1360E+03  3.5808E-02  1.4668E+00   1.1046E-03
 2.1320E+03  3.5681E-02  1.4658E+00   1.1175E-03
 2.1280E+03  3.5552E-02  1.4647E+00   1.1306E-03
 2.1240E+03  3.5422E-02  1.4637E+00   1.1439E-03
 2.1200E+03  3.5291E-02  1.4626E+00   1.1574E-03
 2.1160E+03  3.5158E-02  1.4615E+00   1.1712E-03
 2.1120E+03  3.5023E-02  1.4605E+00   1.1853E-03
 2.1080E+03  3.4887E-02  1.4594E+00   1.1995E-03
 2.1040E+03  3.4750E-02  1.4582E+00   1.2141E-03
 2.1000E+03  3.4611E-02  1.4571E+00   1.2289E-03
 2.0960E+03  3.4470E-02  1.4560E+00   1.2440E-03
 2.0920E+03  3.4328E-02  1.4548E+00   1.2594E-03
 2.0880E+03  3.4184E-02  1.4537E+00   1.2750E-03
 2.0840E+03  3.4038E-02  1.4525E+00   1.2910E-03
 2.0800E+03  3.3891E-02  1.4513E+00   1.3072E-03
 2.0760E+03  3.3742E-02  1.4501E+00   1.3238E-03
 2.0720E+03  3.3592E-02  1.4488E+00   1.3407E-03
 2.0680E+03  3.3439E-02  1.4476E+00   1.3579E-03
 2.0640E+03  3.3285E-02  1.4463E+00   1.3754E-03
 2.0600E+03  3.3129E-02  1.4450E+00   1.3933E-03
 2.0560E+03  3.2972E-02  1.4437E+00   1.4115E-03
 2.0520E+03  3.2812E-02  1.4424E+00   1.4301E-03
 2.0480E+03  3.2650E-02  1.4411E+00   1.4491E-03
 2.0440E+03  3.2487E-02  1.4397E+00   1.4684E-03
 2.0400E+03  3.2321E-02  1.4384E+00   1.4882E-03
 2.0360E+03  3.2154E-02  1.4370E+00   1.5083E-03
 2.0320E+03  3.1984E-02  1.4356E+00   1.5289E-03
 2.0280E+03  3.1812E-02  1.4342E+00   1.5499E-03
 2.0240E+03  3.1639E-02  1.4327E+00   1.5713E-03
 2.0200E+03  3.1463E-02  1.4312E+00   1.5931E-03
 2.0160E+03  3.1284E-02  1.4298E+00   1.6155E-03
 2.0120E+03  3.1104E-02  1.4283E+00   1.6383E-03
 2.0080E+03  3.0921E-02  1.4267E+00   1.6616E-03
 2.0040E+03  3.0736E-02  1.4252E+00   1.6854E-03
 2.0000E+03  3.0549E-02  1.4236E+00   1.7097E-03
 1.9980E+03  3.0454E-02  1.4228E+00   1.7220E-03
 1.9960E+03  3.0359E-02  1.4220E+00   1.7345E-03
 1.9940E+03  3.0263E-02  1.4212E+00   1.7471E-03
 1.9920E+03  3.0167E-02  1.4204E+00   1.7599E-03
 1.9900E+03  3.0070E-02  1.4196E+00   1.7728E-03
 1.9880E+03  2.9972E-02  1.4187E+00   1.7859E-03
 1.9860E+03  2.9874E-02  1.4179E+00   1.7991E-03
 1.9840E+03  2.9775E-02  1.4171E+00   1.8124E-03
 1.9820E+03  2.9675E-02  1.4162E+00   1.8259E-03
 1.9800E+03  2.9575E-02  1.4154E+00   1.8396E-03
 1.9780E+03  2.9474E-02  1.4145E+00   1.8534E-03
 1.9760E+03  2.9373E-02  1.4137E+00   1.8673E-03
 1.9740E+03  2.9270E-02  1.4128E+00   1.8815E-03
 1.9720E+03  2.9167E-02  1.4119E+00   1.8957E-03
 1.9700E+03  2.9064E-02  1.4110E+00   1.9102E-03
 1.9680E+03  2.8960E-02  1.4101E+00   1.9248E-03
 1.9660E+03  2.8855E-02  1.4092E+00   1.9396E-03
 1.9640E+03  2.8749E-02  1.4083E+00   1.9546E-03
 1.9620E+03  2.8643E-02  1.4074E+00   1.9697E-03
 1.9600E+03  2.8535E-02  1.4065E+00   1.9850E-03
 1.9580E+03  2.8428E-02  1.4056E+00   2.0005E-03
 1.9560E+03  2.8319E-02  1.4047E+00   2.0162E-03
 1.9540E+03  2.8210E-02  1.4037E+00   2.0320E-03
 1.9520E+03  2.8100E-02  1.4028E+00   2.0481E-03
 1.9500E+03  2.7989E-02  1.4018E+00   2.0643E-03
 1.9480E+03  2.7877E-02  1.4009E+00   2.0808E-03
 1.9460E+03  2.7765E-02  1.3999E+00   2.0974E-03
 1.9440E+03  2.7652E-02  1.3989E+00   2.1143E-03
 1.9420E+03  2.7538E-02  1.3979E+00   2.1313E-03
 1.9400E+03  2.7423E-02  1.3969E+00   2.1486E-03
 1.9380E+03  2.7308E-02  1.3959E+00   2.1661E-03
 1.9360E+03  2.7192E-02  1.3949E+00   2.1837E-03
 1.9340E+03  2.7075E-02  1.3939E+00   2.2017E-03
 1.9320E+03  2.6957E-02  1.3929E+00   2.2198E-03
 1.9300E+03  2.6838E-02  1.3918E+00   2.2382E-03
 1.9280E+03  2.6719E-02  1.3908E+00   2.2567E-03
 1.9260E+03  2.6598E-02  1.3897E+00   2.2756E-03
 1.9240E+03  2.6477E-02  1.3887E+00   2.2946E-03
 1.9220E+03  2.6355E-02  1.3876E+00   2.3140E-03
 1.9200E+03  2.6232E-02  1.3865E+00   2.3335E-03
 1.9180E+03  2.6108E-02  1.3854E+00   2.3533E-03
 1.9160E+03  2.5983E-02  1.3843E+00   2.3734E-03
 1.9140E+03  2.5858E-02  1.3832E+00   2.3937E-03
 1.9120E+03  2.5731E-02  1.3821E+00   2.4143E-03
 1.9100E+03  2.5604E-02  1.3810E+00   2.4352E-03
 1.9080E+03  2.5476E-02  1.3798E+00   2.4563E-03
 1.9060E+03  2.5346E-02  1.3787E+00   2.4778E-03
 1.9040E+03  2.5216E-02  1.3775E+00   2.4995E-03
 1.9020E+03  2.5085E-02  1.3764E+00   2.5215E-03
 1.9000E+03  2.4953E-02  1.3752E+00   2.5438E-03
 1.8980E+03  2.4820E-02  1.3740E+00   2.5663E-03
 1.8960E+03  2.4686E-02  1.3728E+00   2.5892E-03
 1.8940E+03  2.4551E-02  1.3716E+00   2.6125E-03
 1.8920E+03  2.4415E-02  1.3704E+00   2.6360E-03
 1.8900E+03  2.4278E-02  1.3691E+00   2.6599E-03
 1.8880E+03  2.4140E-02  1.3679E+00   2.6840E-03
 1.8860E+03  2.4001E-02  1.3666E+00   2.7086E-03
 1.8840E+03  2.3861E-02  1.3654E+00   2.7334E-03
 1.8820E+03  2.3720E-02  1.3641E+00   2.7586E-03
 1.8800E+03  2.3578E-02  1.3628E+00   2.7842E-03
 1.8780E+03  2.3435E-02  1.3615E+00   2.8102E-03
 1.8760E+03  2.3291E-02  1.3602E+00   2.8365E-03
 1.8740E+03  2.3146E-02  1.3589E+00   2.8631E-03
 1.8720E+03  2.2999E-02  1.3575E+00   2.8902E-03
 1.8700E+03  2.2852E-02  1.3562E+00   2.9177E-03
 1.8680E+03  2.2703E-02  1.3548E+00   2.9455E-03
 1.8660E+03  2.2554E-02  1.3534E+00   2.9738E-03
 1.8640E+03  2.2403E-02  1.3520E+00   3.0025E-03
 1.8620E+03  2.2251E-02  1.3506E+00   3.0316E-03
 1.8600E+03  2.2098E-02  1.3492E+00   3.0611E-03
 1.8580E+03  2.1943E-02  1.3478E+00   3.0911E-03
 1.8560E+03  2.1788E-02  1.3463E+00   3.1215E-03
 1.8540E+03  2.1631E-02  1.3449E+00   3.1524E-03
 1.8520E+03  2.1474E-02  1.3434E+00   3.1838E-03
 1.8500E+03  2.1315E-02  1.3419E+00   3.2156E-03
 1.8480E+03  2.1154E-02  1.3404E+00   3.2480E-03
 1.8460E+03  2.0993E-02  1.3389E+00   3.2808E-03
 1.8440E+03  2.0830E-02  1.3373E+00   3.3141E-03
 1.8420E+03  2.0666E-02  1.3358E+00   3.3480E-03
 1.8400E+03  2.0501E-02  1.3342E+00   3.3824E-03
 1.8380E+03  2.0335E-02  1.3326E+00   3.4173E-03
 1.8360E+03  2.0167E-02  1.3310E+00   3.4528E-03
 1.8340E+03  1.9998E-02  1.3294E+00   3.4889E-03
 1.8320E+03  1.9828E-02  1.3278E+00   3.5255E-03
 1.8300E+03  1.9656E-02  1.3261E+00   3.5627E-03
 1.8280E+03  1.9483E-02  1.3244E+00   3.6006E-03
 1.8260E+03  1.9309E-02  1.3227E+00   3.6390E-03
 1.8240E+03  1.9133E-02  1.3210E+00   3.6781E-03
 1.8220E+03  1.8956E-02  1.3193E+00   3.7178E-03
 1.8200E+03  1.8778E-02  1.3176E+00   3.7582E-03
 1.8180E+03  1.8599E-02  1.3158E+00   3.7993E-03
 1.8160E+03  1.8417E-02  1.3140E+00   3.8411E-03
 1.8140E+03  1.8235E-02  1.3122E+00   3.8835E-03
 1.8120E+03  1.8051E-02  1.3104E+00   3.9267E-03
 1.8100E+03  1.7866E-02  1.3085E+00   3.9707E-03
 1.8080E+03  1.7679E-02  1.3067E+00   4.0154E-03
 1.8060E+03  1.7491E-02  1.3048E+00   4.0608E-03
 1.8040E+03  1.7302E-02  1.3029E+00   4.1071E-03
 1.8020E+03  1.7111E-02  1.3010E+00   4.1542E-03
 1.8000E+03  1.6918E-02  1.2990E+00   4.2021E-03
 1.7980E+03  1.6724E-02  1.2970E+00   4.2509E-03
 1.7960E+03  1.6529E-02  1.2950E+00   4.3005E-03
 1.7940E+03  1.6332E-02  1.2930E+00   4.3511E-03
 1.7920E+03  1.6134E-02  1.2910E+00   4.4025E-03
 1.7900E+03  1.5934E-02  1.2889E+00   4.4549E-03
 1.7880E+03  1.5732E-02  1.2868E+00   4.5083E-03
 1.7860E+03  1.5530E-02  1.2847E+00   4.5627E-03
 1.7840E+03  1.5325E-02  1.2825E+00   4.6180E-03
 1.7820E+03  1.5119E-02  1.2804E+00   4.6744E-03
 1.7800E+03  1.4912E-02  1.2782E+00   4.7319E-03
 1.7780E+03  1.4703E-02  1.2759E+00   4.7905E-03
 1.7760E+03  1.4493E-02  1.2737E+00   4.8502E-03
 1.7740E+03  1.4281E-02  1.2714E+00   4.9111E-03
 1.7720E+03  1.4067E-02  1.2691E+00   4.9731E-03
 1.7700E+03  1.3852E-02  1.2667E+00   5.0364E-03
 1.7680E+03  1.3636E-02  1.2644E+00   5.1009E-03
 1.7660E+03  1.3418E-02  1.2620E+00   5.1667E-03
 1.7640E+03  1.3198E-02  1.2595E+00   5.2338E-03
 1.7620E+03  1.2977E-02  1.2571E+00   5.3023E-03
 1.7600E+03  1.2755E-02  1.2546E+00   5.3722E-03
 1.7580E+03  1.2531E-02  1.2520E+00   5.4435E-03
 1.7560E+03  1.2305E-02  1.2495E+00   5.5162E-03
 1.7540E+03  1.2078E-02  1.2469E+00   5.5905E-03
 1.7520E+03  1.1850E-02  1.2442E+00   5.6664E-03
 1.7500E+03  1.1620E-02  1.2416E+00   5.7438E-03
 1.7480E+03  1.1389E-02  1.2389E+00   5.8229E-03
 1.7460E+03  1.1156E-02  1.2361E+00   5.9037E-03
 1.7440E+03  1.0922E-02  1.2333E+00   5.9863E-03
 1.7420E+03  1.0687E-02  1.2305E+00   6.0707E-03
 1.7400E+03  1.0450E-02  1.2276E+00   6.1569E-03
 1.7380E+03  1.0212E-02  1.2247E+00   6.2450E-03
 1.7360E+03  9.9727E-03  1.2218E+00   6.3351E-03
 1.7340E+03  9.7322E-03  1.2188E+00   6.4273E-03
 1.7320E+03  9.4906E-03  1.2158E+00   6.5215E-03
 1.7300E+03  9.2479E-03  1.2127E+00   6.6179E-03
 1.7280E+03  9.0041E-03  1.2096E+00   6.7166E-03
 1.7260E+03  8.7592E-03  1.2064E+00   6.8175E-03
 1.7240E+03  8.5135E-03  1.2032E+00   6.9209E-03
 1.7220E+03  8.2668E-03  1.1999E+00   7.0267E-03
 1.7200E+03  8.0194E-03  1.1966E+00   7.1350E-03
 1.7180E+03  7.7712E-03  1.1932E+00   7.2460E-03
 1.7160E+03  7.5223E-03  1.1898E+00   7.3597E-03
 1.7140E+03  7.2730E-03  1.1863E+00   7.4762E-03
 1.7120E+03  7.0231E-03  1.1828E+00   7.5956E-03
 1.7100E+03  6.7730E-03  1.1792E+00   7.7180E-03
 1.7080E+03  6.5226E-03  1.1755E+00   7.8435E-03
 1.7060E+03  6.2722E-03  1.1718E+00   7.9723E-03
 1.7040E+03  6.0218E-03  1.1680E+00   8.1044E-03
 1.7020E+03  5.7717E-03  1.1642E+00   8.2400E-03
 1.7000E+03  5.5219E-03  1.1603E+00   8.3791E-03
 1.6980E+03  5.2727E-03  1.1563E+00   8.5220E-03
 1.6960E+03  5.0243E-03  1.1523E+00   8.6688E-03
 1.6940E+03  4.7768E-03  1.1482E+00   8.8195E-03
 1.6920E+03  4.5306E-03  1.1440E+00   8.9745E-03
 1.6900E+03  4.2858E-03  1.1398E+00   9.1337E-03
 1.6880E+03  4.0427E-03  1.1355E+00   9.2975E-03
 1.6860E+03  3.8017E-03  1.1311E+00   9.4660E-03
 1.6840E+03  3.5630E-03  1.1266E+00   9.6393E-03
 1.6820E+03  3.3269E-03  1.1220E+00   9.8177E-03
 1.6800E+03  3.0940E-03  1.1174E+00   1.0001E-02
 1.6780E+03  2.8645E-03  1.1126E+00   1.0191E-02
 1.6760E+03  2.6388E-03  1.1078E+00   1.0386E-02
 1.6740E+03  2.4176E-03  1.1029E+00   1.0587E-02
 1.6720E+03  2.2012E-03  1.0978E+00   1.0794E-02
 1.6700E+03  1.9903E-03  1.0927E+00   1.1007E-02
 1.6680E+03  1.7855E-03  1.0875E+00   1.1228E-02
 1.6660E+03  1.5873E-03  1.0822E+00   1.1456E-02
 1.6640E+03  1.3966E-03  1.0767E+00   1.1691E-02
 1.6620E+03  1.2141E-03  1.0712E+00   1.1934E-02
 1.6600E+03  1.0407E-03  1.0655E+00   1.2185E-02
 1.6580E+03  8.7721E-04  1.0597E+00   1.2445E-02
 1.6560E+03  7.2478E-04  1.0538E+00   1.2714E-02
 1.6540E+03  5.8445E-04  1.0478E+00   1.2992E-02
 1.6520E+03  4.5745E-04  1.0416E+00   1.3280E-02
 1.6500E+03  3.4508E-04  1.0353E+00   1.3579E-02
 1.6480E+03  2.4880E-04  1.0288E+00   1.3889E-02
 1.6460E+03  1.7019E-04  1.0222E+00   1.4211E-02
 1.6440E+03  1.1098E-04  1.0155E+00   1.4544E-02
 1.6420E+03  7.3088E-05  1.0086E+00   1.4891E-02
 1.6400E+03  5.8601E-05  1.0015E+00   1.5252E-02
 1.6380E+03  6.9832E-05  9.9421E-01   1.5627E-02
 1.6360E+03  1.0932E-04  9.8677E-01   1.6017E-02
 1.6340E+03  1.7989E-04  9.7915E-01   1.6424E-02
 1.6320E+03  2.8462E-04  9.7132E-01   1.6848E-02
 1.6300E+03  4.2698E-04  9.6330E-01   1.7290E-02
 1.6280E+03  6.1076E-04  9.5506E-01   1.7753E-02
 1.6260E+03  8.4020E-04  9.4660E-01   1.8236E-02
 1.6240E+03  1.1200E-03  9.3791E-01   1.8742E-02
 1.6220E+03  1.4555E-03  9.2897E-01   1.9271E-02
 1.6200E+03  1.8525E-03  9.1978E-01   1.9826E-02
 1.6180E+03  2.3176E-03  9.1032E-01   2.0409E-02
 1.6160E+03  2.8582E-03  9.0058E-01   2.1022E-02
 1.6140E+03  3.4827E-03  8.9055E-01   2.1667E-02
 1.6120E+03  4.2003E-03  8.8020E-01   2.2346E-02
 1.6100E+03  5.0218E-03  8.6953E-01   2.3063E-02
 1.6080E+03  5.9592E-03  8.5851E-01   2.3821E-02
 1.6060E+03  7.0263E-03  8.4712E-01   2.4623E-02
 1.6040E+03  8.2388E-03  8.3535E-01   2.5474E-02
 1.6020E+03  9.6146E-03  8.2317E-01   2.6378E-02
 1.6000E+03  1.1174E-02  8.1055E-01   2.7341E-02
 1.5980E+03  1.2942E-02  7.9746E-01   2.8368E-02
 1.5960E+03  1.4946E-02  7.8388E-01   2.9467E-02
 1.5940E+03  1.7219E-02  7.6977E-01   3.0645E-02
 1.5920E+03  1.9798E-02  7.5508E-01   3.1913E-02
 1.5900E+03  2.2728E-02  7.3978E-01   3.3281E-02
 1.5880E+03  2.6064E-02  7.2382E-01   3.4763E-02
 1.5860E+03  2.9869E-02  7.0715E-01   3.6374E-02
 1.5840E+03  3.4220E-02  6.8969E-01   3.8134E-02
 1.5820E+03  3.9212E-02  6.7137E-01   4.0065E-02
 1.5800E+03  4.4959E-02  6.5213E-01   4.2197E-02
 1.5780E+03  5.1605E-02  6.3185E-01   4.4566E-02
 1.5760E+03  5.9330E-02  6.1042E-01   4.7217E-02
 1.5740E+03  6.8363E-02  5.8771E-01   5.0212E-02
 1.5720E+03  7.8999E-02  5.6356E-01   5.3628E-02
 1.5700E+03  9.1628E-02  5.3776E-01   5.7575E-02
 1.5680E+03  1.0677E-01  5.1008E-01   6.2202E-02
 1.5660E+03  1.2514E-01  4.8022E-01   6.7727E-02
 1.5640E+03  1.4774E-01  4.4778E-01   7.4478E-02
 1.5620E+03  1.7601E-01  4.1230E-01   8.2970E-02
 1.5600E+03  2.1206E-01  3.7319E-01   9.4055E-02
 1.5580E+03  2.5893E-01  3.2986E-01   1.0922E-01
 1.5560E+03  3.2052E-01  2.8219E-01   1.3109E-01
 1.5540E+03  3.9902E-01  2.3211E-01   1.6370E-01
 1.5520E+03  4.8660E-01  1.8625E-01   2.0962E-01
 1.5500E+03  5.6469E-01  1.5201E-01   2.6401E-01
 1.5480E+03  6.2420E-01  1.2939E-01   3.1895E-01
 1.5460E+03  6.6813E-01  1.1446E-01   3.7091E-01
 1.5440E+03  7.0135E-01  1.0416E-01   4.1947E-01
 1.5420E+03  7.2735E-01  9.6731E-02   4.6506E-01
 1.5400E+03  7.4831E-01  9.1172E-02   5.0825E-01
 1.5380E+03  7.6565E-01  8.6903E-02   5.4948E-01
 1.5360E+03  7.8027E-01  8.3563E-02   5.8915E-01
 1.5340E+03  7.9281E-01  8.0918E-02   6.2757E-01
 1.5320E+03  8.0371E-01  7.8811E-02   6.6496E-01
 1.5300E+03  8.1328E-01  7.7132E-02   7.0153E-01
 1.5280E+03  8.2177E-01  7.5801E-02   7.3745E-01
 1.5260E+03  8.2935E-01  7.4762E-02   7.7284E-01
 1.5240E+03  8.3617E-01  7.3970E-02   8.0784E-01
 1.5220E+03  8.4234E-01  7.3393E-02   8.4253E-01
 1.5200E+03  8.4794E-01  7.3005E-02   8.7701E-01
 1.5180E+03  8.5306E-01  7.2788E-02   9.1137E-01
 1.5160E+03  8.5775E-01  7.2725E-02   9.4567E-01
 1.5140E+03  8.6206E-01  7.2806E-02   9.7999E-01
 1.5120E+03  8.6604E-01  7.3022E-02   1.0144E+00
 1.5100E+03  8.6971E-01  7.3366E-02   1.0489E+00
 1.5080E+03  8.7311E-01  7.3833E-02   1.0836E+00
 1.5060E+03  8.7626E-01  7.4421E-02   1.1186E+00
 1.5040E+03  8.7919E-01  7.5127E-02   1.1539E+00
 1.5020E+03  8.8191E-01  7.5952E-02   1.1896E+00
 1.5000E+03  8.8445E-01  7.6897E-02   1.2257E+00
 1.4980E+03  8.8681E-01  7.7963E-02   1.2622E+00
 1.4960E+03  8.8901E-01  7.9153E-02   1.2993E+00
 1.4940E+03  8.9107E-01  8.0472E-02   1.3370E+00
 1.4920E+03  8.9298E-01  8.1925E-02   1.3753E+00
 1.4900E+03  8.9476E-01  8.3518E-02   1.4143E+00
 1.4880E+03  8.9642E-01  8.5259E-02   1.4542E+00
 1.4860E+03  8.9796E-01  8.7156E-02   1.4949E+00
 1.4840E+03  8.9939E-01  8.9221E-02   1.5365E+00
 1.4820E+03  9.0071E-01  9.1465E-02   1.5791E+00
 1.4800E+03  9.0194E-01  9.3902E-02   1.6229E+00
 1.4780E+03  9.0306E-01  9.6548E-02   1.6678E+00
 1.4760E+03  9.0409E-01  9.9421E-02   1.7140E+00
 1.4740E+03  9.0503E-01  1.0254E-01   1.7616E+00
 1.4720E+03  9.0588E-01  1.0593E-01   1.8108E+00
 1.4700E+03  9.0664E-01  1.0963E-01   1.8616E+00
 1.4680E+03  9.0731E-01  1.1365E-01   1.9142E+00
 1.4660E+03  9.0789E-01  1.1804E-01   1.9688E+00
 1.4640E+03  9.0838E-01  1.2284E-01   2.0255E+00
 1.4620E+03  9.0879E-01  1.2810E-01   2.0845E+00
 1.4600E+03  9.0911E-01  1.3388E-01   2.1462E+00
 1.4580E+03  9.0933E-01  1.4024E-01   2.2106E+00
 1.4560E+03  9.0946E-01  1.4728E-01   2.2782E+00
 1.4540E+03  9.0948E-01  1.5507E-01   2.3492E+00
 1.4520E+03  9.0941E-01  1.6375E-01   2.4240E+00
 1.4500E+03  9.0922E-01  1.7344E-01   2.5030E+00
 1.4480E+03  9.0891E-01  1.8432E-01   2.5868E+00
 1.4460E+03  9.0848E-01  1.9660E-01   2.6759E+00
 1.4440E+03  9.0790E-01  2.1053E-01   2.7710E+00
 1.4420E+03  9.0717E-01  2.2644E-01   2.8729E+00
 1.4400E+03  9.0627E-01  2.4474E-01   2.9825E+00
 1.4380E+03  9.0518E-01  2.6594E-01   3.1011E+00
 1.4360E+03  9.0387E-01  2.9075E-01   3.2299E+00
 1.4340E+03  9.0231E-01  3.2005E-01   3.3708E+00
 1.4320E+03  9.0046E-01  3.5506E-01   3.5258E+00
 1.4300E+03  8.9825E-01  3.9746E-01   3.6976E+00
 1.4280E+03  8.9563E-01  4.4961E-01   3.8897E+00
 1.4260E+03  8.9249E-01  5.1488E-01   4.1063E+00
 1.4240E+03  8.8871E-01  5.9834E-01   4.3533E+00
 1.4220E+03  8.8410E-01  7.0778E-01   4.6380E+00
 1.4200E+03  8.7840E-01  8.5567E-01   4.9703E+00
 1.4180E+03  8.7122E-01  1.0630E+00   5.3629E+00
 1.4160E+03  8.6192E-01  1.3669E+00   5.8306E+00
 1.4140E+03  8.4950E-01  1.8360E+00   6.3840E+00
 1.4120E+03  8.3222E-01  2.5994E+00   7.0011E+00
 1.4100E+03  8.0714E-01  3.8696E+00   7.5196E+00
 1.4080E+03  7.7041E-01  5.7423E+00   7.3883E+00
 1.4060E+03  7.2157E-01  7.4175E+00   5.9757E+00
 1.4040E+03  6.6889E-01  7.8393E+00   4.0706E+00
 1.4020E+03  6.2092E-01  7.4437E+00   2.6921E+00
 1.4000E+03  5.7990E-01  6.8730E+00   1.8594E+00
 1.3980E+03  5.4508E-01  6.3463E+00   1.3539E+00
 1.3960E+03  5.1524E-01  5.9018E+00   1.0313E+00
 1.3940E+03  4.8934E-01  5.5324E+00   8.1418E-01
 1.3920E+03  4.6660E-01  5.2239E+00   6.6126E-01
 1.3900E+03  4.4642E-01  4.9634E+00   5.4935E-01
 1.3880E+03  4.2835E-01  4.7408E+00   4.6483E-01
 1.3860E+03  4.1206E-01  4.5485E+00   3.9930E-01
 1.3840E+03  3.9726E-01  4.3805E+00   3.4737E-01
 1.3820E+03  3.8374E-01  4.2324E+00   3.0544E-01
 1.3800E+03  3.7133E-01  4.1009E+00   2.7105E-01
 1.3780E+03  3.5989E-01  3.9831E+00   2.4244E-01
 1.3760E+03  3.4930E-01  3.8770E+00   2.1837E-01
 1.3740E+03  3.3946E-01  3.7808E+00   1.9789E-01
 1.3720E+03  3.3029E-01  3.6932E+00   1.8031E-01
 1.3700E+03  3.2172E-01  3.6130E+00   1.6509E-01
 1.3680E+03  3.1369E-01  3.5392E+00   1.5181E-01
 1.3660E+03  3.0615E-01  3.4712E+00   1.4015E-01
 1.3640E+03  2.9905E-01  3.4082E+00   1.2985E-01
 1.3620E+03  2.9235E-01  3.3496E+00   1.2070E-01
 1.3600E+03  2.8602E-01  3.2951E+00   1.1253E-01
 1.3580E+03  2.8002E-01  3.2441E+00   1.0520E-01
 1.3560E+03  2.7434E-01  3.1963E+00   9.8603E-02
 1.3540E+03  2.6894E-01  3.1515E+00   9.2632E-02
 1.3520E+03  2.6380E-01  3.1093E+00   8.7213E-02
 1.3500E+03  2.5891E-01  3.0695E+00   8.2277E-02
 1.3480E+03  2.5425E-01  3.0319E+00   7.7767E-02
 1.3460E+03  2.4979E-01  2.9963E+00   7.3635E-02
 1.3440E+03  2.4554E-01  2.9626E+00   6.9838E-02
 1.3420E+03  2.4146E-01  2.9306E+00   6.6340E-02
 1.3400E+03  2.3756E-01  2.9001E+00   6.3109E-02
 1.3380E+03  2.3381E-01  2.8711E+00   6.0119E-02
 1.3360E+03  2.3022E-01  2.8435E+00   5.7346E-02
 1.3340E+03  2.2677E-01  2.8171E+00   5.4768E-02
 1.3320E+03  2.2345E-01  2.7918E+00   5.2368E-02
 1.3300E+03  2.2026E-01  2.7677E+00   5.0128E-02
 1.3280E+03  2.1719E-01  2.7446E+00   4.8035E-02
 1.3260E+03  2.1422E-01  2.7224E+00   4.6076E-02
 1.3240E+03  2.1137E-01  2.7011E+00   4.4239E-02
 1.3220E+03  2.0861E-01  2.6807E+00   4.2514E-02
 1.3200E+03  2.0595E-01  2.6610E+00   4.0892E-02
 1.3180E+03  2.0338E-01  2.6421E+00   3.9366E-02
 1.3160E+03  2.0089E-01  2.6239E+00   3.7926E-02
 1.3140E+03  1.9848E-01  2.6063E+00   3.6567E-02
 1.3120E+03  1.9615E-01  2.5894E+00   3.5283E-02
 1.3100E+03  1.9390E-01  2.5731E+00   3.4068E-02
 1.3080E+03  1.9171E-01  2.5573E+00   3.2918E-02
 1.3060E+03  1.8960E-01  2.5420E+00   3.1827E-02
 1.3040E+03  1.8754E-01  2.5273E+00   3.0791E-02
 1.3020E+03  1.8555E-01  2.5130E+00   2.9808E-02
 1.3000E+03  1.8361E-01  2.4991E+00   2.8872E-02
 1.2980E+03  1.8173E-01  2.4857E+00   2.7982E-02
 1.2960E+03  1.7990E-01  2.4728E+00   2.7134E-02
 1.2940E+03  1.7812E-01  2.4602E+00   2.6326E-02
 1.2920E+03  1.7640E-01  2.4479E+00   2.5555E-02
 1.2900E+03  1.7472E-01  2.4361E+00   2.4818E-02
 1.2880E+03  1.7308E-01  2.4245E+00   2.4115E-02
 1.2860E+03  1.7149E-01  2.4133E+00   2.3442E-02
 1.2840E+03  1.6993E-01  2.4024E+00   2.2798E-02
 1.2820E+03  1.6842E-01  2.3918E+00   2.2181E-02
 1.2800E+03  1.6695E-01  2.3815E+00   2.1591E-02
 1.2780E+03  1.6551E-01  2.3715E+00   2.1024E-02
 1.2760E+03  1.6411E-01  2.3617E+00   2.0481E-02
 1.2740E+03  1.6274E-01  2.3522E+00   1.9960E-02
 1.2720E+03  1.6141E-01  2.3429E+00   1.9459E-02
 1.2700E+03  1.6010E-01  2.3339E+00   1.8977E-02
 1.2680E+03  1.5883E-01  2.3250E+00   1.8514E-02
 1.2660E+03  1.5759E-01  2.3164E+00   1.8069E-02
 1.2640E+03  1.5637E-01  2.3080E+00   1.7640E-02
 1.2620E+03  1.5519E-01  2.2998E+00   1.7227E-02
 1.2600E+03  1.5403E-01  2.2918E+00   1.6830E-02
 1.2580E+03  1.5289E-01  2.2840E+00   1.6446E-02
 1.2560E+03  1.5178E-01  2.2763E+00   1.6077E-02
 1.2540E+03  1.5069E-01  2.2689E+00   1.5720E-02
 1.2520E+03  1.4963E-01  2.2616E+00   1.5376E-02
 1.2500E+03  1.4859E-01  2.2544E+00   1.5043E-02
 1.2480E+03  1.4757E-01  2.2474E+00   1.4722E-02
 1.2460E+03  1.4657E-01  2.2406E+00   1.4412E-02
 1.2440E+03  1.4559E-01  2.2339E+00   1.4112E-02
 1.2420E+03  1.4463E-01  2.2273E+00   1.3821E-02
 1.2400E+03  1.4370E-01  2.2209E+00   1.3541E-02
 1.2380E+03  1.4277E-01  2.2146E+00   1.3269E-02
 1.2360E+03  1.4187E-01  2.2084E+00   1.3006E-02
 1.2340E+03  1.4099E-01  2.2024E+00   1.2751E-02
 1.2320E+03  1.4012E-01  2.1965E+00   1.2504E-02
 1.2300E+03  1.3927E-01  2.1906E+00   1.2265E-02
 1.2280E+03  1.3843E-01  2.1849E+00   1.2033E-02
 1.2260E+03  1.3761E-01  2.1794E+00   1.1808E-02
 1.2240E+03  1.3680E-01  2.1739E+00   1.1589E-02
 1.2220E+03  1.3601E-01  2.1685E+00   1.1378E-02
 1.2200E+03  1.3524E-01  2.1632E+00   1.1172E-02
 1.2180E+03  1.3447E-01  2.1580E+00   1.0972E-02
 1.2160E+03  1.3372E-01  2.1529E+00   1.0779E-02
 1.2140E+03  1.3299E-01  2.1479E+00   1.0590E-02
 1.2120E+03  1.3226E-01  2.1430E+00   1.0407E-02
 1.2100E+03  1.3155E-01  2.1382E+00   1.0229E-02
 1.2080E+03  1.3085E-01  2.1334E+00   1.0056E-02
 1.2060E+03  1.3016E-01  2.1288E+00   9.8883E-03
 1.2040E+03  1.2949E-01  2.1242E+00   9.7248E-03
 1.2020E+03  1.2882E-01  2.1197E+00   9.5657E-03
 1.2000E+03  1.2817E-01  2.1152E+00   9.4108E-03
 1.1980E+03  1.2752E-01  2.1109E+00   9.2601E-03
 1.1960E+03  1.2689E-01  2.1066E+00   9.1133E-03
 1.1940E+03  1.2627E-01  2.1024E+00   8.9704E-03
 1.1920E+03  1.2565E-01  2.0982E+00   8.8312E-03
 1.1900E+03  1.2505E-01  2.0941E+00   8.6956E-03
 1.1880E+03  1.2446E-01  2.0901E+00   8.5635E-03
 1.1860E+03  1.2387E-01  2.0861E+00   8.4347E-03
 1.1840E+03  1.2329E-01  2.0822E+00   8.3092E-03
 1.1820E+03  1.2272E-01  2.0784E+00   8.1868E-03
 1.1800E+03  1.2216E-01  2.0746E+00   8.0675E-03
 1.1780E+03  1.2161E-01  2.0709E+00   7.9511E-03
 1.1760E+03  1.2107E-01  2.0672E+00   7.8376E-03
 1.1740E+03  1.2053E-01  2.0636E+00   7.7268E-03
 1.1720E+03  1.2001E-01  2.0600E+00   7.6187E-03
 1.1700E+03  1.1948E-01  2.0565E+00   7.5132E-03
 1.1680E+03  1.1897E-01  2.0530E+00   7.4103E-03
 1.1660E+03  1.1847E-01  2.0496E+00   7.3097E-03
 1.1640E+03  1.1797E-01  2.0462E+00   7.2115E-03
 1.1620E+03  1.1747E-01  2.0429E+00   7.1157E-03
 1.1600E+03  1.1699E-01  2.0396E+00   7.0220E-03
 1.1580E+03  1.1651E-01  2.0364E+00   6.9306E-03
 1.1560E+03  1.1604E-01  2.0332E+00   6.8412E-03
 1.1540E+03  1.1557E-01  2.0301E+00   6.7539E-03
 1.1520E+03  1.1511E-01  2.0270E+00   6.6685E-03
 1.1500E+03  1.1465E-01  2.0239E+00   6.5851E-03
 1.1480E+03  1.1421E-01  2.0209E+00   6.5036E-03
 1.1460E+03  1.1376E-01  2.0179E+00   6.4239E-03
 1.1440E+03  1.1333E-01  2.0149E+00   6.3459E-03
 1.1420E+03  1.1289E-01  2.0120E+00   6.2697E-03
 1.1400E+03  1.1247E-01  2.0091E+00   6.1952E-03
 1.1380E+03  1.1205E-01  2.0063E+00   6.1223E-03
 1.1360E+03  1.1163E-01  2.0035E+00   6.0509E-03
 1.1340E+03  1.1122E-01  2.0007E+00   5.9812E-03
 1.1320E+03  1.1081E-01  1.9980E+00   5.9129E-03
 1.1300E+03  1.1041E-01  1.9953E+00   5.8461E-03
 1.1280E+03  1.1002E-01  1.9926E+00   5.7808E-03
 1.1260E+03  1.0962E-01  1.9899E+00   5.7168E-03
 1.1240E+03  1.0924E-01  1.9873E+00   5.6542E-03
 1.1220E+03  1.0885E-01  1.9847E+00   5.5929E-03
 1.1200E+03  1.0847E-01  1.9822E+00   5.5329E-03
 1.1180E+03  1.0810E-01  1.9797E+00   5.4742E-03
 1.1160E+03  1.0773E-01  1.9772E+00   5.4167E-03
 1.1140E+03  1.0736E-01  1.9747E+00   5.3604E-03
 1.1120E+03  1.0700E-01  1.9722E+00   5.3052E-03
 1.1100E+03  1.0664E-01  1.9698E+00   5.2513E-03
 1.1080E+03  1.0629E-01  1.9674E+00   5.1984E-03
 1.1060E+03  1.0594E-01  1.9651E+00   5.1466E-03
 1.1040E+03  1.0559E-01  1.9627E+00   5.0959E-03
 1.1020E+03  1.0525E-01  1.9604E+00   5.0462E-03
 1.1000E+03  1.0491E-01  1.9581E+00   4.9975E-03
 1.0980E+03  1.0457E-01  1.9558E+00   4.9499E-03
 1.0960E+03  1.0424E-01  1.9536E+00   4.9032E-03
 1.0940E+03  1.0391E-01  1.9514E+00   4.8574E-03
 1.0920E+03  1.0358E-01  1.9492E+00   4.8126E-03
 1.0900E+03  1.0326E-01  1.9470E+00   4.7687E-03
 1.0880E+03  1.0294E-01  1.9448E+00   4.7256E-03
 1.0860E+03  1.0263E-01  1.9427E+00   4.6835E-03
 1.0840E+03  1.0231E-01  1.9406E+00   4.6422E-03
 1.0820E+03  1.0200E-01  1.9385E+00   4.6017E-03
 1.0800E+03  1.0169E-01  1.9364E+00   4.5620E-03
 1.0780E+03  1.0139E-01  1.9343E+00   4.5232E-03
 1.0760E+03  1.0109E-01  1.9323E+00   4.4851E-03
 1.0740E+03  1.0079E-01  1.9303E+00   4.4478E-03
 1.0720E+03  1.0049E-01  1.9283E+00   4.4112E-03
 1.0700E+03  1.0020E-01  1.9263E+00   4.3754E-03
 1.0680E+03  9.9906E-02  1.9243E+00   4.3402E-03
 1.0660E+03  9.9618E-02  1.9224E+00   4.3058E-03
 1.0640E+03  9.9332E-02  1.9204E+00   4.2721E-03
 1.0620E+03  9.9048E-02  1.9185E+00   4.2391E-03
 1.0600E+03  9.8767E-02  1.9166E+00   4.2067E-03
 1.0580E+03  9.8488E-02  1.9147E+00   4.1750E-03
 1.0560E+03  9.8212E-02  1.9128E+00   4.1440E-03
 1.0540E+03  9.7938E-02  1.9110E+00   4.1135E-03
 1.0520E+03  9.7666E-02  1.9091E+00   4.0837E-03
 1.0500E+03  9.7396E-02  1.9073E+00   4.0545E-03
 1.0480E+03  9.7128E-02  1.9055E+00   4.0259E-03
 1.0460E+03  9.6863E-02  1.9037E+00   3.9979E-03
 1.0440E+03  9.6600E-02  1.9019E+00   3.9704E-03
 1.0420E+03  9.6338E-02  1.9002E+00   3.9436E-03
 1.0400E+03  9.6079E-02  1.8984E+00   3.9173E-03
 1.0380E+03  9.5822E-02  1.8967E+00   3.8915E-03
 1.0360E+03  9.5566E-02  1.8949E+00   3.8663E-03
 1.0340E+03  9.5313E-02  1.8932E+00   3.8416E-03
 1.0320E+03  9.5061E-02  1.8915E+00   3.8174E-03
 1.0300E+03  9.4811E-02  1.8898E+00   3.7937E-03
 1.0280E+03  9.4563E-02  1.8881E+00   3.7706E-03
 1.0260E+03  9.4317E-02  1.8865E+00   3.7479E-03
 1.0240E+03  9.4073E-02  1.8848E+00   3.7257E-03
 1.0220E+03  9.3830E-02  1.8831E+00   3.7041E-03
 1.0200E+03  9.3589E-02  1.8815E+00   3.6829E-03
 1.0180E+03  9.3349E-02  1.8799E+00   3.6621E-03
 1.0160E+03  9.3111E-02  1.8783E+00   3.6419E-03
 1.0140E+03  9.2875E-02  1.8767E+00   3.6220E-03
 1.0120E+03  9.2640E-02  1.8751E+00   3.6027E-03
 1.0100E+03  9.2406E-02  1.8735E+00   3.5838E-03
 1.0080E+03  9.2174E-02  1.8719E+00   3.5653E-03
 1.0060E+03  9.1944E-02  1.8703E+00   3.5472E-03
 1.0040E+03  9.1715E-02  1.8688E+00   3.5296E-03
 1.0020E+03  9.1487E-02  1.8672E+00   3.5124E-03
 1.0000E+03  9.1261E-02  1.8657E+00   3.4957E-03
 9.9800E+02  9.1036E-02  1.8642E+00   3.4793E-03
 9.9600E+02  9.0812E-02  1.8627E+00   3.4634E-03
 9.9400E+02  9.0589E-02  1.8611E+00   3.4478E-03
 9.9200E+02  9.0368E-02  1.8596E+00   3.4327E-03
 9.9000E+02  9.0148E-02  1.8581E+00   3.4179E-03
 9.8800E+02  8.9929E-02  1.8567E+00   3.4036E-03
 9.8600E+02  8.9712E-02  1.8552E+00   3.3896E-03
 9.8400E+02  8.9495E-02  1.8537E+00   3.3760E-03
 9.8200E+02  8.9280E-02  1.8522E+00   3.3628E-03
 9.8000E+02  8.9065E-02  1.8508E+00   3.3500E-03
 9.7800E+02  8.8852E-02  1.8493E+00   3.3375E-03
 9.7600E+02  8.8640E-02  1.8479E+00   3.3254E-03
 9.7400E+02  8.8429E-02  1.8464E+00   3.3137E-03
 9.7200E+02  8.8218E-02  1.8450E+00   3.3024E-03
 9.7000E+02  8.8009E-02  1.8436E+00   3.2914E-03
 9.6800E+02  8.7801E-02  1.8422E+00   3.2808E-03
 9.6600E+02  8.7593E-02  1.8407E+00   3.2705E-03
 9.6400E+02  8.7387E-02  1.8393E+00   3.2606E-03
 9.6200E+02  8.7181E-02  1.8379E+00   3.2511E-03
 9.6000E+02  8.6976E-02  1.8365E+00   3.2419E-03
 9.5800E+02  8.6772E-02  1.8351E+00   3.2331E-03
 9.5600E+02  8.6569E-02  1.8338E+00   3.2246E-03
 9.5400E+02  8.6367E-02  1.8324E+00   3.2164E-03
 9.5200E+02  8.6165E-02  1.8310E+00   3.2086E-03
 9.5000E+02  8.5964E-02  1.8296E+00   3.2012E-03
 9.4800E+02  8.5764E-02  1.8283E+00   3.1941E-03
 9.4600E+02  8.5564E-02  1.8269E+00   3.1873E-03
 9.4400E+02  8.5365E-02  1.8255E+00   3.1809E-03
 9.4200E+02  8.5167E-02  1.8242E+00   3.1749E-03
 9.4000E+02  8.4970E-02  1.8228E+00   3.1691E-03
 9.3800E+02  8.4773E-02  1.8215E+00   3.1638E-03
 9.3600E+02  8.4576E-02  1.8201E+00   3.1588E-03
 9.3400E+02  8.4380E-02  1.8188E+00   3.1541E-03
 9.3200E+02  8.4185E-02  1.8175E+00   3.1497E-03
 9.3000E+02  8.3990E-02  1.8161E+00   3.1458E-03
 9.2800E+02  8.3795E-02  1.8148E+00   3.1421E-03
 9.2600E+02  8.3602E-02  1.8135E+00   3.1388E-03
 9.2400E+02  8.3408E-02  1.8122E+00   3.1359E-03
 9.2200E+02  8.3215E-02  1.8108E+00   3.1333E-03
 9.2000E+02  8.3022E-02  1.8095E+00   3.1311E-03
 9.1800E+02  8.2830E-02  1.8082E+00   3.1292E-03
 9.1600E+02  8.2638E-02  1.8069E+00   3.1277E-03
 9.1400E+02  8.2446E-02  1.8056E+00   3.1265E-03
 9.1200E+02  8.2255E-02  1.8043E+00   3.1258E-03
 9.1000E+02  8.2064E-02  1.8029E+00   3.1253E-03
 9.0800E+02  8.1873E-02  1.8016E+00   3.1253E-03
 9.0600E+02  8.1682E-02  1.8003E+00   3.1256E-03
 9.0400E+02  8.1492E-02  1.7990E+00   3.1263E-03
 9.0200E+02  8.1302E-02  1.7977E+00   3.1274E-03
 9.0000E+02  8.1111E-02  1.7964E+00   3.1289E-03
 8.9800E+02  8.0921E-02  1.7951E+00   3.1308E-03
 8.9600E+02  8.0732E-02  1.7938E+00   3.1331E-03
 8.9400E+02  8.0542E-02  1.7925E+00   3.1358E-03
 8.9200E+02  8.0352E-02  1.7912E+00   3.1389E-03
 8.9000E+02  8.0162E-02  1.7899E+00   3.1424E-03
 8.8800E+02  7.9973E-02  1.7886E+00   3.1463E-03
 8.8600E+02  7.9783E-02  1.7873E+00   3.1507E-03
 8.8400E+02  7.9593E-02  1.7860E+00   3.1555E-03
 8.8200E+02  7.9403E-02  1.7847E+00   3.1608E-03
 8.8000E+02  7.9213E-02  1.7834E+00   3.1665E-03
 8.7800E+02  7.9023E-02  1.7821E+00   3.1727E-03
 8.7600E+02  7.8832E-02  1.7807E+00   3.1794E-03
 8.7400E+02  7.8642E-02  1.7794E+00   3.1866E-03
 8.7200E+02  7.8451E-02  1.7781E+00   3.1943E-03
 8.7000E+02  7.8260E-02  1.7768E+00   3.2025E-03
 8.6800E+02  7.8068E-02  1.7755E+00   3.2112E-03
 8.6600E+02  7.7877E-02  1.7742E+00   3.2205E-03
 8.6400E+02  7.7685E-02  1.7728E+00   3.2304E-03
 8.6200E+02  7.7492E-02  1.7715E+00   3.2408E-03
 8.6000E+02  7.7299E-02  1.7702E+00   3.2518E-03
 8.5800E+02  7.7105E-02  1.7688E+00   3.2635E-03
 8.5600E+02  7.6911E-02  1.7675E+00   3.2758E-03
 8.5400E+02  7.6717E-02  1.7662E+00   3.2888E-03
 8.5200E+02  7.6521E-02  1.7648E+00   3.3024E-03
 8.5000E+02  7.6325E-02  1.7635E+00   3.3168E-03
 8.4800E+02  7.6128E-02  1.7621E+00   3.3319E-03
 8.4600E+02  7.5931E-02  1.7607E+00   3.3478E-03
 8.4400E+02  7.5733E-02  1.7594E+00   3.3645E-03
 8.4200E+02  7.5533E-02  1.7580E+00   3.3821E-03
 8.4000E+02  7.5333E-02  1.7566E+00   3.4005E-03
 8.3800E+02  7.5132E-02  1.7552E+00   3.4199E-03
 8.3600E+02  7.4930E-02  1.7538E+00   3.4402E-03
 8.3400E+02  7.4726E-02  1.7524E+00   3.4615E-03
 8.3200E+02  7.4522E-02  1.7510E+00   3.4839E-03
 8.3000E+02  7.4316E-02  1.7495E+00   3.5074E-03
 8.2800E+02  7.4108E-02  1.7481E+00   3.5322E-03
 8.2600E+02  7.3900E-02  1.7467E+00   3.5581E-03
 8.2400E+02  7.3689E-02  1.7452E+00   3.5854E-03
 8.2200E+02  7.3477E-02  1.7437E+00   3.6141E-03
 8.2000E+02  7.3264E-02  1.7422E+00   3.6443E-03
 8.1800E+02  7.3048E-02  1.7407E+00   3.6761E-03
 8.1600E+02  7.2831E-02  1.7392E+00   3.7096E-03
 8.1400E+02  7.2611E-02  1.7377E+00   3.7449E-03
 8.1200E+02  7.2389E-02  1.7362E+00   3.7821E-03
 8.1000E+02  7.2165E-02  1.7346E+00   3.8214E-03
 8.0800E+02  7.1939E-02  1.7330E+00   3.8629E-03
 8.0600E+02  7.1709E-02  1.7314E+00   3.9069E-03
 8.0400E+02  7.1477E-02  1.7298E+00   3.9534E-03
 8.0200E+02  7.1242E-02  1.7282E+00   4.0028E-03
 8.0000E+02  7.1004E-02  1.7265E+00   4.0551E-03
 7.9800E+02  7.0762E-02  1.7248E+00   4.1108E-03
 7.9600E+02  7.0516E-02  1.7231E+00   4.1701E-03
 7.9400E+02  7.0267E-02  1.7214E+00   4.2333E-03
 7.9200E+02  7.0013E-02  1.7196E+00   4.3009E-03
 7.9000E+02  6.9755E-02  1.7178E+00   4.3731E-03
 7.8800E+02  6.9491E-02  1.7159E+00   4.4506E-03
 7.8600E+02  6.9223E-02  1.7141E+00   4.5339E-03
 7.8400E+02  6.8948E-02  1.7121E+00   4.6235E-03
 7.8200E+02  6.8668E-02  1.7102E+00   4.7203E-03
 7.8000E+02  6.8380E-02  1.7082E+00   4.8250E-03
 7.7800E+02  6.8085E-02  1.7061E+00   4.9387E-03
 7.7600E+02  6.7782E-02  1.7040E+00   5.0623E-03
 7.7400E+02  6.7471E-02  1.7018E+00   5.1973E-03
 7.7200E+02  6.7149E-02  1.6995E+00   5.3451E-03
 7.7000E+02  6.6817E-02  1.6972E+00   5.5075E-03
 7.6800E+02  6.6473E-02  1.6948E+00   5.6867E-03
 7.6600E+02  6.6117E-02  1.6922E+00   5.8853E-03
 7.6400E+02  6.5745E-02  1.6896E+00   6.1062E-03
 7.6200E+02  6.5358E-02  1.6869E+00   6.3531E-03
 7.6000E+02  6.4952E-02  1.6840E+00   6.6305E-03
 7.5800E+02  6.4526E-02  1.6810E+00   6.9440E-03
 7.5600E+02  6.4077E-02  1.6778E+00   7.3004E-03
 7.5400E+02  6.3601E-02  1.6744E+00   7.7081E-03
 7.5200E+02  6.3095E-02  1.6708E+00   8.1781E-03
 7.5000E+02  6.2555E-02  1.6670E+00   8.7239E-03
 7.4800E+02  6.1973E-02  1.6628E+00   9.3636E-03
 7.4600E+02  6.1345E-02  1.6583E+00   1.0120E-02
 7.4400E+02  6.0660E-02  1.6534E+00   1.1025E-02
 7.4200E+02  5.9909E-02  1.6480E+00   1.2121E-02
 7.4000E+02  5.9078E-02  1.6420E+00   1.3465E-02
 7.3800E+02  5.8149E-02  1.6353E+00   1.5139E-02
 7.3600E+02  5.7100E-02  1.6277E+00   1.7264E-02
 7.3400E+02  5.5903E-02  1.6189E+00   2.0015E-02
 7.3200E+02  5.4519E-02  1.6087E+00   2.3664E-02
 7.3000E+02  5.2899E-02  1.5966E+00   2.8645E-02
 7.2800E+02  5.0979E-02  1.5819E+00   3.5682E-02
 7.2600E+02  4.8688E-02  1.5640E+00   4.6044E-02
 7.2400E+02  4.5976E-02  1.5416E+00   6.2097E-02
 7.2200E+02  4.2950E-02  1.5137E+00   8.8522E-02
 7.2000E+02  4.0429E-02  1.4810E+00   1.3504E-01
 7.1800E+02  4.2012E-02  1.4543E+00   2.2075E-01
 7.1600E+02  5.8139E-02  1.4838E+00   3.6376E-01
 7.1400E+02  9.1557E-02  1.6596E+00   4.8371E-01
 7.1200E+02  1.1022E-01  1.8728E+00   4.0772E-01
 7.1000E+02  1.0804E-01  1.9344E+00   2.5310E-01
 7.0800E+02  1.0088E-01  1.9143E+00   1.5256E-01
 7.0600E+02  9.4553E-02  1.8809E+00   9.8153E-02
 7.0400E+02  8.9668E-02  1.8514E+00   6.7801E-02
 7.0200E+02  8.5934E-02  1.8275E+00   4.9710E-02
 7.0000E+02  8.3022E-02  1.8084E+00   3.8229E-02
 6.9800E+02  8.0694E-02  1.7928E+00   3.0550E-02
 6.9600E+02  7.8789E-02  1.7799E+00   2.5189E-02
 6.9400E+02  7.7195E-02  1.7691E+00   2.1312E-02
 6.9200E+02  7.5835E-02  1.7598E+00   1.8426E-02
 6.9000E+02  7.4655E-02  1.7517E+00   1.6225E-02
 6.8800E+02  7.3617E-02  1.7445E+00   1.4512E-02
 6.8600E+02  7.2691E-02  1.7381E+00   1.3157E-02
 6.8400E+02  7.1855E-02  1.7323E+00   1.2069E-02
 6.8200E+02  7.1093E-02  1.7270E+00   1.1184E-02
 6.8000E+02  7.0393E-02  1.7222E+00   1.0457E-02
 6.7800E+02  6.9743E-02  1.7176E+00   9.8539E-03
 6.7600E+02  6.9136E-02  1.7134E+00   9.3504E-03
 6.7400E+02  6.8565E-02  1.7094E+00   8.9271E-03
 6.7200E+02  6.8025E-02  1.7056E+00   8.5694E-03
 6.7000E+02  6.7512E-02  1.7020E+00   8.2658E-03
 6.6800E+02  6.7021E-02  1.6986E+00   8.0074E-03
 6.6600E+02  6.6551E-02  1.6953E+00   7.7870E-03
 6.6400E+02  6.6097E-02  1.6921E+00   7.5988E-03
 6.6200E+02  6.5659E-02  1.6890E+00   7.4382E-03
 6.6000E+02  6.5233E-02  1.6860E+00   7.3012E-03
 6.5800E+02  6.4819E-02  1.6831E+00   7.1848E-03
 6.5600E+02  6.4415E-02  1.6802E+00   7.0863E-03
 6.5400E+02  6.4020E-02  1.6774E+00   7.0035E-03
 6.5200E+02  6.3633E-02  1.6747E+00   6.9346E-03
 6.5000E+02  6.3252E-02  1.6720E+00   6.8780E-03
 6.4800E+02  6.2877E-02  1.6693E+00   6.8325E-03
 6.4600E+02  6.2508E-02  1.6667E+00   6.7968E-03
 6.4400E+02  6.2142E-02  1.6641E+00   6.7701E-03
 6.4200E+02  6.1781E-02  1.6615E+00   6.7515E-03
 6.4000E+02  6.1424E-02  1.6590E+00   6.7403E-03
 6.3800E+02  6.1069E-02  1.6564E+00   6.7359E-03
 6.3600E+02  6.0716E-02  1.6539E+00   6.7378E-03
 6.3400E+02  6.0366E-02  1.6514E+00   6.7454E-03
 6.3200E+02  6.0017E-02  1.6489E+00   6.7585E-03
 6.3000E+02  5.9669E-02  1.6464E+00   6.7766E-03
 6.2800E+02  5.9323E-02  1.6439E+00   6.7995E-03
 6.2600E+02  5.8977E-02  1.6414E+00   6.8268E-03
 6.2400E+02  5.8631E-02  1.6390E+00   6.8585E-03
 6.2200E+02  5.8286E-02  1.6365E+00   6.8941E-03
 6.2000E+02  5.7940E-02  1.6340E+00   6.9337E-03
 6.1800E+02  5.7594E-02  1.6315E+00   6.9770E-03
 6.1600E+02  5.7248E-02  1.6290E+00   7.0239E-03
 6.1400E+02  5.6901E-02  1.6265E+00   7.0743E-03
 6.1200E+02  5.6553E-02  1.6240E+00   7.1282E-03
 6.1000E+02  5.6204E-02  1.6214E+00   7.1853E-03
 6.0800E+02  5.5853E-02  1.6189E+00   7.2457E-03
 6.0600E+02  5.5501E-02  1.6163E+00   7.3094E-03
 6.0400E+02  5.5147E-02  1.6138E+00   7.3762E-03
 6.0200E+02  5.4792E-02  1.6112E+00   7.4461E-03
 6.0000E+02  5.4435E-02  1.6086E+00   7.5191E-03
 5.9800E+02  5.4075E-02  1.6059E+00   7.5953E-03
 5.9600E+02  5.3714E-02  1.6033E+00   7.6745E-03
 5.9400E+02  5.3350E-02  1.6006E+00   7.7569E-03
 5.9200E+02  5.2983E-02  1.5979E+00   7.8423E-03
 5.9000E+02  5.2614E-02  1.5952E+00   7.9309E-03
 5.8800E+02  5.2242E-02  1.5925E+00   8.0227E-03
 5.8600E+02  5.1867E-02  1.5897E+00   8.1176E-03
 5.8400E+02  5.1489E-02  1.5870E+00   8.2158E-03
 5.8200E+02  5.1107E-02  1.5841E+00   8.3172E-03
 5.8000E+02  5.0723E-02  1.5813E+00   8.4219E-03
 5.7800E+02  5.0335E-02  1.5784E+00   8.5301E-03
 5.7600E+02  4.9943E-02  1.5755E+00   8.6416E-03
 5.7400E+02  4.9548E-02  1.5726E+00   8.7566E-03
 5.7200E+02  4.9148E-02  1.5696E+00   8.8752E-03
 5.7000E+02  4.8745E-02  1.5666E+00   8.9975E-03
 5.6800E+02  4.8338E-02  1.5635E+00   9.1235E-03
 5.6600E+02  4.7926E-02  1.5605E+00   9.2533E-03
 5.6400E+02  4.7510E-02  1.5573E+00   9.3870E-03
 5.6200E+02  4.7090E-02  1.5542E+00   9.5248E-03
 5.6000E+02  4.6665E-02  1.5510E+00   9.6667E-03
 5.5800E+02  4.6235E-02  1.5477E+00   9.8128E-03
 5.5600E+02  4.5800E-02  1.5445E+00   9.9633E-03
 5.5400E+02  4.5361E-02  1.5411E+00   1.0118E-02
 5.5200E+02  4.4916E-02  1.5377E+00   1.0278E-02
 5.5000E+02  4.4465E-02  1.5343E+00   1.0442E-02
 5.4800E+02  4.4010E-02  1.5308E+00   1.0612E-02
 5.4600E+02  4.3548E-02  1.5273E+00   1.0786E-02
 5.4400E+02  4.3081E-02  1.5237E+00   1.0966E-02
 5.4200E+02  4.2608E-02  1.5201E+00   1.1151E-02
 5.4000E+02  4.2129E-02  1.5164E+00   1.1342E-02
 5.3800E+02  4.1643E-02  1.5126E+00   1.1538E-02
 5.3600E+02  4.1152E-02  1.5088E+00   1.1741E-02
 5.3400E+02  4.0653E-02  1.5049E+00   1.1950E-02
 5.3200E+02  4.0148E-02  1.5010E+00   1.2165E-02
 5.3000E+02  3.9637E-02  1.4970E+00   1.2387E-02
 5.2800E+02  3.9118E-02  1.4929E+00   1.2616E-02
 5.2600E+02  3.8592E-02  1.4887E+00   1.2852E-02
 5.2400E+02  3.8058E-02  1.4845E+00   1.3096E-02
 5.2200E+02  3.7518E-02  1.4802E+00   1.3348E-02
 5.2000E+02  3.6969E-02  1.4759E+00   1.3608E-02
 5.1800E+02  3.6413E-02  1.4714E+00   1.3876E-02
 5.1600E+02  3.5848E-02  1.4669E+00   1.4153E-02
 5.1400E+02  3.5275E-02  1.4622E+00   1.4440E-02
 5.1200E+02  3.4694E-02  1.4575E+00   1.4736E-02
 5.1000E+02  3.4105E-02  1.4527E+00   1.5042E-02
 5.0800E+02  3.3507E-02  1.4478E+00   1.5359E-02
 5.0600E+02  3.2900E-02  1.4428E+00   1.5686E-02
 5.0400E+02  3.2283E-02  1.4377E+00   1.6025E-02
 5.0200E+02  3.1658E-02  1.4325E+00   1.6376E-02
 5.0000E+02  3.1023E-02  1.4272E+00   1.6740E-02
 4.9800E+02  3.0379E-02  1.4218E+00   1.7117E-02
 4.9600E+02  2.9724E-02  1.4162E+00   1.7508E-02
 4.9400E+02  2.9060E-02  1.4105E+00   1.7913E-02
 4.9200E+02  2.8386E-02  1.4048E+00   1.8333E-02
 4.9000E+02  2.7702E-02  1.3988E+00   1.8769E-02
 4.8800E+02  2.7008E-02  1.3928E+00   1.9223E-02
 4.8600E+02  2.6303E-02  1.3866E+00   1.9694E-02
 4.8400E+02  2.5588E-02  1.3802E+00   2.0183E-02
 4.8200E+02  2.4862E-02  1.3737E+00   2.0692E-02
 4.8000E+02  2.4125E-02  1.3671E+00   2.1222E-02
 4.7800E+02  2.3378E-02  1.3602E+00   2.1774E-02
 4.7600E+02  2.2621E-02  1.3532E+00   2.2349E-02
 4.7400E+02  2.1853E-02  1.3461E+00   2.2949E-02
 4.7200E+02  2.1074E-02  1.3387E+00   2.3574E-02
 4.7000E+02  2.0285E-02  1.3311E+00   2.4227E-02
 4.6800E+02  1.9486E-02  1.3234E+00   2.4909E-02
 4.6600E+02  1.8677E-02  1.3154E+00   2.5623E-02
 4.6400E+02  1.7859E-02  1.3072E+00   2.6369E-02
 4.6200E+02  1.7032E-02  1.2988E+00   2.7150E-02
 4.6000E+02  1.6196E-02  1.2901E+00   2.7969E-02
 4.5800E+02  1.5353E-02  1.2812E+00   2.8828E-02
 4.5600E+02  1.4502E-02  1.2720E+00   2.9730E-02
 4.5400E+02  1.3646E-02  1.2625E+00   3.0678E-02
 4.5200E+02  1.2785E-02  1.2528E+00   3.1675E-02
 4.5000E+02  1.1921E-02  1.2427E+00   3.2725E-02
 4.4800E+02  1.1056E-02  1.2323E+00   3.3832E-02
 4.4600E+02  1.0191E-02  1.2216E+00   3.5000E-02
 4.4400E+02  9.3301E-03  1.2104E+00   3.6235E-02
 4.4200E+02  8.4749E-03  1.1990E+00   3.7541E-02
 4.4000E+02  7.6295E-03  1.1871E+00   3.8926E-02
 4.3800E+02  6.7981E-03  1.1747E+00   4.0395E-02
 4.3600E+02  5.9857E-03  1.1619E+00   4.1956E-02
 4.3400E+02  5.1983E-03  1.1487E+00   4.3618E-02
 4.3200E+02  4.4431E-03  1.1349E+00   4.5390E-02
 4.3000E+02  3.7286E-03  1.1206E+00   4.7285E-02
 4.2800E+02  3.0651E-03  1.1057E+00   4.9313E-02
 4.2600E+02  2.4649E-03  1.0901E+00   5.1489E-02
 4.2400E+02  1.9428E-03  1.0739E+00   5.3830E-02
 4.2200E+02  1.5171E-03  1.0570E+00   5.6354E-02
 4.2000E+02  1.2096E-03  1.0393E+00   5.9084E-02
 4.1800E+02  1.0471E-03  1.0207E+00   6.2045E-02
 4.1600E+02  1.0629E-03  1.0013E+00   6.5269E-02
 4.1400E+02  1.2978E-03  9.8086E-01   6.8790E-02
 4.1200E+02  1.8029E-03  9.5935E-01   7.2654E-02
 4.1000E+02  2.6423E-03  9.3667E-01   7.6912E-02
 4.0800E+02  3.8972E-03  9.1270E-01   8.1629E-02
 4.0600E+02  5.6718E-03  8.8732E-01   8.6886E-02
 4.0400E+02  8.1003E-03  8.6037E-01   9.2783E-02
 4.0200E+02  1.1359E-02  8.3168E-01   9.9449E-02
 4.0000E+02  1.5681E-02  8.0104E-01   1.0705E-01
 3.9800E+02  2.1379E-02  7.6823E-01   1.1581E-01
 3.9600E+02  2.8880E-02  7.3297E-01   1.2603E-01
 3.9400E+02  3.8775E-02  6.9494E-01   1.3811E-01
 3.9200E+02  5.1890E-02  6.5383E-01   1.5265E-01
 3.9000E+02  6.9384E-02  6.0930E-01   1.7047E-01
 3.8800E+02  9.2863E-02  5.6113E-01   1.9279E-01
 3.8600E+02  1.2441E-01  5.0950E-01   2.2135E-01
 3.8400E+02  1.6624E-01  4.5547E-01   2.5837E-01
 3.8200E+02  2.1932E-01  4.0177E-01   3.0593E-01
 3.8000E+02  2.8102E-01  3.5279E-01   3.6427E-01
 3.7800E+02  3.4490E-01  3.1246E-01   4.3047E-01
 3.7600E+02  4.0461E-01  2.8178E-01   5.0014E-01
 3.7400E+02  4.5713E-01  2.5935E-01   5.7005E-01
 3.7200E+02  5.0214E-01  2.4312E-01   6.3871E-01
 3.7000E+02  5.4049E-01  2.3140E-01   7.0570E-01
 3.6800E+02  5.7327E-01  2.2301E-01   7.7115E-01
 3.6600E+02  6.0145E-01  2.1712E-01   8.3533E-01
 3.6400E+02  6.2586E-01  2.1319E-01   8.9857E-01
 3.6200E+02  6.4712E-01  2.1085E-01   9.6120E-01
 3.6000E+02  6.6577E-01  2.0984E-01   1.0235E+00
 3.5800E+02  6.8220E-01  2.1000E-01   1.0858E+00
 3.5600E+02  6.9674E-01  2.1121E-01   1.1484E+00
 3.5400E+02  7.0965E-01  2.1341E-01   1.2115E+00
 3.5200E+02  7.2115E-01  2.1657E-01   1.2754E+00
 3.5000E+02  7.3141E-01  2.2068E-01   1.3403E+00
 3.4800E+02  7.4056E-01  2.2576E-01   1.4065E+00
 3.4600E+02  7.4872E-01  2.3185E-01   1.4742E+00
 3.4400E+02  7.5600E-01  2.3903E-01   1.5438E+00
 3.4200E+02  7.6246E-01  2.4739E-01   1.6155E+00
 3.4000E+02  7.6817E-01  2.5706E-01   1.6897E+00
 3.3800E+02  7.7319E-01  2.6819E-01   1.7668E+00
 3.3600E+02  7.7754E-01  2.8099E-01   1.8470E+00
 3.3400E+02  7.8127E-01  2.9572E-01   1.9310E+00
 3.3200E+02  7.8438E-01  3.1268E-01   2.0193E+00
 3.3000E+02  7.8690E-01  3.3229E-01   2.1124E+00
 3.2800E+02  7.8881E-01  3.5505E-01   2.2110E+00
 3.2600E+02  7.9011E-01  3.8162E-01   2.3160E+00
 3.2400E+02  7.9077E-01  4.1286E-01   2.4283E+00
 3.2200E+02  7.9076E-01  4.4987E-01   2.5491E+00
 3.2000E+02  7.9001E-01  4.9417E-01   2.6797E+00
 3.1800E+02  7.8846E-01  5.4775E-01   2.8217E+00
 3.1600E+02  7.8600E-01  6.1342E-01   2.9770E+00
 3.1400E+02  7.8247E-01  6.9508E-01   3.1477E+00
 3.1200E+02  7.7768E-01  7.9835E-01   3.3361E+00
 3.1000E+02  7.7136E-01  9.3141E-01   3.5446E+00
 3.0800E+02  7.6313E-01  1.1064E+00   3.7745E+00
 3.0600E+02  7.5246E-01  1.3416E+00   4.0244E+00
 3.0400E+02  7.3862E-01  1.6635E+00   4.2852E+00
 3.0200E+02  7.2061E-01  2.1079E+00   4.5298E+00
 3.0000E+02  6.9720E-01  2.7097E+00   4.6940E+00
 2.9800E+02  6.6726E-01  3.4611E+00   4.6590E+00
 2.9600E+02  6.3078E-01  4.2342E+00   4.2982E+00
 2.9400E+02  5.8991E-01  4.7942E+00   3.6318E+00
 2.9200E+02  5.4844E-01  5.0126E+00   2.8725E+00
 2.9000E+02  5.0947E-01  4.9647E+00   2.2150E+00
 2.8800E+02  4.7434E-01  4.7848E+00   1.7164E+00
 2.8600E+02  4.4319E-01  4.5618E+00   1.3553E+00
 2.8400E+02  4.1559E-01  4.3376E+00   1.0948E+00
 2.8200E+02  3.9102E-01  4.1280E+00   9.0420E-01
 2.8000E+02  3.6897E-01  3.9373E+00   7.6228E-01
 2.7800E+02  3.4901E-01  3.7650E+00   6.5463E-01
 2.7600E+02  3.3077E-01  3.6094E+00   5.7166E-01
 2.7400E+02  3.1395E-01  3.4681E+00   5.0690E-01
 2.7200E+02  2.9830E-01  3.3387E+00   4.5594E-01
 2.7000E+02  2.8361E-01  3.2192E+00   4.1570E-01
 2.6800E+02  2.6968E-01  3.1078E+00   3.8404E-01
 2.6600E+02  2.5636E-01  3.0029E+00   3.5946E-01
 2.6400E+02  2.4349E-01  2.9029E+00   3.4094E-01
 2.6200E+02  2.3095E-01  2.8067E+00   3.2784E-01
 2.6000E+02  2.1862E-01  2.7128E+00   3.1979E-01
 2.5800E+02  2.0637E-01  2.6202E+00   3.1675E-01
 2.5600E+02  1.9411E-01  2.5276E+00   3.1897E-01
 2.5400E+02  1.8175E-01  2.4336E+00   3.2702E-01
 2.5200E+02  1.6925E-01  2.3370E+00   3.4196E-01
 2.5000E+02  1.5667E-01  2.2362E+00   3.6548E-01
 2.4800E+02  1.4429E-01  2.1297E+00   4.0024E-01
 2.4600E+02  1.3282E-01  2.0160E+00   4.5037E-01
 2.4400E+02  1.2400E-01  1.8943E+00   5.2226E-01
 2.4200E+02  1.2163E-01  1.7660E+00   6.2560E-01
 2.4000E+02  1.3304E-01  1.6382E+00   7.7350E-01
 2.3800E+02  1.6832E-01  1.5284E+00   9.7883E-01
 2.3600E+02  2.3139E-01  1.4652E+00   1.2442E+00
 2.3400E+02  3.0965E-01  1.4766E+00   1.5563E+00
 2.3200E+02  3.8295E-01  1.5835E+00   1.8948E+00
 2.3000E+02  4.3875E-01  1.8080E+00   2.2362E+00
 2.2800E+02  4.7314E-01  2.1807E+00   2.5376E+00
 2.2600E+02  4.8607E-01  2.7175E+00   2.7075E+00
 2.2400E+02  4.7942E-01  3.3426E+00   2.6126E+00
 2.2200E+02  4.5831E-01  3.8427E+00   2.2190E+00
 2.2000E+02  4.3060E-01  4.0624E+00   1.7059E+00
 2.1800E+02  4.0279E-01  4.0585E+00   1.2628E+00
 2.1600E+02  3.7783E-01  3.9520E+00   9.4111E-01
 2.1400E+02  3.5630E-01  3.8166E+00   7.1900E-01
 2.1200E+02  3.3787E-01  3.6829E+00   5.6520E-01
 2.1000E+02  3.2204E-01  3.5607E+00   4.5636E-01
 2.0800E+02  3.0830E-01  3.4519E+00   3.7727E-01
 2.0600E+02  2.9625E-01  3.3556E+00   3.1829E-01
 2.0400E+02  2.8556E-01  3.2702E+00   2.7326E-01
 2.0200E+02  2.7598E-01  3.1939E+00   2.3814E-01
 2.0000E+02  2.6731E-01  3.1252E+00   2.1026E-01
 1.9800E+02  2.5940E-01  3.0630E+00   1.8777E-01
 1.9600E+02  2.5211E-01  3.0062E+00   1.6938E-01
 1.9400E+02  2.4534E-01  2.9538E+00   1.5416E-01
 1.9200E+02  2.3902E-01  2.9053E+00   1.4145E-01
 1.9000E+02  2.3306E-01  2.8599E+00   1.3074E-01
 1.8800E+02  2.2742E-01  2.8172E+00   1.2166E-01
 1.8600E+02  2.2204E-01  2.7768E+00   1.1392E-01
 1.8400E+02  2.1688E-01  2.7384E+00   1.0730E-01
 1.8200E+02  2.1190E-01  2.7015E+00   1.0163E-01
 1.8000E+02  2.0707E-01  2.6659E+00   9.6774E-02
 1.7800E+02  2.0235E-01  2.6314E+00   9.2631E-02
 1.7600E+02  1.9772E-01  2.5978E+00   8.9116E-02
 1.7400E+02  1.9316E-01  2.5648E+00   8.6168E-02
 1.7200E+02  1.8862E-01  2.5322E+00   8.3737E-02
 1.7000E+02  1.8410E-01  2.4999E+00   8.1788E-02
 1.6800E+02  1.7956E-01  2.4676E+00   8.0299E-02
 1.6600E+02  1.7498E-01  2.4352E+00   7.9256E-02
 1.6400E+02  1.7033E-01  2.4024E+00   7.8657E-02
 1.6200E+02  1.6558E-01  2.3690E+00   7.8509E-02
 1.6000E+02  1.6070E-01  2.3349E+00   7.8831E-02
 1.5800E+02  1.5565E-01  2.2998E+00   7.9653E-02
 1.5600E+02  1.5040E-01  2.2634E+00   8.1023E-02
 1.5400E+02  1.4490E-01  2.2253E+00   8.3003E-02
 1.5200E+02  1.3910E-01  2.1853E+00   8.5680E-02
 1.5000E+02  1.3293E-01  2.1429E+00   8.9169E-02
 1.4800E+02  1.2635E-01  2.0976E+00   9.3625E-02
 1.4600E+02  1.1925E-01  2.0487E+00   9.9258E-02
 1.4400E+02  1.1157E-01  1.9955E+00   1.0635E-01
 1.4200E+02  1.0318E-01  1.9371E+00   1.1530E-01
 1.4000E+02  9.3976E-02  1.8722E+00   1.2668E-01
 1.3800E+02  8.3852E-02  1.7992E+00   1.4132E-01
 1.3600E+02  7.2737E-02  1.7160E+00   1.6048E-01
 1.3400E+02  6.0707E-02  1.6197E+00   1.8618E-01
 1.3200E+02  4.8275E-02  1.5064E+00   2.2189E-01
 1.3000E+02  3.7272E-02  1.3704E+00   2.7392E-01
 1.2800E+02  3.3693E-02  1.2051E+00   3.5498E-01
 1.2600E+02  5.6589E-02  1.0079E+00   4.9170E-01
 1.2400E+02  1.4855E-01  8.0679E-01   7.2507E-01
 1.2200E+02  3.1026E-01  6.7218E-01   1.0498E+00
 1.2000E+02  4.6099E-01  6.2067E-01   1.4069E+00
 1.1800E+02  5.6827E-01  6.2689E-01   1.7780E+00
 1.1600E+02  6.3971E-01  6.7999E-01   2.1742E+00
 1.1400E+02  6.8615E-01  7.8737E-01   2.6154E+00
 1.1200E+02  7.1452E-01  9.7757E-01   3.1283E+00
 1.1000E+02  7.2791E-01  1.3202E+00   3.7450E+00
 1.0800E+02  7.2556E-01  1.9843E+00   4.4738E+00
 1.0600E+02  7.0149E-01  3.3321E+00   5.0875E+00
 1.0400E+02  6.4692E-01  5.3122E+00   4.5098E+00
 1.0200E+02  5.7565E-01  6.0481E+00   2.7082E+00
 1.0000E+02  5.1512E-01  5.6713E+00   1.5095E+00
 9.8000E+01  4.6983E-01  5.1875E+00   9.2360E-01
 9.6000E+01  4.3572E-01  4.8004E+00   6.1942E-01
 9.4000E+01  4.0927E-01  4.5055E+00   4.4477E-01
 9.2000E+01  3.8818E-01  4.2778E+00   3.3574E-01
 9.0000E+01  3.7096E-01  4.0980E+00   2.6312E-01
 8.8000E+01  3.5663E-01  3.9528E+00   2.1226E-01
 8.6000E+01  3.4450E-01  3.8333E+00   1.7520E-01
 8.4000E+01  3.3410E-01  3.7332E+00   1.4731E-01
 8.2000E+01  3.2508E-01  3.6481E+00   1.2575E-01
 8.0000E+01  3.1718E-01  3.5750E+00   1.0873E-01
 7.8000E+01  3.1020E-01  3.5115E+00   9.5015E-02
 7.6000E+01  3.0400E-01  3.4557E+00   8.3794E-02
 7.4000E+01  2.9845E-01  3.4065E+00   7.4480E-02
 7.2000E+01  2.9345E-01  3.3626E+00   6.6651E-02
 7.0000E+01  2.8894E-01  3.3234E+00   5.9996E-02
 6.8000E+01  2.8483E-01  3.2881E+00   5.4282E-02
 6.6000E+01  2.8109E-01  3.2561E+00   4.9331E-02
 6.4000E+01  2.7767E-01  3.2272E+00   4.5006E-02
 6.2000E+01  2.7454E-01  3.2008E+00   4.1199E-02
 6.0000E+01  2.7165E-01  3.1766E+00   3.7824E-02
 5.8000E+01  2.6900E-01  3.1545E+00   3.4814E-02
 5.6000E+01  2.6654E-01  3.1342E+00   3.2111E-02
 5.4000E+01  2.6427E-01  3.1155E+00   2.9672E-02
 5.2000E+01  2.6217E-01  3.0983E+00   2.7458E-02
 5.0000E+01  2.6023E-01  3.0824E+00   2.5439E-02
 4.8000E+01  2.5842E-01  3.0677E+00   2.3588E-02
 4.6000E+01  2.5674E-01  3.0541E+00   2.1885E-02
 4.4000E+01  2.5519E-01  3.0416E+00   2.0309E-02
 4.2000E+01  2.5374E-01  3.0299E+00   1.8847E-02
 4.0000E+01  2.5240E-01  3.0192E+00   1.7483E-02
 3.8000E+01  2.5116E-01  3.0092E+00   1.6207E-02
 3.6000E+01  2.5001E-01  3.0000E+00   1.5007E-02
 3.4000E+01  2.4895E-01  2.9915E+00   1.3877E-02
 3.2000E+01  2.4796E-01  2.9837E+00   1.2807E-02
 3.0000E+01  2.4706E-01  2.9765E+00   1.1790E-02
