From:	IO::"memilham@CRDEC-VAX4.ARPA" 16-JUN-1988 12:51
To:	HAL::DALTON
Subj:	Optical Constants: Biotite

Received: from CRDEC-VAX4.ARPA by ames-io.ARPA with INTERNET ;
          Thu, 16 Jun 88 12:49:59 PDT
Date:     Thu, 16 Jun 88 15:43:01 EDT
From:     "Merrill E. Milham" <memilham@CRDEC-VAX4.ARPA>
To:       dalton%hal@AMES-IO.ARPA
Subject:  Optical Constants: Biotite
Message-ID:  <8806161543.aa19925@CRDEC-VAX4.CRDEC-VAX4.ARPA>
 
BIOTITE  E // C-axis      M.R.QUERRY
       wl      wn      n-Dn    k-Dk     n       k      n+Dn    k-Dk
      (um)   (cm-1)
     2.5000  4000.0  1.5099  0.0178  1.5451  0.0193  1.7119  0.0269 BIOTITE C
     2.5000  4000.0  1.5099  0.0178  1.5451  0.0193  1.7119  0.0269 BIOTITE C
     2.5157  3975.0  1.5113  0.0179  1.5466  0.0194  1.7140  0.0271 BIOTITE C
     2.5316  3950.0  1.5136  0.0149  1.5491  0.0162  1.7175  0.0226 BIOTITE C
     2.5478  3925.0  1.5088  0.0142  1.5439  0.0154  1.7102  0.0214 BIOTITE C
     2.5641  3900.0  1.5112  0.0112  1.5465  0.0122  1.7139  0.0169 BIOTITE C
     2.5806  3875.0  1.5092  0.0118  1.5444  0.0128  1.7109  0.0178 BIOTITE C
     2.5974  3850.0  1.5070  0.0106  1.5420  0.0114  1.7076  0.0159 BIOTITE C
     2.6144  3825.0  1.5075  0.0125  1.5425  0.0136  1.7084  0.0189 BIOTITE C
     2.6316  3800.0  1.5070  0.0130  1.5420  0.0141  1.7076  0.0196 BIOTITE C
     2.6490  3775.0  1.5056  0.0095  1.5405  0.0103  1.7056  0.0144 BIOTITE C
     2.6667  3750.0  1.5052  0.0085  1.5400  0.0093  1.7048  0.0129 BIOTITE C
     2.6846  3725.0  1.4973  0.0134  1.5314  0.0145  1.6929  0.0201 BIOTITE C
     2.7027  3700.0  1.4886  0.0226  1.5221  0.0245  1.6799  0.0339 BIOTITE C
     2.7211  3675.0  1.5008  0.0450  1.5352  0.0487  1.6978  0.0677 BIOTITE C
     2.7397  3650.0  1.5265  0.0371  1.5631  0.0402  1.7369  0.0563 BIOTITE C
     2.7586  3625.0  1.5280  0.0197  1.5648  0.0213  1.7393  0.0299 BIOTITE C
     2.7778  3600.0  1.5229  0.0152  1.5592  0.0165  1.7316  0.0230 BIOTITE C
     2.7972  3575.0  1.5215  0.0130  1.5577  0.0141  1.7295  0.0197 BIOTITE C
     2.8169  3550.0  1.5158  0.0116  1.5516  0.0125  1.7209  0.0175 BIOTITE C
     2.8369  3525.0  1.5174  0.0112  1.5533  0.0122  1.7234  0.0170 BIOTITE C
     2.8571  3500.0  1.5160  0.0123  1.5517  0.0133  1.7211  0.0185 BIOTITE C
     2.8777  3475.0  1.5160  0.0089  1.5518  0.0097  1.7213  0.0135 BIOTITE C
     2.8986  3450.0  1.5163  0.0097  1.5521  0.0105  1.7216  0.0147 BIOTITE C
     2.9197  3425.0  1.5142  0.0082  1.5498  0.0089  1.7185  0.0124 BIOTITE C
     2.9412  3400.0  1.5150  0.0064  1.5507  0.0069  1.7197  0.0097 BIOTITE C
     2.9630  3375.0  1.5148  0.0078  1.5505  0.0085  1.7194  0.0118 BIOTITE C
     2.9851  3350.0  1.5139  0.0069  1.5494  0.0074  1.7180  0.0104 BIOTITE C
     3.0075  3325.0  1.5132  0.0040  1.5487  0.0043  1.7170  0.0060 BIOTITE C
     3.0303  3300.0  1.5153  0.0044  1.5510  0.0047  1.7201  0.0066 BIOTITE C
     3.0534  3275.0  1.5132  0.0060  1.5487  0.0065  1.7169  0.0091 BIOTITE C
     3.0769  3250.0  1.5132  0.0042  1.5487  0.0045  1.7170  0.0063 BIOTITE C
     3.1008  3225.0  1.5123  0.0045  1.5477  0.0049  1.7156  0.0069 BIOTITE C
     3.1250  3200.0  1.5111  0.0037  1.5464  0.0040  1.7137  0.0056 BIOTITE C
     3.1496  3175.0  1.5098  0.0009  1.5450  0.0010  1.7118  0.0014 BIOTITE C
     3.1746  3150.0  1.5103  0.0     1.5456  0.0     1.7126  0.0    BIOTITE C
     3.2000  3125.0  1.5090  0.0032  1.5442  0.0035  1.7107  0.0048 BIOTITE C
     3.2258  3100.0  1.5074  0.0010  1.5424  0.0011  1.7082  0.0015 BIOTITE C
     3.2520  3075.0  1.5083  0.0028  1.5434  0.0030  1.7096  0.0042 BIOTITE C
     3.2787  3050.0  1.5074  0.0035  1.5424  0.0037  1.7083  0.0052 BIOTITE C
     3.3058  3025.0  1.5052  0.0022  1.5401  0.0024  1.7050  0.0034 BIOTITE C
     3.3333  3000.0  1.5057  0.0038  1.5406  0.0041  1.7056  0.0057 BIOTITE C
     3.3613  2975.0  1.5050  0.0037  1.5398  0.0040  1.7046  0.0055 BIOTITE C
     3.3898  2950.0  1.5074  0.0028  1.5424  0.0030  1.7083  0.0042 BIOTITE C
     3.4188  2925.0  1.5117  0.0039  1.5471  0.0043  1.7147  0.0060 BIOTITE C
     3.4483  2900.0  1.5062  0.0     1.5411  0.0     1.7064  0.0    BIOTITE C
     3.4783  2875.0  1.5056  0.0011  1.5404  0.0012  1.7054  0.0017 BIOTITE C
     3.5088  2850.0  1.5077  0.0008  1.5428  0.0009  1.7087  0.0012 BIOTITE C
     3.5398  2825.0  1.5045  0.0     1.5393  0.0     1.7039  0.0    BIOTITE C
     3.5714  2800.0  1.5029  0.0     1.5375  0.0     1.7014  0.0    BIOTITE C
     3.6036  2775.0  1.5036  0.0     1.5383  0.0     1.7026  0.0    BIOTITE C
     3.6364  2750.0  1.5021  0.0004  1.5366  0.0004  1.7002  0.0006 BIOTITE C
     3.6697  2725.0  1.5007  0.0     1.5352  0.0     1.6982  0.0    BIOTITE C
     3.7037  2700.0  1.4983  0.0     1.5326  0.0     1.6945  0.0    BIOTITE C
     3.7383  2675.0  1.4987  0.0019  1.5330  0.0021  1.6951  0.0029 BIOTITE C
     3.7736  2650.0  1.4979  0.0009  1.5322  0.0010  1.6940  0.0014 BIOTITE C
     3.8095  2625.0  1.4987  0.0     1.5330  0.0     1.6952  0.0    BIOTITE C
     3.8462  2600.0  1.4989  0.0     1.5333  0.0     1.6955  0.0    BIOTITE C
     3.8835  2575.0  1.4974  0.0     1.5316  0.0     1.6932  0.0    BIOTITE C
     3.9216  2550.0  1.4956  0.0     1.5296  0.0     1.6905  0.0    BIOTITE C
     3.9604  2525.0  1.4936  0.0     1.5275  0.0     1.6875  0.0    BIOTITE C
     4.0000  2500.0  1.4936  0.0     1.5275  0.0     1.6875  0.0    BIOTITE C
     4.0404  2475.0  1.4924  0.0     1.5261  0.0     1.6856  0.0    BIOTITE C
     4.0816  2450.0  1.4927  0.0     1.5265  0.0     1.6861  0.0    BIOTITE C
     4.1237  2425.0  1.4916  0.0     1.5253  0.0     1.6844  0.0    BIOTITE C
     4.1667  2400.0  1.4884  0.0     1.5219  0.0     1.6797  0.0    BIOTITE C
     4.2105  2375.0  1.4882  0.0     1.5216  0.0     1.6794  0.0    BIOTITE C
     4.2553  2350.0  1.4875  0.0     1.5209  0.0     1.6783  0.0    BIOTITE C
     4.3011  2325.0  1.4876  0.0     1.5210  0.0     1.6785  0.0    BIOTITE C
     4.3478  2300.0  1.4871  0.0     1.5204  0.0     1.6777  0.0    BIOTITE C
     4.3956  2275.0  1.4857  0.0     1.5189  0.0     1.6756  0.0    BIOTITE C
     4.4444  2250.0  1.4861  0.0     1.5193  0.0     1.6762  0.0    BIOTITE C
     4.4944  2225.0  1.4814  0.0     1.5143  0.0     1.6692  0.0    BIOTITE C
     4.5455  2200.0  1.4813  0.0     1.5141  0.0     1.6690  0.0    BIOTITE C
     4.5977  2175.0  1.4816  0.0     1.5144  0.0     1.6694  0.0    BIOTITE C
     4.6512  2150.0  1.4787  0.0004  1.5113  0.0005  1.6651  0.0006 BIOTITE C
     4.7059  2125.0  1.4783  0.0     1.5109  0.0     1.6646  0.0    BIOTITE C
     4.7619  2100.0  1.4771  0.0     1.5096  0.0     1.6627  0.0    BIOTITE C
     4.8193  2075.0  1.4752  0.0     1.5075  0.0     1.6599  0.0    BIOTITE C
     4.8780  2050.0  1.4749  0.0002  1.5072  0.0002  1.6595  0.0003 BIOTITE C
     4.9383  2025.0  1.4708  0.0     1.5028  0.0     1.6534  0.0    BIOTITE C
     5.0000  2000.0  1.4715  0.0     1.5035  0.0     1.6543  0.0    BIOTITE C
     5.0251  1990.0  1.4695  0.0     1.5014  0.0     1.6515  0.0    BIOTITE C
     5.0505  1980.0  1.4672  0.0     1.4989  0.0     1.6479  0.0    BIOTITE C
     5.0761  1970.0  1.4681  0.0006  1.4999  0.0007  1.6493  0.0009 BIOTITE C
     5.1020  1960.0  1.4664  0.0     1.4980  0.0     1.6467  0.0    BIOTITE C
     5.1282  1950.0  1.4656  0.0018  1.4972  0.0020  1.6456  0.0027 BIOTITE C
     5.1546  1940.0  1.4664  0.0016  1.4980  0.0017  1.6468  0.0023 BIOTITE C
     5.1813  1930.0  1.4657  0.0009  1.4972  0.0010  1.6457  0.0013 BIOTITE C
     5.2083  1920.0  1.4651  0.0012  1.4966  0.0013  1.6448  0.0018 BIOTITE C
     5.2356  1910.0  1.4644  0.0     1.4959  0.0     1.6439  0.0    BIOTITE C
     5.2632  1900.0  1.4624  0.0007  1.4937  0.0008  1.6408  0.0011 BIOTITE C
     5.2910  1890.0  1.4616  0.0012  1.4928  0.0013  1.6396  0.0018 BIOTITE C
     5.3191  1880.0  1.4613  0.0028  1.4925  0.0030  1.6392  0.0042 BIOTITE C
     5.3476  1870.0  1.4616  0.0016  1.4928  0.0017  1.6396  0.0024 BIOTITE C
     5.3763  1860.0  1.4601  0.0021  1.4912  0.0023  1.6374  0.0032 BIOTITE C
     5.4054  1850.0  1.4604  0.0021  1.4915  0.0023  1.6379  0.0031 BIOTITE C
     5.4348  1840.0  1.4594  0.0005  1.4905  0.0005  1.6364  0.0007 BIOTITE C
     5.4645  1830.0  1.4571  0.0009  1.4880  0.0010  1.6330  0.0014 BIOTITE C
     5.4945  1820.0  1.4567  0.0017  1.4875  0.0019  1.6323  0.0026 BIOTITE C
     5.5249  1810.0  1.4556  0.0016  1.4863  0.0017  1.6307  0.0024 BIOTITE C
     5.5556  1800.0  1.4550  0.0021  1.4857  0.0022  1.6298  0.0031 BIOTITE C
     5.5866  1790.0  1.4541  0.0010  1.4848  0.0011  1.6285  0.0015 BIOTITE C
     5.6180  1780.0  1.4516  0.0009  1.4820  0.0010  1.6248  0.0014 BIOTITE C
     5.6497  1770.0  1.4500  0.0024  1.4803  0.0026  1.6225  0.0036 BIOTITE C
     5.6818  1760.0  1.4498  0.0032  1.4801  0.0035  1.6221  0.0048 BIOTITE C
     5.7143  1750.0  1.4493  0.0031  1.4796  0.0034  1.6214  0.0046 BIOTITE C
     5.7471  1740.0  1.4479  0.0033  1.4781  0.0036  1.6193  0.0049 BIOTITE C
     5.7803  1730.0  1.4484  0.0036  1.4786  0.0039  1.6201  0.0053 BIOTITE C
     5.8140  1720.0  1.4467  0.0017  1.4767  0.0018  1.6175  0.0025 BIOTITE C
     5.8480  1710.0  1.4441  0.0027  1.4740  0.0030  1.6137  0.0040 BIOTITE C
     5.8824  1700.0  1.4427  0.0034  1.4724  0.0037  1.6116  0.0051 BIOTITE C
     5.9172  1690.0  1.4425  0.0051  1.4722  0.0055  1.6113  0.0076 BIOTITE C
     5.9524  1680.0  1.4421  0.0036  1.4718  0.0039  1.6107  0.0054 BIOTITE C
     5.9880  1670.0  1.4392  0.0043  1.4687  0.0046  1.6065  0.0063 BIOTITE C
     6.0241  1660.0  1.4392  0.0050  1.4687  0.0054  1.6065  0.0073 BIOTITE C
     6.0606  1650.0  1.4392  0.0048  1.4686  0.0052  1.6064  0.0071 BIOTITE C
     6.0976  1640.0  1.4374  0.0037  1.4667  0.0040  1.6038  0.0055 BIOTITE C
     6.1350  1630.0  1.4357  0.0038  1.4649  0.0041  1.6013  0.0056 BIOTITE C
     6.1728  1620.0  1.4336  0.0022  1.4626  0.0023  1.5982  0.0032 BIOTITE C
     6.2112  1610.0  1.4306  0.0029  1.4593  0.0031  1.5937  0.0043 BIOTITE C
     6.2500  1600.0  1.4287  0.0046  1.4573  0.0050  1.5910  0.0068 BIOTITE C
     6.2893  1590.0  1.4284  0.0054  1.4570  0.0058  1.5906  0.0079 BIOTITE C
     6.3291  1580.0  1.4276  0.0041  1.4561  0.0044  1.5894  0.0060 BIOTITE C
     6.3694  1570.0  1.4254  0.0046  1.4538  0.0050  1.5861  0.0067 BIOTITE C
     6.4103  1560.0  1.4236  0.0034  1.4518  0.0037  1.5834  0.0050 BIOTITE C
     6.4516  1550.0  1.4199  0.0032  1.4478  0.0035  1.5781  0.0047 BIOTITE C
     6.4935  1540.0  1.4172  0.0042  1.4448  0.0046  1.5740  0.0062 BIOTITE C
     6.5359  1530.0  1.4156  0.0052  1.4432  0.0056  1.5717  0.0077 BIOTITE C
     6.5789  1520.0  1.4136  0.0057  1.4410  0.0062  1.5689  0.0084 BIOTITE C
     6.6225  1510.0  1.4118  0.0046  1.4390  0.0050  1.5661  0.0067 BIOTITE C
     6.6667  1500.0  1.4073  0.0059  1.4342  0.0064  1.5596  0.0086 BIOTITE C
     6.6845  1496.0  1.4070  0.0069  1.4339  0.0075  1.5592  0.0101 BIOTITE C
     6.7024  1492.0  1.4064  0.0069  1.4333  0.0075  1.5583  0.0101 BIOTITE C
     6.7204  1488.0  1.4054  0.0072  1.4322  0.0078  1.5568  0.0105 BIOTITE C
     6.7385  1484.0  1.4045  0.0075  1.4312  0.0081  1.5554  0.0110 BIOTITE C
     6.7568  1480.0  1.4034  0.0083  1.4300  0.0089  1.5539  0.0121 BIOTITE C
     6.7751  1476.0  1.4032  0.0091  1.4298  0.0098  1.5536  0.0132 BIOTITE C
     6.7935  1472.0  1.4038  0.0088  1.4304  0.0095  1.5545  0.0129 BIOTITE C
     6.8120  1468.0  1.4033  0.0077  1.4299  0.0083  1.5538  0.0112 BIOTITE C
     6.8306  1464.0  1.4019  0.0068  1.4284  0.0073  1.5517  0.0099 BIOTITE C
     6.8493  1460.0  1.4004  0.0062  1.4267  0.0066  1.5495  0.0090 BIOTITE C
     6.8681  1456.0  1.3979  0.0065  1.4241  0.0070  1.5459  0.0095 BIOTITE C
     6.8871  1452.0  1.3966  0.0073  1.4226  0.0079  1.5439  0.0107 BIOTITE C
     6.9061  1448.0  1.3959  0.0077  1.4219  0.0083  1.5429  0.0112 BIOTITE C
     6.9252  1444.0  1.3948  0.0080  1.4207  0.0086  1.5413  0.0116 BIOTITE C
     6.9444  1440.0  1.3936  0.0080  1.4194  0.0086  1.5395  0.0116 BIOTITE C
     6.9638  1436.0  1.3927  0.0080  1.4185  0.0086  1.5383  0.0117 BIOTITE C
     6.9832  1432.0  1.3912  0.0079  1.4168  0.0085  1.5361  0.0114 BIOTITE C
     7.0028  1428.0  1.3894  0.0084  1.4149  0.0091  1.5335  0.0122 BIOTITE C
     7.0225  1424.0  1.3888  0.0089  1.4143  0.0096  1.5326  0.0130 BIOTITE C
     7.0423  1420.0  1.3879  0.0089  1.4133  0.0096  1.5313  0.0130 BIOTITE C
     7.0621  1416.0  1.3866  0.0087  1.4119  0.0094  1.5293  0.0127 BIOTITE C
     7.0822  1412.0  1.3857  0.0084  1.4109  0.0091  1.5280  0.0122 BIOTITE C
     7.1023  1408.0  1.3838  0.0081  1.4088  0.0088  1.5253  0.0118 BIOTITE C
     7.1225  1404.0  1.3818  0.0086  1.4068  0.0092  1.5225  0.0125 BIOTITE C
     7.1429  1400.0  1.3809  0.0086  1.4057  0.0093  1.5211  0.0125 BIOTITE C
     7.1633  1396.0  1.3790  0.0086  1.4038  0.0092  1.5184  0.0124 BIOTITE C
     7.1839  1392.0  1.3770  0.0090  1.4015  0.0097  1.5154  0.0130 BIOTITE C
     7.2046  1388.0  1.3759  0.0094  1.4004  0.0102  1.5139  0.0137 BIOTITE C
     7.2254  1384.0  1.3746  0.0094  1.3990  0.0101  1.5121  0.0135 BIOTITE C
     7.2464  1380.0  1.3729  0.0090  1.3972  0.0096  1.5096  0.0129 BIOTITE C
     7.2674  1376.0  1.3706  0.0090  1.3947  0.0097  1.5062  0.0130 BIOTITE C
     7.2886  1372.0  1.3686  0.0096  1.3925  0.0103  1.5034  0.0138 BIOTITE C
     7.3099  1368.0  1.3666  0.0102  1.3904  0.0110  1.5005  0.0147 BIOTITE C
     7.3314  1364.0  1.3655  0.0105  1.3892  0.0112  1.4988  0.0151 BIOTITE C
     7.3529  1360.0  1.3636  0.0101  1.3872  0.0108  1.4961  0.0145 BIOTITE C
     7.3746  1356.0  1.3608  0.0103  1.3842  0.0111  1.4921  0.0148 BIOTITE C
     7.3964  1352.0  1.3584  0.0113  1.3815  0.0122  1.4886  0.0163 BIOTITE C
     7.4184  1348.0  1.3569  0.0122  1.3800  0.0131  1.4865  0.0176 BIOTITE C
     7.4405  1344.0  1.3548  0.0127  1.3777  0.0137  1.4834  0.0183 BIOTITE C
     7.4627  1340.0  1.3530  0.0136  1.3757  0.0146  1.4808  0.0195 BIOTITE C
     7.4850  1336.0  1.3521  0.0136  1.3747  0.0147  1.4795  0.0196 BIOTITE C
     7.5075  1332.0  1.3496  0.0135  1.3721  0.0145  1.4760  0.0194 BIOTITE C
     7.5301  1328.0  1.3470  0.0140  1.3693  0.0150  1.4722  0.0200 BIOTITE C
     7.5529  1324.0  1.3447  0.0147  1.3668  0.0158  1.4689  0.0211 BIOTITE C
     7.5758  1320.0  1.3423  0.0157  1.3642  0.0169  1.4654  0.0225 BIOTITE C
     7.5988  1316.0  1.3401  0.0171  1.3619  0.0184  1.4623  0.0245 BIOTITE C
     7.6220  1312.0  1.3395  0.0174  1.3612  0.0187  1.4614  0.0250 BIOTITE C
     7.6453  1308.0  1.3375  0.0168  1.3591  0.0181  1.4586  0.0241 BIOTITE C
     7.6687  1304.0  1.3342  0.0169  1.3555  0.0181  1.4539  0.0241 BIOTITE C
     7.6923  1300.0  1.3311  0.0178  1.3523  0.0191  1.4495  0.0254 BIOTITE C
     7.7160  1296.0  1.3284  0.0192  1.3494  0.0206  1.4456  0.0274 BIOTITE C
     7.7399  1292.0  1.3262  0.0208  1.3470  0.0223  1.4424  0.0297 BIOTITE C
     7.7640  1288.0  1.3252  0.0213  1.3458  0.0229  1.4410  0.0304 BIOTITE C
     7.7882  1284.0  1.3234  0.0208  1.3439  0.0223  1.4384  0.0296 BIOTITE C
     7.8125  1280.0  1.3200  0.0205  1.3403  0.0220  1.4336  0.0292 BIOTITE C
     7.8370  1276.0  1.3160  0.0214  1.3360  0.0230  1.4279  0.0304 BIOTITE C
     7.8616  1272.0  1.3132  0.0230  1.3330  0.0247  1.4239  0.0327 BIOTITE C
     7.8864  1268.0  1.3102  0.0245  1.3298  0.0263  1.4197  0.0348 BIOTITE C
     7.9114  1264.0  1.3081  0.0257  1.3276  0.0275  1.4167  0.0364 BIOTITE C
     7.9365  1260.0  1.3063  0.0261  1.3256  0.0280  1.4141  0.0370 BIOTITE C
     7.9618  1256.0  1.3032  0.0262  1.3223  0.0281  1.4097  0.0370 BIOTITE C
     7.9872  1252.0  1.2996  0.0267  1.3184  0.0287  1.4046  0.0378 BIOTITE C
     8.0128  1248.0  1.2963  0.0277  1.3149  0.0297  1.3999  0.0392 BIOTITE C
     8.0386  1244.0  1.2927  0.0290  1.3110  0.0310  1.3948  0.0409 BIOTITE C
     8.0645  1240.0  1.2897  0.0303  1.3078  0.0325  1.3906  0.0427 BIOTITE C
     8.0906  1236.0  1.2863  0.0312  1.3042  0.0334  1.3858  0.0439 BIOTITE C
     8.1169  1232.0  1.2828  0.0323  1.3004  0.0346  1.3808  0.0455 BIOTITE C
     8.1433  1228.0  1.2792  0.0339  1.2966  0.0363  1.3758  0.0476 BIOTITE C
     8.1699  1224.0  1.2757  0.0357  1.2928  0.0383  1.3708  0.0502 BIOTITE C
     8.1967  1220.0  1.2737  0.0369  1.2906  0.0395  1.3680  0.0518 BIOTITE C
     8.2237  1216.0  1.2706  0.0369  1.2873  0.0395  1.3636  0.0517 BIOTITE C
     8.2508  1212.0  1.2662  0.0372  1.2826  0.0398  1.3575  0.0520 BIOTITE C
     8.2781  1208.0  1.2614  0.0385  1.2775  0.0412  1.3507  0.0538 BIOTITE C
     8.3056  1204.0  1.2576  0.0402  1.2734  0.0430  1.3454  0.0561 BIOTITE C
     8.3333  1200.0  1.2538  0.0413  1.2693  0.0441  1.3401  0.0575 BIOTITE C
     8.3612  1196.0  1.2499  0.0417  1.2652  0.0446  1.3347  0.0581 BIOTITE C
     8.3893  1192.0  1.2451  0.0422  1.2600  0.0450  1.3280  0.0586 BIOTITE C
     8.4175  1188.0  1.2394  0.0432  1.2539  0.0461  1.3200  0.0599 BIOTITE C
     8.4459  1184.0  1.2341  0.0449  1.2483  0.0480  1.3126  0.0622 BIOTITE C
     8.4746  1180.0  1.2295  0.0456  1.2433  0.0487  1.3062  0.0632 BIOTITE C
     8.5034  1176.0  1.2228  0.0466  1.2363  0.0497  1.2970  0.0643 BIOTITE C
     8.5324  1172.0  1.2164  0.0481  1.2294  0.0513  1.2882  0.0662 BIOTITE C
     8.5616  1168.0  1.2095  0.0500  1.2221  0.0533  1.2787  0.0688 BIOTITE C
     8.5911  1164.0  1.2023  0.0526  1.2143  0.0561  1.2686  0.0722 BIOTITE C
     8.6207  1160.0  1.1956  0.0555  1.2073  0.0592  1.2595  0.0760 BIOTITE C
     8.6505  1156.0  1.1899  0.0577  1.2012  0.0614  1.2517  0.0788 BIOTITE C
     8.6806  1152.0  1.1818  0.0594  1.1925  0.0633  1.2404  0.0810 BIOTITE C
     8.7108  1148.0  1.1741  0.0619  1.1843  0.0659  1.2300  0.0842 BIOTITE C
     8.7413  1144.0  1.1650  0.0647  1.1746  0.0688  1.2175  0.0877 BIOTITE C
     8.7719  1140.0  1.1553  0.0686  1.1642  0.0729  1.2042  0.0927 BIOTITE C
     8.8028  1136.0  1.1470  0.0730  1.1554  0.0776  1.1929  0.0985 BIOTITE C
     8.8339  1132.0  1.1384  0.0765  1.1463  0.0812  1.1812  0.1029 BIOTITE C
     8.8652  1128.0  1.1267  0.0797  1.1338  0.0846  1.1654  0.1069 BIOTITE C
     8.8968  1124.0  1.1150  0.0855  1.1214  0.0907  1.1496  0.1143 BIOTITE C
     8.9286  1120.0  1.1030  0.0919  1.1086  0.0974  1.1333  0.1223 BIOTITE C
     8.9606  1116.0  1.0906  0.0992  1.0955  0.1051  1.1166  0.1316 BIOTITE C
     8.9928  1112.0  1.0783  0.1075  1.0824  0.1138  1.1000  0.1420 BIOTITE C
     9.0253  1108.0  1.0660  0.1164  1.0693  0.1231  1.0834  0.1532 BIOTITE C
     9.0580  1104.0  1.0515  0.1255  1.0539  0.1327  1.0639  0.1645 BIOTITE C
     9.0909  1100.0  1.0370  0.1387  1.0385  0.1465  1.0443  0.1810 BIOTITE C
     9.1241  1096.0  1.0246  0.1547  1.0252  0.1633  1.0272  0.2011 BIOTITE C
     9.1575  1092.0  1.0141  0.1726  1.0140  0.1821  1.0125  0.2237 BIOTITE C
     9.1912  1088.0  1.0070  0.1919  1.0063  0.2024  1.0020  0.2481 BIOTITE C
     9.2251  1084.0  1.0030  0.2115  1.0019  0.2229  0.9953  0.2730 BIOTITE C
     9.2593  1080.0  1.0015  0.2285  1.0001  0.2409  0.9919  0.2948 BIOTITE C
     9.2937  1076.0  1.0012  0.2432  0.9995  0.2564  0.9902  0.3137 BIOTITE C
     9.3284  1072.0  1.0010  0.2546  0.9991  0.2684  0.9888  0.3284 BIOTITE C
     9.3633  1068.0  0.9990  0.2629  0.9969  0.2771  0.9854  0.3388 BIOTITE C
     9.3985  1064.0  0.9938  0.2685  0.9914  0.2829  0.9782  0.3456 BIOTITE C
     9.4340  1060.0  0.9841  0.2731  0.9811  0.2876  0.9653  0.3504 BIOTITE C
     9.4697  1056.0  0.9702  0.2788  0.9663  0.2934  0.9469  0.3563 BIOTITE C
     9.5057  1052.0  0.9525  0.2872  0.9476  0.3019  0.9236  0.3650 BIOTITE C
     9.5420  1048.0  0.9319  0.2983  0.9257  0.3133  0.8963  0.3768 BIOTITE C
     9.5785  1044.0  0.9082  0.3133  0.9006  0.3286  0.8648  0.3930 BIOTITE C
     9.6154  1040.0  0.8819  0.3332  0.8727  0.3490  0.8298  0.4146 BIOTITE C
     9.6525  1036.0  0.8535  0.3590  0.8425  0.3754  0.7915  0.4429 BIOTITE C
     9.6899  1032.0  0.8237  0.3920  0.8106  0.4092  0.7506  0.4793 BIOTITE C
     9.7276  1028.0  0.7934  0.4334  0.7780  0.4517  0.7080  0.5249 BIOTITE C
     9.7656  1024.0  0.7642  0.4854  0.7462  0.5051  0.6646  0.5826 BIOTITE C
     9.8039  1020.0  0.7394  0.5505  0.7185  0.5720  0.6237  0.6554 BIOTITE C
     9.8425  1016.0  0.7252  0.6277  0.7012  0.6517  0.5917  0.7432 BIOTITE C
     9.8814  1012.0  0.7264  0.7127  0.6992  0.7400  0.5742  0.8425 BIOTITE C
     9.9206  1008.0  0.7448  0.7979  0.7146  0.8292  0.5741  0.9458 BIOTITE C
     9.9602  1004.0  0.7774  0.8764  0.7449  0.9124  0.5901  1.0459 BIOTITE C
    10.0000  1000.0  0.8188  0.9450  0.7844  0.9859  0.6171  1.1381 BIOTITE C
    10.0200   998.0  0.8410  0.9762  0.8058  1.0196  0.6327  1.1817 BIOTITE C
    10.0402   996.0  0.8634  1.0061  0.8275  1.0521  0.6487  1.2242 BIOTITE C
    10.0604   994.0  0.8859  1.0351  0.8495  1.0838  0.6649  1.2661 BIOTITE C
    10.0806   992.0  0.9090  1.0640  0.8718  1.1154  0.6814  1.3084 BIOTITE C
    10.1010   990.0  0.9326  1.0932  0.8948  1.1474  0.6982  1.3516 BIOTITE C
    10.1215   988.0  0.9572  1.1230  0.9187  1.1802  0.7155  1.3963 BIOTITE C
    10.1420   986.0  0.9832  1.1536  0.9440  1.2140  0.7340  1.4429 BIOTITE C
    10.1626   984.0  1.0116  1.1851  0.9718  1.2491  0.7544  1.4921 BIOTITE C
    10.1833   982.0  1.0429  1.2176  1.0025  1.2854  0.7775  1.5442 BIOTITE C
    10.2041   980.0  1.0777  1.2505  1.0368  1.3226  0.8042  1.5991 BIOTITE C
    10.2249   978.0  1.1166  1.2832  1.0754  1.3599  0.8354  1.6564 BIOTITE C
    10.2459   976.0  1.1601  1.3151  1.1191  1.3970  0.8723  1.7160 BIOTITE C
    10.2669   974.0  1.2088  1.3451  1.1685  1.4326  0.9161  1.7770 BIOTITE C
    10.2881   972.0  1.2626  1.3718  1.2235  1.4653  0.9677  1.8379 BIOTITE C
    10.3093   970.0  1.3210  1.3939  1.2841  1.4936  1.0278  1.8972 BIOTITE C
    10.3306   968.0  1.3837  1.4099  1.3499  1.5159  1.0971  1.9529 BIOTITE C
    10.3520   966.0  1.4494  1.4187  1.4197  1.5308  1.1753  2.0027 BIOTITE C
    10.3734   964.0  1.5162  1.4196  1.4916  1.5375  1.2609  2.0445 BIOTITE C
    10.3950   962.0  1.5821  1.4127  1.5635  1.5356  1.3518  2.0766 BIOTITE C
    10.4167   960.0  1.6458  1.3983  1.6338  1.5253  1.4464  2.0980 BIOTITE C
    10.4384   958.0  1.7060  1.3774  1.7012  1.5076  1.5424  2.1087 BIOTITE C
    10.4603   956.0  1.7616  1.3513  1.7641  1.4838  1.6373  2.1089 BIOTITE C
    10.4822   954.0  1.8122  1.3214  1.8221  1.4550  1.7295  2.0998 BIOTITE C
    10.5042   952.0  1.8582  1.2885  1.8754  1.4226  1.8186  2.0826 BIOTITE C
    10.5263   950.0  1.9003  1.2539  1.9244  1.3878  1.9041  2.0592 BIOTITE C
    10.5485   948.0  1.9383  1.2179  1.9693  1.3508  1.9858  2.0298 BIOTITE C
    10.5708   946.0  1.9726  1.1807  2.0099  1.3122  2.0630  1.9950 BIOTITE C
    10.5932   944.0  2.0034  1.1429  2.0469  1.2724  2.1361  1.9556 BIOTITE C
    10.6157   942.0  2.0309  1.1041  2.0802  1.2313  2.2049  1.9114 BIOTITE C
    10.6383   940.0  2.0548  1.0648  2.1094  1.1890  2.2685  1.8626 BIOTITE C
    10.6610   938.0  2.0748  1.0251  2.1344  1.1461  2.3260  1.8098 BIOTITE C
    10.6838   936.0  2.0913  0.9856  2.1553  1.1031  2.3772  1.7539 BIOTITE C
    10.7066   934.0  2.1043  0.9465  2.1722  1.0601  2.4221  1.6955 BIOTITE C
    10.7296   932.0  2.1140  0.9085  2.1852  1.0181  2.4602  1.6362 BIOTITE C
    10.7527   930.0  2.1204  0.8720  2.1945  0.9777  2.4913  1.5771 BIOTITE C
    10.7759   928.0  2.1243  0.8375  2.2007  0.9393  2.5164  1.5194 BIOTITE C
    10.7991   926.0  2.1261  0.8050  2.2044  0.9029  2.5363  1.4637 BIOTITE C
    10.8225   924.0  2.1263  0.7746  2.2061  0.8688  2.5516  1.4105 BIOTITE C
    10.8460   922.0  2.1251  0.7464  2.2061  0.8371  2.5629  1.3603 BIOTITE C
    10.8696   920.0  2.1231  0.7201  2.2052  0.8077  2.5716  1.3132 BIOTITE C
    10.8932   918.0  2.1211  0.6956  2.2039  0.7800  2.5789  1.2687 BIOTITE C
    10.9170   916.0  2.1190  0.6724  2.2026  0.7540  2.5852  1.2268 BIOTITE C
    10.9409   914.0  2.1168  0.6506  2.2011  0.7294  2.5905  1.1872 BIOTITE C
    10.9649   912.0  2.1149  0.6298  2.1997  0.7060  2.5955  1.1493 BIOTITE C
    10.9890   910.0  2.1131  0.6095  2.1985  0.6833  2.6002  1.1125 BIOTITE C
    11.0132   908.0  2.1113  0.5897  2.1973  0.6611  2.6046  1.0766 BIOTITE C
    11.0375   906.0  2.1094  0.5704  2.1958  0.6393  2.6082  1.0412 BIOTITE C
    11.0619   904.0  2.1071  0.5511  2.1940  0.6176  2.6110  1.0059 BIOTITE C
    11.0865   902.0  2.1048  0.5320  2.1920  0.5962  2.6133  0.9709 BIOTITE C
    11.1111   900.0  2.1016  0.5129  2.1891  0.5746  2.6139  0.9355 BIOTITE C
    11.1359   898.0  2.0974  0.4941  2.1850  0.5535  2.6124  0.9005 BIOTITE C
    11.1607   896.0  2.0926  0.4762  2.1801  0.5333  2.6093  0.8668 BIOTITE C
    11.1857   894.0  2.0871  0.4589  2.1745  0.5138  2.6045  0.8342 BIOTITE C
    11.2108   892.0  2.0808  0.4424  2.1680  0.4952  2.5979  0.8029 BIOTITE C
    11.2360   890.0  2.0737  0.4270  2.1604  0.4777  2.5893  0.7733 BIOTITE C
    11.2613   888.0  2.0661  0.4129  2.1523  0.4617  2.5795  0.7459 BIOTITE C
    11.2867   886.0  2.0588  0.3999  2.1444  0.4470  2.5696  0.7209 BIOTITE C
    11.3122   884.0  2.0516  0.3878  2.1366  0.4333  2.5598  0.6975 BIOTITE C
    11.3379   882.0  2.0447  0.3767  2.1292  0.4207  2.5502  0.6761 BIOTITE C
    11.3636   880.0  2.0382  0.3665  2.1222  0.4092  2.5409  0.6564 BIOTITE C
    11.3895   878.0  2.0322  0.3569  2.1158  0.3984  2.5325  0.6382 BIOTITE C
    11.4155   876.0  2.0272  0.3479  2.1103  0.3882  2.5255  0.6211 BIOTITE C
    11.4416   874.0  2.0229  0.3391  2.1057  0.3783  2.5197  0.6047 BIOTITE C
    11.4679   872.0  2.0195  0.3304  2.1021  0.3685  2.5155  0.5885 BIOTITE C
    11.4943   870.0  2.0169  0.3213  2.0994  0.3583  2.5127  0.5719 BIOTITE C
    11.5207   868.0  2.0149  0.3116  2.0974  0.3474  2.5111  0.5543 BIOTITE C
    11.5473   866.0  2.0130  0.3011  2.0955  0.3358  2.5096  0.5355 BIOTITE C
    11.5741   864.0  2.0113  0.2902  2.0938  0.3235  2.5086  0.5158 BIOTITE C
    11.6009   862.0  2.0101  0.2785  2.0926  0.3105  2.5085  0.4950 BIOTITE C
    11.6279   860.0  2.0088  0.2658  2.0914  0.2963  2.5084  0.4723 BIOTITE C
    11.6550   858.0  2.0068  0.2520  2.0895  0.2809  2.5071  0.4475 BIOTITE C
    11.6822   856.0  2.0041  0.2374  2.0866  0.2646  2.5043  0.4212 BIOTITE C
    11.7096   854.0  2.0001  0.2219  2.0824  0.2473  2.4994  0.3933 BIOTITE C
    11.7371   852.0  1.9950  0.2058  2.0770  0.2292  2.4926  0.3642 BIOTITE C
    11.7647   850.0  1.9886  0.1892  2.0700  0.2107  2.4833  0.3342 BIOTITE C
    11.7925   848.0  1.9805  0.1725  2.0612  0.1920  2.4709  0.3039 BIOTITE C
    11.8203   846.0  1.9708  0.1560  2.0506  0.1736  2.4555  0.2740 BIOTITE C
    11.8483   844.0  1.9593  0.1400  2.0379  0.1557  2.4367  0.2449 BIOTITE C
    11.8765   842.0  1.9461  0.1248  2.0234  0.1386  2.4149  0.2174 BIOTITE C
    11.9048   840.0  1.9315  0.1106  2.0072  0.1228  2.3905  0.1917 BIOTITE C
    11.9332   838.0  1.9156  0.0976  1.9897  0.1082  2.3639  0.1682 BIOTITE C
    11.9617   836.0  1.8986  0.0856  1.9709  0.0948  2.3353  0.1467 BIOTITE C
    11.9904   834.0  1.8807  0.0748  1.9511  0.0827  2.3051  0.1274 BIOTITE C
    12.0192   832.0  1.8618  0.0653  1.9303  0.0722  2.2734  0.1105 BIOTITE C
    12.0482   830.0  1.8418  0.0573  1.9082  0.0633  2.2400  0.0964 BIOTITE C
    12.0773   828.0  1.8206  0.0511  1.8849  0.0564  2.2047  0.0853 BIOTITE C
    12.1065   826.0  1.7989  0.0468  1.8609  0.0516  2.1686  0.0776 BIOTITE C
    12.1359   824.0  1.7768  0.0446  1.8366  0.0491  2.1323  0.0735 BIOTITE C
    12.1655   822.0  1.7545  0.0445  1.8121  0.0490  2.0957  0.0728 BIOTITE C
    12.1951   820.0  1.7319  0.0465  1.7873  0.0510  2.0589  0.0754 BIOTITE C
    12.2249   818.0  1.7099  0.0506  1.7631  0.0555  2.0232  0.0815 BIOTITE C
    12.2549   816.0  1.6883  0.0568  1.7394  0.0622  1.9884  0.0908 BIOTITE C
    12.2850   814.0  1.6675  0.0648  1.7166  0.0709  1.9549  0.1029 BIOTITE C
    12.3153   812.0  1.6480  0.0745  1.6953  0.0814  1.9237  0.1175 BIOTITE C
    12.3457   810.0  1.6292  0.0856  1.6747  0.0934  1.8938  0.1342 BIOTITE C
    12.3762   808.0  1.6115  0.0981  1.6553  0.1070  1.8655  0.1530 BIOTITE C
    12.4069   806.0  1.5946  0.1120  1.6368  0.1220  1.8385  0.1737 BIOTITE C
    12.4378   804.0  1.5789  0.1273  1.6197  0.1386  1.8134  0.1964 BIOTITE C
    12.4688   802.0  1.5644  0.1439  1.6037  0.1565  1.7899  0.2209 BIOTITE C
    12.5000   800.0  1.5515  0.1619  1.5895  0.1759  1.7688  0.2475 BIOTITE C
    12.5313   798.0  1.5400  0.1812  1.5768  0.1968  1.7497  0.2760 BIOTITE C
    12.5628   796.0  1.5301  0.2017  1.5658  0.2190  1.7327  0.3062 BIOTITE C
    12.5945   794.0  1.5225  0.2235  1.5573  0.2425  1.7190  0.3384 BIOTITE C
    12.6263   792.0  1.5172  0.2463  1.5513  0.2672  1.7085  0.3722 BIOTITE C
    12.6582   790.0  1.5144  0.2697  1.5478  0.2925  1.7014  0.4070 BIOTITE C
    12.6904   788.0  1.5152  0.2939  1.5482  0.3187  1.6992  0.4435 BIOTITE C
    12.7226   786.0  1.5190  0.3180  1.5519  0.3449  1.7014  0.4802 BIOTITE C
    12.7551   784.0  1.5259  0.3416  1.5590  0.3707  1.7081  0.5169 BIOTITE C
    12.7877   782.0  1.5363  0.3648  1.5698  0.3961  1.7199  0.5536 BIOTITE C
    12.8205   780.0  1.5500  0.3868  1.5841  0.4203  1.7365  0.5892 BIOTITE C
    12.8535   778.0  1.5668  0.4071  1.6019  0.4428  1.7581  0.6233 BIOTITE C
    12.8866   776.0  1.5865  0.4253  1.6229  0.4631  1.7843  0.6550 BIOTITE C
    12.9199   774.0  1.6086  0.4410  1.6466  0.4807  1.8148  0.6838 BIOTITE C
    12.9534   772.0  1.6329  0.4537  1.6727  0.4952  1.8493  0.7088 BIOTITE C
    12.9870   770.0  1.6589  0.4632  1.7008  0.5063  1.8875  0.7295 BIOTITE C
    13.0208   768.0  1.6861  0.4692  1.7305  0.5136  1.9287  0.7454 BIOTITE C
    13.0548   766.0  1.7140  0.4716  1.7609  0.5170  1.9720  0.7559 BIOTITE C
    13.0890   764.0  1.7420  0.4702  1.7917  0.5164  2.0169  0.7608 BIOTITE C
    13.1234   762.0  1.7698  0.4652  1.8224  0.5116  2.0629  0.7595 BIOTITE C
    13.1579   760.0  1.7969  0.4562  1.8524  0.5025  2.1091  0.7518 BIOTITE C
    13.1926   758.0  1.8224  0.4434  1.8809  0.4891  2.1540  0.7371 BIOTITE C
    13.2275   756.0  1.8456  0.4269  1.9069  0.4716  2.1961  0.7155 BIOTITE C
    13.2626   754.0  1.8659  0.4073  1.9299  0.4503  2.2346  0.6875 BIOTITE C
    13.2979   752.0  1.8828  0.3850  1.9491  0.4261  2.2679  0.6539 BIOTITE C
    13.3333   750.0  1.8955  0.3609  1.9637  0.3998  2.2946  0.6160 BIOTITE C
    13.3690   748.0  1.9041  0.3361  1.9737  0.3725  2.3141  0.5756 BIOTITE C
    13.4048   746.0  1.9088  0.3114  1.9795  0.3452  2.3268  0.5343 BIOTITE C
    13.4409   744.0  1.9101  0.2871  1.9813  0.3183  2.3331  0.4931 BIOTITE C
    13.4771   742.0  1.9082  0.2639  1.9796  0.2926  2.3336  0.4531 BIOTITE C
    13.5135   740.0  1.9032  0.2420  1.9744  0.2682  2.3283  0.4150 BIOTITE C
    13.5501   738.0  1.8956  0.2217  1.9663  0.2456  2.3180  0.3792 BIOTITE C
    13.5870   736.0  1.8863  0.2032  1.9563  0.2250  2.3045  0.3466 BIOTITE C
    13.6240   734.0  1.8758  0.1867  1.9449  0.2066  2.2886  0.3173 BIOTITE C
    13.6612   732.0  1.8637  0.1719  1.9316  0.1901  2.2695  0.2911 BIOTITE C
    13.6986   730.0  1.8503  0.1592  1.9170  0.1759  2.2481  0.2683 BIOTITE C
    13.7363   728.0  1.8362  0.1484  1.9014  0.1639  2.2253  0.2491 BIOTITE C
    13.7741   726.0  1.8215  0.1397  1.8853  0.1541  2.2014  0.2332 BIOTITE C
    13.8122   724.0  1.8067  0.1327  1.8691  0.1463  2.1774  0.2205 BIOTITE C
    13.8504   722.0  1.7922  0.1272  1.8531  0.1401  2.1537  0.2104 BIOTITE C
    13.8889   720.0  1.7777  0.1229  1.8372  0.1353  2.1302  0.2023 BIOTITE C
    13.9276   718.0  1.7634  0.1198  1.8215  0.1318  2.1069  0.1963 BIOTITE C
    13.9665   716.0  1.7491  0.1180  1.8058  0.1296  2.0837  0.1923 BIOTITE C
    14.0056   714.0  1.7347  0.1171  1.7899  0.1285  2.0602  0.1900 BIOTITE C
    14.0449   712.0  1.7207  0.1171  1.7746  0.1285  2.0376  0.1892 BIOTITE C
    14.0845   710.0  1.7066  0.1180  1.7591  0.1293  2.0148  0.1897 BIOTITE C
    14.1243   708.0  1.6914  0.1199  1.7425  0.1313  1.9904  0.1918 BIOTITE C
    14.1643   706.0  1.6753  0.1232  1.7248  0.1348  1.9645  0.1961 BIOTITE C
    14.2045   704.0  1.6592  0.1286  1.7071  0.1406  1.9386  0.2036 BIOTITE C
    14.2450   702.0  1.6428  0.1364  1.6892  0.1490  1.9123  0.2148 BIOTITE C
    14.2857   700.0  1.6262  0.1469  1.6710  0.1603  1.8854  0.2301 BIOTITE C
    14.3266   698.0  1.6100  0.1606  1.6532  0.1751  1.8591  0.2501 BIOTITE C
    14.3678   696.0  1.5951  0.1774  1.6367  0.1933  1.8345  0.2751 BIOTITE C
    14.4092   694.0  1.5827  0.1974  1.6230  0.2149  1.8135  0.3047 BIOTITE C
    14.4509   692.0  1.5737  0.2197  1.6130  0.2390  1.7974  0.3381 BIOTITE C
    14.4928   690.0  1.5695  0.2437  1.6080  0.2650  1.7882  0.3744 BIOTITE C
    14.5349   688.0  1.5712  0.2684  1.6095  0.2919  1.7877  0.4124 BIOTITE C
    14.5773   686.0  1.5782  0.2922  1.6167  0.3180  1.7951  0.4499 BIOTITE C
    14.6199   684.0  1.5898  0.3138  1.6290  0.3418  1.8097  0.4849 BIOTITE C
    14.6628   682.0  1.6057  0.3326  1.6459  0.3625  1.8312  0.5163 BIOTITE C
    14.7059   680.0  1.6252  0.3476  1.6669  0.3793  1.8588  0.5429 BIOTITE C
    14.7493   678.0  1.6472  0.3583  1.6907  0.3914  1.8912  0.5635 BIOTITE C
    14.7929   676.0  1.6700  0.3642  1.7155  0.3984  1.9259  0.5769 BIOTITE C
    14.8368   674.0  1.6916  0.3654  1.7390  0.4002  1.9596  0.5829 BIOTITE C
    14.8810   672.0  1.7108  0.3629  1.7601  0.3979  1.9906  0.5826 BIOTITE C
    14.9254   670.0  1.7279  0.3583  1.7790  0.3931  2.0189  0.5784 BIOTITE C
    14.9701   668.0  1.7423  0.3518  1.7949  0.3864  2.0432  0.5707 BIOTITE C
    15.0150   666.0  1.7539  0.3444  1.8079  0.3785  2.0634  0.5609 BIOTITE C
    15.0602   664.0  1.7638  0.3369  1.8189  0.3705  2.0807  0.5506 BIOTITE C
    15.1057   662.0  1.7722  0.3297  1.8283  0.3626  2.0958  0.5403 BIOTITE C
    15.1515   660.0  1.7792  0.3223  1.8361  0.3547  2.1084  0.5295 BIOTITE C
    15.1976   658.0  1.7851  0.3153  1.8428  0.3471  2.1194  0.5190 BIOTITE C
    15.2439   656.0  1.7905  0.3085  1.8489  0.3398  2.1294  0.5089 BIOTITE C
    15.2905   654.0  1.7960  0.3021  1.8550  0.3328  2.1395  0.4993 BIOTITE C
    15.3374   652.0  1.8014  0.2955  1.8611  0.3256  2.1494  0.4893 BIOTITE C
    15.3846   650.0  1.8062  0.2884  1.8665  0.3179  2.1585  0.4783 BIOTITE C
    15.4321   648.0  1.8105  0.2811  1.8713  0.3099  2.1667  0.4669 BIOTITE C
    15.4799   646.0  1.8146  0.2737  1.8761  0.3018  2.1747  0.4553 BIOTITE C
    15.5280   644.0  1.8184  0.2658  1.8803  0.2931  2.1821  0.4428 BIOTITE C
    15.5763   642.0  1.8217  0.2574  1.8841  0.2839  2.1888  0.4293 BIOTITE C
    15.6250   640.0  1.8247  0.2486  1.8875  0.2742  2.1950  0.4150 BIOTITE C
    15.6740   638.0  1.8264  0.2393  1.8896  0.2641  2.1992  0.3999 BIOTITE C
    15.7233   636.0  1.8271  0.2299  1.8905  0.2537  2.2015  0.3843 BIOTITE C
    15.7729   634.0  1.8268  0.2205  1.8902  0.2433  2.2021  0.3685 BIOTITE C
    15.8228   632.0  1.8255  0.2114  1.8890  0.2332  2.2012  0.3532 BIOTITE C
    15.8730   630.0  1.8236  0.2027  1.8870  0.2236  2.1990  0.3385 BIOTITE C
    15.9236   628.0  1.8209  0.1944  1.8841  0.2145  2.1955  0.3244 BIOTITE C
    15.9744   626.0  1.8175  0.1864  1.8805  0.2056  2.1907  0.3108 BIOTITE C
    16.0256   624.0  1.8140  0.1789  1.8767  0.1973  2.1855  0.2979 BIOTITE C
    16.0772   622.0  1.8099  0.1718  1.8723  0.1894  2.1794  0.2858 BIOTITE C
    16.1290   620.0  1.8051  0.1649  1.8670  0.1818  2.1720  0.2739 BIOTITE C
    16.1812   618.0  1.8000  0.1584  1.8615  0.1746  2.1642  0.2627 BIOTITE C
    16.2338   616.0  1.7950  0.1524  1.8560  0.1679  2.1564  0.2523 BIOTITE C
    16.2866   614.0  1.7892  0.1467  1.8497  0.1616  2.1474  0.2424 BIOTITE C
    16.3399   612.0  1.7829  0.1414  1.8428  0.1556  2.1374  0.2331 BIOTITE C
    16.3934   610.0  1.7767  0.1364  1.8360  0.1501  2.1275  0.2244 BIOTITE C
    16.4474   608.0  1.7699  0.1318  1.8286  0.1450  2.1168  0.2165 BIOTITE C
    16.5017   606.0  1.7621  0.1278  1.8200  0.1405  2.1043  0.2093 BIOTITE C
    16.5563   604.0  1.7542  0.1245  1.8114  0.1369  2.0915  0.2034 BIOTITE C
    16.6113   602.0  1.7467  0.1219  1.8031  0.1339  2.0795  0.1986 BIOTITE C
    16.6667   600.0  1.7392  0.1197  1.7949  0.1315  2.0675  0.1946 BIOTITE C
    16.7224   598.0  1.7312  0.1180  1.7861  0.1295  2.0546  0.1913 BIOTITE C
    16.7785   596.0  1.7230  0.1168  1.7771  0.1281  2.0413  0.1888 BIOTITE C
    16.8350   594.0  1.7149  0.1161  1.7683  0.1273  2.0284  0.1871 BIOTITE C
    16.8919   592.0  1.7068  0.1158  1.7594  0.1269  2.0154  0.1862 BIOTITE C
    16.9492   590.0  1.6985  0.1159  1.7503  0.1270  2.0020  0.1859 BIOTITE C
    17.0068   588.0  1.6903  0.1164  1.7413  0.1275  1.9888  0.1862 BIOTITE C
    17.0648   586.0  1.6823  0.1174  1.7325  0.1285  1.9760  0.1873 BIOTITE C
    17.1233   584.0  1.6738  0.1189  1.7232  0.1301  1.9624  0.1891 BIOTITE C
    17.1821   582.0  1.6647  0.1211  1.7133  0.1324  1.9478  0.1920 BIOTITE C
    17.2414   580.0  1.6557  0.1241  1.7034  0.1356  1.9335  0.1962 BIOTITE C
    17.3010   578.0  1.6476  0.1278  1.6945  0.1396  1.9204  0.2016 BIOTITE C
    17.3611   576.0  1.6400  0.1318  1.6862  0.1440  1.9081  0.2074 BIOTITE C
    17.4216   574.0  1.6324  0.1360  1.6778  0.1484  1.8958  0.2134 BIOTITE C
    17.4825   572.0  1.6247  0.1403  1.6694  0.1531  1.8836  0.2196 BIOTITE C
    17.5439   570.0  1.6171  0.1450  1.6611  0.1581  1.8714  0.2264 BIOTITE C
    17.6056   568.0  1.6091  0.1501  1.6523  0.1636  1.8584  0.2338 BIOTITE C
    17.6678   566.0  1.6007  0.1559  1.6431  0.1699  1.8450  0.2421 BIOTITE C
    17.7305   564.0  1.5926  0.1626  1.6342  0.1771  1.8319  0.2518 BIOTITE C
    17.7936   562.0  1.5848  0.1701  1.6257  0.1852  1.8193  0.2628 BIOTITE C
    17.8571   560.0  1.5769  0.1782  1.6170  0.1940  1.8065  0.2747 BIOTITE C
    17.9211   558.0  1.5693  0.1871  1.6086  0.2035  1.7940  0.2876 BIOTITE C
    17.9856   556.0  1.5620  0.1967  1.6006  0.2139  1.7819  0.3017 BIOTITE C
    18.0505   554.0  1.5554  0.2071  1.5932  0.2251  1.7707  0.3169 BIOTITE C
    18.1159   552.0  1.5492  0.2181  1.5864  0.2370  1.7602  0.3330 BIOTITE C
    18.1818   550.0  1.5437  0.2297  1.5802  0.2495  1.7505  0.3500 BIOTITE C
    18.2482   548.0  1.5386  0.2419  1.5746  0.2626  1.7414  0.3680 BIOTITE C
    18.3150   546.0  1.5339  0.2547  1.5692  0.2765  1.7327  0.3868 BIOTITE C
    18.3824   544.0  1.5296  0.2682  1.5643  0.2911  1.7244  0.4067 BIOTITE C
    18.4502   542.0  1.5259  0.2825  1.5601  0.3066  1.7169  0.4278 BIOTITE C
    18.5185   540.0  1.5231  0.2977  1.5568  0.3230  1.7107  0.4504 BIOTITE C
    18.5874   538.0  1.5215  0.3138  1.5547  0.3405  1.7058  0.4744 BIOTITE C
    18.6567   536.0  1.5209  0.3305  1.5538  0.3586  1.7024  0.4994 BIOTITE C
    18.7266   534.0  1.5218  0.3480  1.5544  0.3775  1.7009  0.5258 BIOTITE C
    18.7970   532.0  1.5240  0.3660  1.5564  0.3971  1.7011  0.5532 BIOTITE C
    18.8679   530.0  1.5275  0.3843  1.5597  0.4170  1.7030  0.5813 BIOTITE C
    18.9394   528.0  1.5325  0.4030  1.5648  0.4375  1.7070  0.6103 BIOTITE C
    19.0114   526.0  1.5393  0.4222  1.5716  0.4584  1.7134  0.6405 BIOTITE C
    19.0840   524.0  1.5479  0.4416  1.5805  0.4798  1.7223  0.6716 BIOTITE C
    19.1571   522.0  1.5585  0.4612  1.5915  0.5014  1.7340  0.7034 BIOTITE C
    19.2308   520.0  1.5714  0.4809  1.6049  0.5231  1.7490  0.7361 BIOTITE C
    19.3050   518.0  1.5867  0.5004  1.6210  0.5447  1.7675  0.7693 BIOTITE C
    19.3798   516.0  1.6046  0.5193  1.6399  0.5659  1.7900  0.8026 BIOTITE C
    19.4553   514.0  1.6253  0.5370  1.6619  0.5858  1.8170  0.8350 BIOTITE C
    19.5313   512.0  1.6493  0.5531  1.6876  0.6043  1.8495  0.8664 BIOTITE C
    19.6078   510.0  1.6762  0.5670  1.7166  0.6203  1.8872  0.8955 BIOTITE C
    19.6850   508.0  1.7056  0.5776  1.7483  0.6329  1.9299  0.9206 BIOTITE C
    19.7628   506.0  1.7374  0.5844  1.7829  0.6416  1.9778  0.9410 BIOTITE C
    19.8413   504.0  1.7709  0.5870  1.8196  0.6456  2.0303  0.9555 BIOTITE C
    19.9203   502.0  1.8034  0.5844  1.8555  0.6439  2.0833  0.9616 BIOTITE C
    20.0000   500.0  1.8303  0.5751  1.8854  0.6346  2.1298  0.9550 BIOTITE C
    20.0803   498.0  1.8555  0.5652  1.9136  0.6246  2.1742  0.9468 BIOTITE C
    20.1613   496.0  1.8803  0.5553  1.9414  0.6145  2.2185  0.9382 BIOTITE C
    20.2429   494.0  1.9029  0.5425  1.9668  0.6011  2.2600  0.9239 BIOTITE C
    20.3252   492.0  1.9229  0.5276  1.9895  0.5852  2.2984  0.9049 BIOTITE C
    20.4082   490.0  1.9398  0.5114  2.0088  0.5678  2.3319  0.8826 BIOTITE C
    20.4918   488.0  1.9537  0.4948  2.0247  0.5498  2.3604  0.8584 BIOTITE C
    20.5761   486.0  1.9648  0.4782  2.0375  0.5317  2.3842  0.8330 BIOTITE C
    20.6612   484.0  1.9736  0.4620  2.0478  0.5140  2.4038  0.8077 BIOTITE C
    20.7469   482.0  1.9811  0.4474  2.0565  0.4979  2.4207  0.7843 BIOTITE C
    20.8333   480.0  1.9875  0.4341  2.0640  0.4833  2.4353  0.7630 BIOTITE C
    20.9205   478.0  1.9929  0.4215  2.0703  0.4694  2.4480  0.7424 BIOTITE C
    21.0084   476.0  1.9979  0.4094  2.0762  0.4561  2.4597  0.7226 BIOTITE C
    21.0970   474.0  2.0025  0.3980  2.0817  0.4435  2.4707  0.7038 BIOTITE C
    21.1864   472.0  2.0068  0.3870  2.0867  0.4314  2.4807  0.6855 BIOTITE C
    21.2766   470.0  2.0111  0.3762  2.0918  0.4193  2.4908  0.6674 BIOTITE C
    21.3675   468.0  2.0156  0.3652  2.0971  0.4073  2.5013  0.6492 BIOTITE C
    21.4592   466.0  2.0196  0.3542  2.1018  0.3951  2.5108  0.6307 BIOTITE C
    21.5517   464.0  2.0225  0.3433  2.1052  0.3830  2.5182  0.6120 BIOTITE C
    21.6450   462.0  2.0245  0.3327  2.1076  0.3712  2.5238  0.5936 BIOTITE C
    21.7391   460.0  2.0259  0.3224  2.1095  0.3598  2.5285  0.5756 BIOTITE C
    21.8341   458.0  2.0270  0.3127  2.1109  0.3489  2.5323  0.5586 BIOTITE C
    21.9298   456.0  2.0276  0.3035  2.1117  0.3387  2.5350  0.5423 BIOTITE C
    22.0264   454.0  2.0276  0.2947  2.1119  0.3289  2.5368  0.5268 BIOTITE C
    22.1239   452.0  2.0276  0.2865  2.1120  0.3197  2.5382  0.5121 BIOTITE C
    22.2222   450.0  2.0273  0.2789  2.1118  0.3112  2.5390  0.4985 BIOTITE C
    22.3214   448.0  2.0269  0.2720  2.1115  0.3035  2.5394  0.4862 BIOTITE C
    22.4215   446.0  2.0266  0.2657  2.1113  0.2964  2.5399  0.4749 BIOTITE C
    22.5225   444.0  2.0265  0.2596  2.1113  0.2897  2.5409  0.4641 BIOTITE C
    22.6244   442.0  2.0267  0.2540  2.1116  0.2834  2.5420  0.4541 BIOTITE C
    22.7273   440.0  2.0267  0.2488  2.1116  0.2776  2.5428  0.4448 BIOTITE C
    22.8311   438.0  2.0269  0.2441  2.1120  0.2724  2.5439  0.4365 BIOTITE C
    22.9358   436.0  2.0279  0.2397  2.1131  0.2675  2.5463  0.4289 BIOTITE C
    23.0415   434.0  2.0298  0.2356  2.1153  0.2629  2.5502  0.4217 BIOTITE C
    23.1481   432.0  2.0325  0.2314  2.1184  0.2583  2.5557  0.4147 BIOTITE C
    23.2558   430.0  2.0359  0.2267  2.1223  0.2531  2.5625  0.4067 BIOTITE C
    23.3645   428.0  2.0408  0.2208  2.1278  0.2466  2.5720  0.3969 BIOTITE C
    23.4742   426.0  2.0463  0.2135  2.1340  0.2385  2.5829  0.3846 BIOTITE C
    23.5849   424.0  2.0502  0.2046  2.1385  0.2286  2.5910  0.3690 BIOTITE C
    23.6967   422.0  2.0528  0.1949  2.1416  0.2178  2.5970  0.3519 BIOTITE C
    23.8095   420.0  2.0552  0.1849  2.1443  0.2066  2.6025  0.3341 BIOTITE C
    23.9234   418.0  2.0567  0.1745  2.1461  0.1951  2.6063  0.3156 BIOTITE C
    24.0385   416.0  2.0570  0.1640  2.1467  0.1834  2.6081  0.2967 BIOTITE C
    24.1546   414.0  2.0563  0.1537  2.1459  0.1718  2.6078  0.2780 BIOTITE C
    24.2718   412.0  2.0543  0.1437  2.1438  0.1606  2.6051  0.2596 BIOTITE C
    24.3902   410.0  2.0514  0.1340  2.1406  0.1497  2.6008  0.2420 BIOTITE C
    24.5098   408.0  2.0476  0.1249  2.1364  0.1395  2.5945  0.2252 BIOTITE C
    24.6305   406.0  2.0428  0.1166  2.1312  0.1302  2.5867  0.2099 BIOTITE C
    24.7525   404.0  2.0377  0.1094  2.1255  0.1221  2.5779  0.1966 BIOTITE C
    24.8756   402.0  2.0324  0.1033  2.1196  0.1153  2.5688  0.1853 BIOTITE C
    25.0000   400.0  2.0270  0.0984  2.1136  0.1098  2.5594  0.1762 BIOTITE C
    25.1256   398.0  2.0217  0.0946  2.1078  0.1055  2.5503  0.1691 BIOTITE C
    25.2525   396.0  2.0171  0.0917  2.1026  0.1022  2.5421  0.1636 BIOTITE C
    25.3807   394.0  2.0131  0.0892  2.0982  0.0995  2.5352  0.1591 BIOTITE C
    25.5102   392.0  2.0101  0.0871  2.0948  0.0971  2.5299  0.1550 BIOTITE C
    25.6410   390.0  2.0079  0.0848  2.0924  0.0946  2.5261  0.1510 BIOTITE C
    25.7732   388.0  2.0064  0.0824  2.0907  0.0919  2.5236  0.1466 BIOTITE C
    25.9067   386.0  2.0056  0.0796  2.0899  0.0888  2.5223  0.1416 BIOTITE C
    26.0417   384.0  2.0053  0.0764  2.0896  0.0851  2.5219  0.1358 BIOTITE C
    26.1780   382.0  2.0051  0.0725  2.0893  0.0809  2.5217  0.1290 BIOTITE C
    26.3158   380.0  2.0046  0.0682  2.0888  0.0760  2.5211  0.1212 BIOTITE C
    26.4550   378.0  2.0039  0.0632  2.0881  0.0705  2.5201  0.1124 BIOTITE C
    26.5957   376.0  2.0029  0.0579  2.0869  0.0645  2.5184  0.1028 BIOTITE C
    26.7380   374.0  2.0011  0.0523  2.0849  0.0583  2.5154  0.0929 BIOTITE C
    26.8817   372.0  1.9987  0.0469  2.0823  0.0523  2.5113  0.0832 BIOTITE C
    27.0270   370.0  1.9957  0.0419  2.0790  0.0467  2.5062  0.0743 BIOTITE C
    27.1739   368.0  1.9924  0.0375  2.0753  0.0417  2.5004  0.0663 BIOTITE C
    27.3224   366.0  1.9889  0.0336  2.0714  0.0374  2.4943  0.0594 BIOTITE C
    27.4725   364.0  1.9853  0.0302  2.0674  0.0337  2.4880  0.0534 BIOTITE C
    27.6243   362.0  1.9817  0.0272  2.0634  0.0303  2.4816  0.0480 BIOTITE C
    27.7778   360.0  1.9783  0.0244  2.0596  0.0272  2.4757  0.0431 BIOTITE C
    27.9330   358.0  1.9750  0.0218  2.0560  0.0243  2.4700  0.0384 BIOTITE C
    28.0899   356.0  1.9719  0.0194  2.0526  0.0216  2.4646  0.0341 BIOTITE C
    28.2486   354.0  1.9690  0.0173  2.0493  0.0193  2.4594  0.0304 BIOTITE C
    28.4091   352.0  1.9656  0.0158  2.0456  0.0176  2.4536  0.0277 BIOTITE C
