Montmorillonite powder pellet
from Roush, Pollack, and Orenberg, Icarus, 94, 191-208, 1991
  Wave.   real   imag.
  (um)   index  index
  5.000  1.336  0.002
  5.010  1.335  0.002
  5.020  1.335  0.002
  5.030  1.335  0.002
  5.040  1.334  0.002
  5.050  1.334  0.002
  5.061  1.333  0.002
  5.071  1.333  0.002
  5.081  1.333  0.002
  5.092  1.332  0.002
  5.102  1.332  0.002
  5.113  1.332  0.002
  5.123  1.331  0.002
  5.134  1.331  0.002
  5.144  1.330  0.002
  5.155  1.330  0.002
  5.165  1.329  0.002
  5.176  1.329  0.002
  5.187  1.329  0.002
  5.198  1.328  0.002
  5.208  1.328  0.002
  5.219  1.327  0.002
  5.230  1.327  0.002
  5.241  1.326  0.002
  5.252  1.326  0.002
  5.263  1.325  0.002
  5.274  1.325  0.002
  5.285  1.324  0.002
  5.297  1.324  0.002
  5.308  1.324  0.002
  5.319  1.323  0.002
  5.331  1.322  0.002
  5.342  1.322  0.002
  5.353  1.321  0.002
  5.365  1.321  0.002
  5.376  1.320  0.002
  5.388  1.320  0.002
  5.400  1.319  0.002
  5.411  1.319  0.002
  5.423  1.318  0.002
  5.435  1.318  0.002
  5.447  1.317  0.002
  5.458  1.317  0.002
  5.470  1.316  0.002
  5.483  1.316  0.002
  5.495  1.315  0.002
  5.507  1.314  0.002
  5.519  1.314  0.002
  5.531  1.313  0.003
  5.543  1.313  0.003
  5.556  1.312  0.003
  5.568  1.311  0.003
  5.580  1.311  0.003
  5.593  1.310  0.003
  5.605  1.309  0.003
  5.618  1.309  0.003
  5.631  1.308  0.003
  5.643  1.308  0.003
  5.656  1.307  0.003
  5.669  1.306  0.003
  5.682  1.305  0.003
  5.695  1.305  0.003
  5.708  1.304  0.003
  5.721  1.303  0.003
  5.734  1.302  0.003
  5.747  1.302  0.003
  5.760  1.301  0.003
  5.774  1.300  0.003
  5.787  1.299  0.003
  5.800  1.298  0.003
  5.814  1.298  0.003
  5.827  1.297  0.003
  5.841  1.296  0.003
  5.855  1.295  0.004
  5.869  1.294  0.004
  5.882  1.293  0.004
  5.896  1.292  0.004
  5.910  1.291  0.004
  5.924  1.290  0.004
  5.938  1.289  0.004
  5.952  1.288  0.004
  5.967  1.287  0.004
  5.981  1.285  0.005
  5.995  1.284  0.005
  6.010  1.282  0.005
  6.024  1.281  0.006
  6.039  1.279  0.007
  6.053  1.276  0.008
  6.068  1.274  0.010
  6.083  1.271  0.013
  6.098  1.269  0.019
  6.113  1.272  0.028
  6.128  1.284  0.033
  6.142  1.294  0.025
  6.158  1.294  0.017
  6.173  1.291  0.012
  6.188  1.288  0.009
  6.203  1.286  0.008
  6.219  1.283  0.007
  6.234  1.281  0.006
  6.250  1.280  0.006
  6.266  1.278  0.006
  6.281  1.276  0.006
  6.297  1.275  0.006
  6.313  1.273  0.006
  6.329  1.271  0.006
  6.345  1.270  0.006
  6.361  1.269  0.006
  6.378  1.267  0.006
  6.394  1.266  0.006
  6.410  1.264  0.006
  6.427  1.263  0.006
  6.443  1.261  0.006
  6.460  1.260  0.006
  6.477  1.258  0.006
  6.494  1.257  0.006
  6.510  1.256  0.006
  6.527  1.254  0.006
  6.544  1.253  0.006
  6.562  1.251  0.006
  6.579  1.250  0.007
  6.596  1.248  0.007
  6.614  1.246  0.007
  6.631  1.245  0.007
  6.649  1.243  0.007
  6.667  1.241  0.007
  6.685  1.240  0.007
  6.702  1.238  0.007
  6.720  1.236  0.008
  6.739  1.234  0.008
  6.757  1.232  0.008
  6.775  1.231  0.008
  6.793  1.229  0.008
  6.812  1.227  0.008
  6.831  1.225  0.008
  6.849  1.223  0.009
  6.868  1.221  0.009
  6.887  1.219  0.009
  6.906  1.217  0.009
  6.925  1.214  0.009
  6.944  1.212  0.010
  6.964  1.210  0.010
  6.983  1.208  0.010
  7.003  1.205  0.010
  7.023  1.203  0.010
  7.042  1.201  0.011
  7.062  1.198  0.011
  7.082  1.195  0.011
  7.102  1.193  0.011
  7.122  1.190  0.012
  7.143  1.187  0.012
  7.163  1.185  0.012
  7.184  1.182  0.013
  7.205  1.179  0.013
  7.225  1.176  0.013
  7.246  1.173  0.014
  7.267  1.169  0.014
  7.289  1.166  0.014
  7.310  1.163  0.015
  7.331  1.159  0.015
  7.353  1.156  0.015
  7.375  1.152  0.016
  7.396  1.148  0.016
  7.418  1.145  0.017
  7.440  1.141  0.017
  7.463  1.137  0.018
  7.485  1.132  0.018
  7.508  1.128  0.019
  7.530  1.124  0.020
  7.553  1.119  0.020
  7.576  1.114  0.021
  7.599  1.109  0.022
  7.622  1.104  0.023
  7.645  1.099  0.023
  7.669  1.094  0.024
  7.692  1.088  0.025
  7.716  1.082  0.026
  7.740  1.076  0.027
  7.764  1.070  0.028
  7.788  1.063  0.029
  7.813  1.056  0.031
  7.837  1.049  0.032
  7.862  1.042  0.034
  7.886  1.034  0.035
  7.911  1.026  0.037
  7.937  1.018  0.039
  7.962  1.009  0.041
  7.987  1.000  0.043
  8.013  0.990  0.045
  8.039  0.980  0.048
  8.064  0.969  0.050
  8.091  0.957  0.053
  8.117  0.945  0.057
  8.143  0.933  0.061
  8.170  0.919  0.065
  8.197  0.905  0.070
  8.224  0.890  0.075
  8.251  0.874  0.081
  8.278  0.856  0.088
  8.306  0.838  0.096
  8.333  0.818  0.105
  8.361  0.797  0.116
  8.389  0.774  0.129
  8.417  0.750  0.144
  8.446  0.725  0.163
  8.475  0.699  0.185
  8.503  0.672  0.212
  8.532  0.645  0.244
  8.562  0.621  0.282
  8.591  0.600  0.326
  8.621  0.585  0.375
  8.651  0.577  0.426
  8.681  0.575  0.478
  8.711  0.579  0.530
  8.741  0.587  0.582
  8.772  0.601  0.636
  8.803  0.625  0.691
  8.834  0.663  0.742
  8.865  0.716  0.780
  8.897  0.777  0.793
  8.929  0.826  0.774
  8.961  0.844  0.737
  8.993  0.824  0.706
  9.025  0.779  0.697
  9.058  0.724  0.718
  9.091  0.671  0.768
  9.124  0.630  0.841
  9.158  0.605  0.931
  9.191  0.598  1.031
  9.225  0.609  1.139
  9.259  0.637  1.253
  9.294  0.684  1.372
  9.328  0.754  1.494
  9.363  0.851  1.617
  9.399  0.982  1.735
  9.434  1.153  1.836
  9.470  1.365  1.898
  9.506  1.601  1.895
  9.542  1.823  1.815
  9.578  1.986  1.679
  9.615  2.078  1.538
  9.653  2.126  1.432
  9.690  2.177  1.366
  9.728  2.259  1.309
  9.766  2.365  1.221
  9.804  2.458  1.084
  9.842  2.504  0.919
  9.881  2.501  0.759
  9.921  2.464  0.623
  9.960  2.409  0.514
 10.000  2.349  0.430
 10.040  2.289  0.364
 10.081  2.232  0.313
 10.121  2.179  0.272
 10.163  2.129  0.240
 10.204  2.084  0.214
 10.246  2.042  0.193
 10.288  2.003  0.176
 10.331  1.966  0.162
 10.373  1.932  0.151
 10.417  1.899  0.142
 10.460  1.868  0.136
 10.504  1.838  0.132
 10.549  1.809  0.130
 10.593  1.780  0.133
 10.638  1.752  0.139
 10.684  1.726  0.152
 10.730  1.706  0.174
 10.776  1.698  0.204
 10.823  1.713  0.234
 10.870  1.748  0.242
 10.917  1.777  0.218
 10.965  1.782  0.183
 11.013  1.769  0.155
 11.062  1.749  0.136
 11.111  1.727  0.128
 11.161  1.707  0.128
 11.211  1.692  0.135
 11.261  1.688  0.145
 11.312  1.695  0.150
 11.364  1.704  0.141
 11.416  1.705  0.123
 11.468  1.697  0.106
 11.521  1.682  0.093
 11.574  1.665  0.086
 11.628  1.648  0.086
 11.682  1.637  0.093
 11.737  1.642  0.099
 11.792  1.648  0.086
 11.848  1.639  0.070
 11.905  1.624  0.060
 11.962  1.610  0.054
 12.019  1.596  0.051
 12.077  1.583  0.050
 12.136  1.570  0.049
 12.195  1.558  0.050
 12.255  1.546  0.051
 12.315  1.533  0.054
 12.376  1.521  0.059
 12.438  1.510  0.067
 12.500  1.503  0.078
 12.563  1.505  0.092
 12.626  1.517  0.097
 12.690  1.527  0.089
 12.755  1.526  0.075
 12.821  1.518  0.064
 12.887  1.507  0.057
 12.953  1.495  0.052
 13.021  1.484  0.050
 13.089  1.474  0.048
 13.158  1.463  0.047
 13.228  1.453  0.047
 13.298  1.443  0.047
 13.369  1.433  0.048
 13.441  1.423  0.049
 13.514  1.412  0.050
 13.587  1.402  0.051
 13.661  1.392  0.053
 13.736  1.381  0.055
 13.812  1.370  0.057
 13.889  1.359  0.060
 13.966  1.347  0.064
 14.045  1.335  0.068
 14.124  1.323  0.075
 14.205  1.313  0.083
 14.286  1.308  0.092
 14.368  1.304  0.093
 14.451  1.294  0.091
 14.535  1.281  0.092
 14.620  1.266  0.095
 14.706  1.251  0.100
 14.793  1.235  0.106
 14.881  1.219  0.113
 14.970  1.203  0.122
 15.060  1.186  0.131
 15.152  1.169  0.142
 15.244  1.151  0.155
 15.337  1.133  0.169
 15.432  1.115  0.186
 15.528  1.097  0.204
 15.625  1.079  0.225
 15.723  1.062  0.248
 15.823  1.046  0.274
 15.924  1.031  0.303
 16.026  1.019  0.334
 16.129  1.009  0.367
 16.234  1.003  0.401
 16.340  0.999  0.436
 16.447  0.999  0.470
 16.556  1.001  0.503
 16.667  1.004  0.535
 16.779  1.007  0.564
 16.892  1.009  0.594
 17.007  1.008  0.624
 17.123  1.004  0.657
 17.241  0.999  0.696
 17.361  0.993  0.743
 17.483  0.992  0.800
 17.606  0.998  0.866
 17.731  1.018  0.940
 17.857  1.055  1.016
 17.986  1.109  1.088
 18.116  1.175  1.148
 18.248  1.247  1.196
 18.382  1.314  1.240
 18.519  1.383  1.297
 18.657  1.486  1.380
 18.797  1.674  1.451
 18.939  1.942  1.404
 19.084  2.143  1.183
 19.231  2.168  0.921
 19.380  2.080  0.731
 19.531  1.954  0.621
 19.685  1.817  0.572
 19.841  1.678  0.572
 20.000  1.538  0.624
 20.161  1.407  0.739
 20.325  1.315  0.932
 20.492  1.314  1.194
 20.661  1.451  1.468
 20.833  1.721  1.660
 21.008  2.019  1.724
 21.186  2.328  1.751
 21.368  2.744  1.643
 21.552  3.046  1.266
 21.739  3.073  0.864
 21.930  2.968  0.592
 22.124  2.843  0.425
 22.321  2.730  0.321
 22.523  2.634  0.253
 22.727  2.554  0.206
 22.936  2.486  0.172
 23.148  2.428  0.147
 23.364  2.379  0.127
 23.585  2.335  0.112
 23.810  2.297  0.099
 24.038  2.263  0.089
 24.272  2.233  0.081
 24.510  2.206  0.073
 24.752  2.181  0.067
 25.000  2.158  0.062
