Serpentine data from Mooney and Knacke, Icarus, 64, 493-502 (1985)
Chemical analysis (wt. %) SiO2: 40.16, TiO2: 0.06, Al2O3: 1.31,
FeO: 3.26, MnO: 0.03, MgO: 40.10, CaO: 0.02, LOI: 15.06
cm-1      n       k
4000    1.479   .00297
3990    1.479   .00297
3980    1.480   .00297
3970    1.482   .00294
3960    1.482   .00292
3950    1.479   .00295
3940    1.478   .00300
3930    1.481   .00304
3920    1.486   .00306
3910    1.491   .00307
3900    1.494   .00309
3890    1.495   .00308
3880    1.495   .00311
3870    1.495   .00320
3860    1.497   .00325
3850    1.500   .00326
3840    1.502   .00331
3830    1.503   .00340
3820    1.504   .00347
3810    1.503   .00353
3800    1.497   .00365
3790    1.489   .00385
3780    1.485   .00409
3770    1.484   .00438
3760    1.493   .00482
3750    1.505   .00533
3740    1.505   .00625
3730    1.497   .00893
3720    1.485   .0163
3710    1.467   .0337
3700    1.462   .0588
3690    1.488   .0813
3680    1.521   .101
3670    1.535   .0752
3660    1.539   .0564
3650    1.537   .0472
3640    1.531   .0398
3630    1.528   .0309
3620    1.527   .0257
3610    1.527   .0246
3600    1.525   .0243
3590    1.522   .0235
3580    1.519   .0228
3570    1.517   .0235
3560    1.516   .0249
3550    1.514   .0246
3540    1.511   .0228
3530    1.512   .0206
3520    1.513   .0181
3510    1.513   .0158
3500    1.511   .0141
3490    1.511   .0128
3480    1.511   .0123
3470    1.511   .0129
3460    1.512   .0134
3450    1.512   .0129
3440    1.512   .0127
3430    1.511   .0128
3420    1.509   .0124
3410    1.507   .0122
3400    1.506   .0128
3390    1.506   .0133
3380    1.507   .0129
3370    1.505   .0120
3360    1.503   .0110
3350    1.504   .0103
3340    1.506   .00966
3330    1.507   .00901
3320    1.506   .00843
3310    1.505   .00797
3300    1.504   .00741
3290    1.505   .00627
3280    1.508   .00538
3270    1.509   .00526
3260    1.508   .00530
3250    1.505   .00488
3240    1.503   .00459
3230    1.503   .00509
3220    1.504   .00496
3210    1.504   .00420
3200    1.504   .00404
3190    1.502   .00438
3180    1.500   .00479
3170    1.500   .00482
3160    1.501   .00470
3150    1.502   .00480
3140    1.503   .00476
3130    1.504   .00468
3120    1.506   .00481
3110    1.506   .00502
3100    1.506   .00504
3090    1.503   .00495
3080    1.499   .00496
3070    1.498   .00516
3060    1.497   .00524
3050    1.496   .00495
3040    1.495   .00449
3030    1.495
3020    1.494
3010    1.495
3000    1.496
2990    1.495
2980    1.494
2970    1.493
2960    1.494
2950    1.495
2940    1.495
2930    1.493
2920    1.493
2910    1.493
2900    1.493
2890    1.496
2880    1.498
2870    1.498
2860    1.498
2850    1.495
2840    1.492
2830    1.493
2820    1.494
2810    1.495
2800    1.495
2790    1.493
2780    1.493
2770    1.493
2760    1.495
2750    1.497   .00421
2740    1.498   .00464
2730    1.497   .00436
2720    1.496   .00376
2710    1.497   .00337
2700    1.499   .00328
2690    1.500   .00350
2680    1.500   .00356
2670    1.499   .00323
2660    1.500   .00282
2650    1.501   .00287
2640    1.500   .00321
2630    1.496   .00342
2620    1.492   .00370
2610    1.491   .00416
2600    1.491   .00456
2590    1.490   .00470
2580    1.490   .00464
2570    1.491   .00460
2560    1.492   .00469
2550    1.493   .00476
2540    1.494   .00472
2530    1.495   .00462
2520    1.495   .00457
2510    1.497   .00454
2500    1.500   .00462
2490    1.500   .00455
2480    1.501   .00410
2470    1.503   .00379
2460    1.505   .00370
2450    1.502   .00369
2440    1.500   .00373
2430    1.500   .00369
2420    1.500   .00371
2410    1.499   .00399
2090    1.438   .00379
2080    1.437   .00386
2070    1.436   .00392
2060    1.435   .00399
2050    1.434   .00407
2040    1.433   .00414
2030    1.432   .00421
2020    1.430   .00429
2010    1.429   .00437
2000    1.427   .00445
2990    1.426   .00454
1980    1.425   .00463
1970    1.424   .00471
1960    1.422   .00481
1950    1.421   .00490
1940    1.419   .00500
1930    1.418   .00510
1920    1.417   .00520
1910    1.415   .00531
1900    1.413   .00542
1890    1.412   .00553
1880    1.411   .00565
1870    1.409   .00577
1860    1.407   .00589
1850    1.405   .00602
1840    1.404   .00615
1830    1.402   .00628
1820    1.399   .00643
1810    1.398   .00657
1800    1.397   .00672
1790    1.395   .00688
1780    1.392   .00703
1770    1.390   .00720
1760    1.389   .00737
1750    1.386   .00755
1740    1.384   .00773
1730    1.382   .00792
1720    1.380   .00812
1710    1.377   .00833
1700    1.375   .00854
1690    1.372   .00876
1680    1.370   .00899
1670    1.367   .00923
1660    1.365   .00947
1650    1.362   .00973
1640    1.359   .0100
1630    1.356   .0103
1620    1.353   .0106
1610    1.350   .0109
1600    1.347   .0112
1590    1.344   .0115
1580    1.340   .0119
1570    1.337   .0122
1560    1.333   .0126
1550    1.330   .0130
1540    1.326   .0134
1530    1.323   .0138
1520    1.318   .0143
1510    1.315   .0148
1500    1.310   .0153
1490    1.306   .0158
1480    1.301   .0164
1470    1.296   .0170
1460    1.292   .0176
1450    1.287   .0182
1440    1.282   .0189
1430    1.276   .0196
1420    1.271   .0204
1410    1.265   .0212
1400    1.259   .0221
1390    1.252   .0231
1380    1.246   .0241
1370    1.240   .0251
1360    1.233   .0263
1350    1.225   .0275
1340    1.217   .0288
1330    1.209   .0302
1320    1.200   .0318
1310    1.191   .0334
1300    1.182   .0352
1290    1.171   .0372
1280    1.162   .0393
1270    1.150   .0416
1260    1.138   .0442
1250    1.126   .0470
1240    1.112   .0502
1230    1.098   .0537
1220    1.083   .0576
1210    1.066   .0620
1200    1.049   .0670
1190    1.029   .0726
1180    1.009   .0792
1170     .987   .0868
1160     .961   .0957
1150     .934   .106
1140     .903   .119
1130     .869   .135
1120     .830   .156
1110     .784   .186
1100     .733   .239
1090     .752   .313
1080     .698   .296
1070     .630   .357
1060     .578   .444
1050     .543   .551
1040     .530   .671
1030     .541   .800
1020     .578   .932
1010     .644  1.060
1000     .737  1.180
990      .850  1.280
980      .964  1.360
970     1.097  1.470
960     1.310  1.580
950     1.627  1.600
940     1.957  1.440
930     2.136  1.130
920     2.141   .845
910     2.063   .645
900     1.964   .517
890     1.871   .439
880     1.788   .392
870     1.718   .365
860     1.658   .350
850     1.608   .344
840     1.566   .343
830     1.532   .344
820     1.503   .346
810     1.478   .347
800     1.455   .347
790     1.433   .345
780     1.409   .341
770     1.382   .337
760     1.352   .332
750     1.317   .329
740     1.277   .328
730     1.231   .332
720     1.178   .340
710     1.118   .358
700     1.050   .387
690      .974   .437
680      .895   .515
670      .829   .635
660      .805   .797
650      .861   .970
640      .994  1.080
630     1.102  1.110
620     1.193  1.160
610     1.358  1.150
600     1.435  1.000
590     1.369   .914
580     1.306   .935
570     1.316   .980
560     1.361   .964
550     1.353   .889
540     1.256   .828
530     1.103   .836
520      .938   .941
510      .819  1.140
500      .811  1.390
490      .867  1.580
480      .935  1.830
470     1.154  2.050
460     1.390  2.100
450     1.491  2.210
440     1.826  2.450
430     2.399  2.260
420     2.438  1.770
410     2.206  1.800
400     2.368  1.710
390     2.403  1.810
380     2.639  1.780
370     2.790  1.570
360     2.790  1.370
350     2.803  1.240
340     2.727  1.050
330     2.593  1.000
320     2.522   .954
310     2.332   .962
300     2.292  1.220
290     2.481  1.220
280     2.545  1.190
270     2.537  1.070
260     2.446  1.090
250     2.469  1.110
240     2.408  1.110
230     2.357  1.190
220     2.372  1.290
210     2.370  1.350
200     2.318  1.480