data provided by Paul Lucey in 2006
derived using techniques of Lucey 1998
Forsterite, Fo= 90.4000
minimum grain size (microns)= 0.000000
maximum grain size=(microns) 45.0000
column 1= wavelength, micrometers
column 2= real index
column 3= imaginary index
 
     0.300000      1.65343 7.41148e-005
     0.305000      1.65343 7.11337e-005
     0.310000      1.65343 6.40628e-005
     0.315000      1.65343 5.67744e-005
     0.320000      1.65343 4.90413e-005
     0.325000      1.65343 4.18769e-005
     0.330000      1.65343 3.53871e-005
     0.335000      1.65343 2.99505e-005
     0.340000      1.65343 2.50340e-005
     0.345000      1.65343 2.12117e-005
     0.350000      1.65343 1.82441e-005
     0.355000      1.65343 1.57722e-005
     0.360000      1.65343 1.38458e-005
     0.365000      1.65343 1.22920e-005
     0.370000      1.65343 1.12557e-005
     0.375000      1.65343 1.04736e-005
     0.380000      1.65343 9.85747e-006
     0.385000      1.65343 9.32036e-006
     0.390000      1.65343 8.86327e-006
     0.395000      1.65343 8.44119e-006
     0.400000      1.65343 7.90808e-006
     0.405000      1.65343 7.51000e-006
     0.410000      1.65343 6.99940e-006
     0.415000      1.65343 6.72935e-006
     0.420000      1.65343 6.50330e-006
     0.425000      1.65343 6.37327e-006
     0.430000      1.65343 6.23825e-006
     0.435000      1.65343 6.20424e-006
     0.440000      1.65343 6.00820e-006
     0.445000      1.65343 5.96819e-006
     0.450000      1.65343 6.08922e-006
     0.455000      1.65343 5.99120e-006
     0.460000      1.65343 5.72114e-006
     0.465000      1.65343 5.55711e-006
     0.470000      1.65343 5.44609e-006
     0.475000      1.65343 5.15803e-006
     0.480000      1.65343 4.86297e-006
     0.485000      1.65343 4.85497e-006
     0.490000      1.65343 4.84597e-006
     0.495000      1.65343 4.77596e-006
     0.500000      1.65343 4.39988e-006
     0.505000      1.65343 4.13883e-006
     0.510000      1.65343 3.93379e-006
     0.515000      1.65343 3.84777e-006
     0.520000      1.65343 3.75975e-006
     0.525000      1.65343 3.66873e-006
     0.530000      1.65343 3.57572e-006
     0.535000      1.65343 3.48070e-006
     0.540000      1.65343 3.38368e-006
     0.545000      1.65343 3.28266e-006
     0.550000      1.65343 3.24665e-006
     0.555000      1.65343 3.20964e-006
     0.560000      1.65343 3.23865e-006
     0.565000      1.65343 3.19964e-006
     0.570000      1.65343 3.22765e-006
     0.575000      1.65343 3.25665e-006
     0.580000      1.65343 3.42368e-006
     0.585000      1.65343 3.38368e-006
     0.590000      1.65343 3.48370e-006
     0.595000      1.65343 3.51270e-006
     0.600000      1.65343 3.68674e-006
     0.605000      1.65343 3.71774e-006
     0.610000      1.65343 3.89578e-006
     0.615000      1.65343 3.92779e-006
     0.620000      1.65343 4.10882e-006
     0.625000      1.65343 4.29286e-006
     0.630000      1.65343 4.40288e-006
     0.635000      1.65343 4.43789e-006
     0.640000      1.65343 4.54991e-006
     0.645000      1.65343 4.50790e-006
     0.650000      1.65343 4.54291e-006
     0.655000      1.65343 4.49890e-006
     0.660000      1.65343 4.53291e-006
     0.665000      1.65343 4.48690e-006
     0.670000      1.65343 4.60192e-006
     0.675000      1.65343 4.63593e-006
     0.680000      1.65343 4.75195e-006
     0.685000      1.65343 4.86997e-006
     0.690000      1.65343 5.07201e-006
     0.695000      1.65343 5.19304e-006
     0.700000      1.65343 5.39908e-006
     0.705000      1.65343 5.60812e-006
     0.710000      1.65343 5.81916e-006
     0.715000      1.65343 5.94619e-006
     0.720000      1.65343 6.24925e-006
     0.725000      1.65343 6.55531e-006
     0.730000      1.65343 6.86637e-006
     0.735000      1.65343 7.26845e-006
     0.740000      1.65343 7.58702e-006
     0.745000      1.65343 8.00010e-006
     0.750000      1.65343 8.41718e-006
     0.755000      1.65343 8.84027e-006
     0.760000      1.65343 9.36037e-006
     0.765000      1.65343 9.88648e-006
     0.770000      1.65343 1.04196e-005
     0.775000      1.65343 1.09597e-005
     0.780000      1.65343 1.16008e-005
     0.785000      1.65343 1.22499e-005
     0.790000      1.65343 1.27145e-005
     0.795000      1.65343 1.33777e-005
     0.800000      1.65343 1.40498e-005
     0.805000      1.65343 1.45319e-005
     0.810000      1.65343 1.52180e-005
     0.815000      1.65343 1.56121e-005
     0.820000      1.65343 1.62112e-005
     0.825000      1.65343 1.69184e-005
     0.830000      1.65343 1.74295e-005
     0.835000      1.65343 1.78431e-005
     0.840000      1.65343 1.83642e-005
     0.845000      1.65343 1.88903e-005
     0.850000      1.65343 1.94214e-005
     0.855000      1.65343 2.00635e-005
     0.860000      1.65343 2.00745e-005
     0.865000      1.65343 2.07256e-005
     0.870000      1.65343 2.08457e-005
     0.875000      1.65343 2.15068e-005
     0.880000      1.65343 2.19569e-005
     0.885000      1.65343 2.25205e-005
     0.890000      1.65343 2.28676e-005
     0.895000      1.65343 2.36627e-005
     0.900000      1.65343 2.41298e-005
     0.905000      1.65343 2.49380e-005
     0.910000      1.65343 2.55291e-005
     0.915000      1.65343 2.63523e-005
     0.920000      1.65343 2.71844e-005
     0.925000      1.65343 2.81401e-005
     0.930000      1.65343 2.92223e-005
     0.935000      1.65343 3.04326e-005
     0.940000      1.65343 3.15378e-005
     0.945000      1.65343 3.28926e-005
     0.950000      1.65343 3.43809e-005
     0.955000      1.65343 3.58872e-005
     0.960000      1.65343 3.74085e-005
     0.965000      1.65343 3.93144e-005
     0.970000      1.65343 4.07496e-005
     0.975000      1.65343 4.28216e-005
     0.980000      1.65343 4.45409e-005
     0.985000      1.65343 4.64063e-005
     0.990000      1.65343 4.80381e-005
     0.995000      1.65343 5.00705e-005
      1.00000      1.65343 5.18679e-005
      1.00500      1.65343 5.36847e-005
      1.01000      1.65343 5.49970e-005
      1.01500      1.65343 5.67163e-005
      1.02000      1.65343 5.80561e-005
      1.02500      1.65343 5.96734e-005
      1.03000      1.65343 6.05016e-005
      1.03500      1.65343 6.17398e-005
      1.04000      1.65343 6.24460e-005
      1.04500      1.65343 6.34287e-005
      1.05000      1.65343 6.38688e-005
      1.05500      1.65343 6.41738e-005
      1.06000      1.65343 6.44779e-005
      1.06500      1.65343 6.43639e-005
      1.07000      1.65343 6.43869e-005
      1.07500      1.65343 6.39858e-005
      1.08000      1.65343 6.34387e-005
      1.08500      1.65343 6.27425e-005
      1.09000      1.65343 6.18979e-005
      1.09500      1.65343 6.07607e-005
      1.10000      1.65343 5.94704e-005
      1.10500      1.65343 5.84552e-005
      1.11000      1.65343 5.75740e-005
      1.11500      1.65343 5.63963e-005
      1.12000      1.65343 5.53521e-005
      1.12500      1.65343 5.48770e-005
      1.13000      1.65343 5.35267e-005
      1.13500      1.65343 5.26015e-005
      1.14000      1.65343 5.16678e-005
      1.14500      1.65343 5.10177e-005
      1.15000      1.65343 5.02145e-005
      1.15500      1.65343 4.98435e-005
      1.16000      1.65343 4.91743e-005
      1.16500      1.65343 4.86462e-005
      1.17000      1.65343 4.81121e-005
      1.17500      1.65343 4.77210e-005
      1.18000      1.65343 4.71774e-005
      1.18500      1.65343 4.69264e-005
      1.19000      1.65343 4.63713e-005
      1.19500      1.65343 4.62643e-005
      1.20000      1.65343 4.56991e-005
      1.20500      1.65343 4.57371e-005
      1.21000      1.65343 4.53161e-005
      1.21500      1.65343 4.50440e-005
      1.22000      1.65343 4.47680e-005
      1.22500      1.65343 4.43339e-005
      1.23000      1.65343 4.40498e-005
      1.23500      1.65343 4.36077e-005
      1.24000      1.65343 4.33157e-005
      1.24500      1.65343 4.30216e-005
      1.25000      1.65343 4.27225e-005
      1.25500      1.65343 4.21059e-005
      1.26000      1.65343 4.16418e-005
      1.26500      1.65343 4.13318e-005
      1.27000      1.65343 4.08587e-005
      1.27500      1.65343 4.05406e-005
      1.28000      1.65343 4.00595e-005
      1.28500      1.65343 3.94134e-005
      1.29000      1.65343 3.87613e-005
      1.29500      1.65343 3.81031e-005
      1.30000      1.65343 3.76030e-005
      1.30500      1.65343 3.69354e-005
      1.31000      1.65343 3.62613e-005
      1.31500      1.65343 3.55831e-005
      1.32000      1.65343 3.50630e-005
      1.32500      1.65343 3.42088e-005
      1.33000      1.65343 3.35137e-005
      1.33500      1.65343 3.28136e-005
      1.34000      1.65343 3.21079e-005
      1.34500      1.65343 3.15618e-005
      1.35000      1.65343 3.10127e-005
      1.35500      1.65343 3.04586e-005
      1.36000      1.65343 2.97324e-005
      1.36500      1.65343 2.91683e-005
      1.37000      1.65343 2.82642e-005
      1.37500      1.65343 2.73525e-005
      1.38000      1.65343 2.67744e-005
      1.38500      1.65343 2.60212e-005
      1.39000      1.65343 2.50920e-005
      1.39500      1.65343 2.46699e-005
      1.40000      1.65343 2.40718e-005
      1.40500      1.65343 2.31276e-005
      1.41000      1.65343 2.23480e-005
      1.41500      1.65343 2.17358e-005
      1.42000      1.65343 2.09467e-005
      1.42500      1.65343 2.03246e-005
      1.43000      1.65343 2.00475e-005
      1.43500      1.65343 1.90693e-005
      1.44000      1.65343 1.84352e-005
      1.44500      1.65343 1.81481e-005
      1.45000      1.65343 1.75060e-005
      1.45500      1.65343 1.68594e-005
      1.46000      1.65343 1.63853e-005
      1.46500      1.65343 1.57311e-005
      1.47000      1.65343 1.52501e-005
      1.47500      1.65343 1.47660e-005
      1.48000      1.65343 1.42779e-005
      1.48500      1.65343 1.39668e-005
      1.49000      1.65343 1.32927e-005
      1.49500      1.65343 1.27956e-005
      1.50000      1.65343 1.26565e-005
      1.50500      1.65343 1.21529e-005
      1.51000      1.65343 1.18289e-005
      1.51500      1.65343 1.15018e-005
      1.52000      1.65343 1.09897e-005
      1.52500      1.65343 1.08417e-005
      1.53000      1.65343 1.05076e-005
      1.53500      1.65343 1.01725e-005
      1.54000      1.65343 9.83347e-006
      1.54500      1.65343 9.67944e-006
      1.55000      1.65343 9.33737e-006
      1.55500      1.65343 8.99230e-006
      1.56000      1.65343 8.83327e-006
      1.56500      1.65343 8.48520e-006
      1.57000      1.65343 8.32316e-006
      1.57500      1.65343 8.16013e-006
      1.58000      1.65343 7.99610e-006
      1.58500      1.65343 7.83107e-006
      1.59000      1.65343 7.66403e-006
      1.59500      1.65343 7.49550e-006
      1.60000      1.65343 7.32747e-006
      1.60500      1.65343 7.15643e-006
      1.61000      1.65343 6.98540e-006
      1.61500      1.65343 6.81336e-006
      1.62000      1.65343 6.63933e-006
      1.62500      1.65343 6.65933e-006
      1.63000      1.65343 6.68034e-006
      1.63500      1.65343 6.50430e-006
      1.64000      1.65343 6.32627e-006
      1.64500      1.65343 6.14923e-006
      1.65000      1.65343 6.16723e-006
      1.65500      1.65343 5.98720e-006
      1.66000      1.65343 6.00520e-006
      1.66500      1.65343 6.02320e-006
      1.67000      1.65343 6.04121e-006
      1.67500      1.65343 5.85817e-006
      1.68000      1.65343 5.87517e-006
      1.68500      1.65343 5.89218e-006
      1.69000      1.65343 5.70714e-006
      1.69500      1.65343 5.72415e-006
      1.70000      1.65343 5.74115e-006
      1.70500      1.65343 5.55311e-006
      1.71000      1.65343 5.56911e-006
      1.71500      1.65343 5.58512e-006
      1.72000      1.65343 5.60212e-006
      1.72500      1.65343 5.41108e-006
      1.73000      1.65343 5.42709e-006
      1.73500      1.65343 5.44209e-006
      1.74000      1.65343 5.45809e-006
      1.74500      1.65343 5.47309e-006
      1.75000      1.65343 5.48910e-006
      1.75500      1.65343 5.50510e-006
      1.76000      1.65343 5.52010e-006
      1.76500      1.65343 5.53711e-006
      1.77000      1.65343 5.55211e-006
      1.77500      1.65343 5.78116e-006
      1.78000      1.65343 5.79716e-006
      1.78500      1.65343 5.38508e-006
      1.79000      1.65343 5.61412e-006
      1.79500      1.65343 5.41408e-006
      1.80000      1.65343 5.21304e-006
      1.80500      1.65343 5.01200e-006
      1.81000      1.65343 5.24205e-006
      1.81500      1.65343 5.25605e-006
      1.82000      1.65343 5.05301e-006
      1.82500      1.65343 5.06701e-006
      1.83000      1.65343 5.08102e-006
      1.83500      1.65343 5.09402e-006
      1.84000      1.65343 5.32907e-006
      1.84500      1.65343 5.34407e-006
      1.85000      1.65343 5.13703e-006
      1.85500      1.65343 5.15003e-006
      1.86000      1.65343 5.38708e-006
      1.86500      1.65343 5.40208e-006
      1.87000      1.65343 5.41608e-006
      1.87500      1.65343 5.20604e-006
      1.88000      1.65343 5.44509e-006
      1.88500      1.65343 5.68614e-006
      1.89000      1.65343 5.70114e-006
      1.89500      1.65343 5.94419e-006
      1.90000      1.65343 5.95919e-006
      1.90500      1.65343 6.20424e-006
      1.91000      1.65343 5.99120e-006
      1.91500      1.65343 6.00620e-006
      1.92000      1.65343 6.02220e-006
      1.92500      1.65343 6.26925e-006
      1.93000      1.65343 6.28626e-006
      1.93500      1.65343 6.30226e-006
      1.94000      1.65343 6.08622e-006
      1.94500      1.65343 6.33427e-006
      1.95000      1.65343 6.11722e-006
      1.95500      1.65343 6.13223e-006
      1.96000      1.65343 5.91218e-006
      1.96500      1.65343 5.92819e-006
      1.97000      1.65343 6.17924e-006
      1.97500      1.65343 6.19424e-006
      1.98000      1.65343 6.21024e-006
      1.98500      1.65343 6.22725e-006
      1.99000      1.65343 6.24225e-006
      1.99500      1.65343 6.25825e-006
      2.00000      1.65343 6.03421e-006
      2.00500      1.65343 6.28926e-006
      2.01000      1.65343 6.30426e-006
      2.01500      1.65343 6.32026e-006
      2.02000      1.65343 6.09322e-006
      2.02500      1.65343 6.10922e-006
      2.03000      1.65343 6.36827e-006
      2.03500      1.65343 6.13823e-006
      2.04000      1.65343 6.15423e-006
      2.04500      1.65343 6.16923e-006
      2.05000      1.65343 6.18424e-006
      2.05500      1.65343 6.44629e-006
      2.06000      1.65343 6.46129e-006
      2.06500      1.65343 6.72534e-006
      2.07000      1.65343 6.99040e-006
      2.07500      1.65343 6.75735e-006
      2.08000      1.65343 6.52530e-006
      2.08500      1.65343 6.54031e-006
      2.09000      1.65343 6.30526e-006
      2.09500      1.65343 6.57031e-006
      2.10000      1.65343 6.58732e-006
      2.10500      1.65343 6.60232e-006
      2.11000      1.65343 6.36527e-006
      2.11500      1.65343 6.38028e-006
      2.12000      1.65343 6.39528e-006
      2.12500      1.65343 6.66533e-006
      2.13000      1.65343 6.42528e-006
      2.13500      1.65343 6.44029e-006
      2.14000      1.65343 6.45529e-006
      2.14500      1.65343 6.47029e-006
      2.15000      1.65343 6.48530e-006
      2.15500      1.65343 6.50130e-006
      2.16000      1.65343 6.77435e-006
      2.16500      1.65343 6.79136e-006
      2.17000      1.65343 7.06741e-006
      2.17500      1.65343 6.82236e-006
      2.18000      1.65343 6.57732e-006
      2.18500      1.65343 6.59132e-006
      2.19000      1.65343 6.86937e-006
      2.19500      1.65343 6.88538e-006
      2.20000      1.65343 6.90038e-006
      2.20500      1.65343 6.65233e-006
      2.21000      1.65343 6.93139e-006
      2.21500      1.65343 6.68234e-006
      2.22000      1.65343 6.69634e-006
      2.22500      1.65343 6.71134e-006
      2.23000      1.65343 6.99440e-006
      2.23500      1.65343 7.01040e-006
      2.24000      1.65343 7.02641e-006
      2.24500      1.65343 7.04141e-006
      2.25000      1.65343 6.78836e-006
      2.25500      1.65343 7.07341e-006
      2.26000      1.65343 7.08842e-006
      2.26500      1.65343 6.83337e-006
      2.27000      1.65343 6.84737e-006
      2.27500      1.65343 6.86237e-006
      2.28000      1.65343 6.87738e-006
      2.28500      1.65343 6.89338e-006
      2.29000      1.65343 7.18344e-006
      2.29500      1.65343 7.19844e-006
      2.30000      1.65343 7.21444e-006
      2.30500      1.65343 7.23045e-006
      2.31000      1.65343 7.24645e-006
      2.31500      1.65343 7.26245e-006
      2.32000      1.65343 7.55501e-006
      2.32500      1.65343 7.29346e-006
      2.33000      1.65343 7.30946e-006
      2.33500      1.65343 7.32447e-006
      2.34000      1.65343 7.62102e-006
      2.34500      1.65343 7.63703e-006
      2.35000      1.65343 7.65303e-006
      2.35500      1.65343 7.67003e-006
      2.36000      1.65343 7.97009e-006
      2.36500      1.65343 7.70304e-006
      2.37000      1.65343 7.71904e-006
      2.37500      1.65343 7.73505e-006
      2.38000      1.65343 8.03711e-006
      2.38500      1.65343 7.76805e-006
      2.39000      1.65343 7.78406e-006
      2.39500      1.65343 7.80006e-006
      2.40000      1.65343 7.81606e-006
      2.40500      1.65343 7.83307e-006
      2.41000      1.65343 7.84807e-006
      2.41500      1.65343 7.86607e-006
      2.42000      1.65343 7.88208e-006
      2.42500      1.65343 7.89808e-006
      2.43000      1.65343 7.91408e-006
      2.43500      1.65343 7.93009e-006
      2.44000      1.65343 7.94709e-006
      2.44500      1.65343 8.25615e-006
      2.45000      1.65343 7.97910e-006
      2.45500      1.65343 8.29016e-006
      2.46000      1.65343 8.30716e-006
      2.46500      1.65343 8.32416e-006
      2.47000      1.65343 8.04511e-006
      2.47500      1.65343 8.65623e-006
      2.48000      1.65343 8.67223e-006
      2.48500      1.65343 8.69024e-006
      2.49000      1.65343 8.70724e-006
      2.49500      1.65343 8.42519e-006
      2.50000      1.65343 8.74325e-006
      2.50500      1.65343 8.76125e-006
      2.51000      1.65343 8.77826e-006
      2.51500      1.65343 8.79526e-006
      2.52000      1.65343 8.81326e-006
      2.52500      1.65343 8.83027e-006
      2.53000      1.65343 8.84827e-006
      2.53500      1.65343 8.86527e-006
      2.54000      1.65343 8.57722e-006
      2.54500      1.65343 8.90028e-006
      2.55000      1.65343 8.61222e-006
      2.55500      1.65343 8.62923e-006
      2.56000      1.65343 9.26035e-006
      2.56500      1.65343 8.97129e-006
      2.57000      1.65343 8.98830e-006
      2.57500      1.65343 9.00630e-006
      2.58000      1.65343 9.33237e-006
      2.58500      1.65343 9.35137e-006
      2.59000      1.65343 9.36937e-006
      2.59500      1.65343 9.38638e-006
      2.60000      1.65343 9.40438e-006
