data provided by Paul Lucey in 2006
derived using techniques of Lucey 1998
Forsterite, Fo= 90.4000
minimum grain size (microns)= 0.000000
maximum grain size=(microns) 45.0000
column 1= wavelength, micrometers
column 2= real index
column 3= imaginary index
 
     0.300000      1.65343 9.58342e-005
     0.305000      1.65343 9.00215e-005
     0.310000      1.65343 8.21339e-005
     0.315000      1.65343 7.38348e-005
     0.320000      1.65343 6.36677e-005
     0.325000      1.65343 5.46209e-005
     0.330000      1.65343 4.63183e-005
     0.335000      1.65343 3.91343e-005
     0.340000      1.65343 3.30086e-005
     0.345000      1.65343 2.80371e-005
     0.350000      1.65343 2.41438e-005
     0.355000      1.65343 2.08057e-005
     0.360000      1.65343 1.82081e-005
     0.365000      1.65343 1.62162e-005
     0.370000      1.65343 1.49800e-005
     0.375000      1.65343 1.35717e-005
     0.380000      1.65343 1.29396e-005
     0.385000      1.65343 1.23380e-005
     0.390000      1.65343 1.18159e-005
     0.395000      1.65343 1.11797e-005
     0.400000      1.65343 1.07737e-005
     0.405000      1.65343 1.04566e-005
     0.410000      1.65343 9.46939e-006
     0.415000      1.65343 9.12332e-006
     0.420000      1.65343 8.87127e-006
     0.425000      1.65343 8.71524e-006
     0.430000      1.65343 8.55421e-006
     0.435000      1.65343 8.43919e-006
     0.440000      1.65343 8.26615e-006
     0.445000      1.65343 8.08812e-006
     0.450000      1.65343 8.34417e-006
     0.455000      1.65343 8.32517e-006
     0.460000      1.65343 8.02210e-006
     0.465000      1.65343 7.76805e-006
     0.470000      1.65343 7.56401e-006
     0.475000      1.65343 7.41248e-006
     0.480000      1.65343 7.02240e-006
     0.485000      1.65343 6.85837e-006
     0.490000      1.65343 6.86937e-006
     0.495000      1.65343 6.75935e-006
     0.500000      1.65343 6.52330e-006
     0.505000      1.65343 6.09722e-006
     0.510000      1.65343 5.84817e-006
     0.515000      1.65343 5.71814e-006
     0.520000      1.65343 5.58412e-006
     0.525000      1.65343 5.44709e-006
     0.530000      1.65343 5.37007e-006
     0.535000      1.65343 5.22605e-006
     0.540000      1.65343 5.14503e-006
     0.545000      1.65343 4.99500e-006
     0.550000      1.65343 4.90698e-006
     0.555000      1.65343 4.81796e-006
     0.560000      1.65343 4.72595e-006
     0.565000      1.65343 4.76795e-006
     0.570000      1.65343 4.80996e-006
     0.575000      1.65343 4.85197e-006
     0.580000      1.65343 4.96399e-006
     0.585000      1.65343 4.93699e-006
     0.590000      1.65343 5.05001e-006
     0.595000      1.65343 5.09302e-006
     0.600000      1.65343 5.20804e-006
     0.605000      1.65343 5.32507e-006
     0.610000      1.65343 5.44209e-006
     0.615000      1.65343 5.63613e-006
     0.620000      1.65343 5.68214e-006
     0.625000      1.65343 5.87918e-006
     0.630000      1.65343 6.07822e-006
     0.635000      1.65343 6.12623e-006
     0.640000      1.65343 6.25225e-006
     0.645000      1.65343 6.22324e-006
     0.650000      1.65343 6.27125e-006
     0.655000      1.65343 6.16123e-006
     0.660000      1.65343 6.20824e-006
     0.665000      1.65343 6.17523e-006
     0.670000      1.65343 6.22124e-006
     0.675000      1.65343 6.26725e-006
     0.680000      1.65343 6.39628e-006
     0.685000      1.65343 6.44329e-006
     0.690000      1.65343 6.65733e-006
     0.695000      1.65343 6.78936e-006
     0.700000      1.65343 7.00840e-006
     0.705000      1.65343 7.22845e-006
     0.710000      1.65343 7.45249e-006
     0.715000      1.65343 7.67804e-006
     0.720000      1.65343 8.08112e-006
     0.725000      1.65343 8.40118e-006
     0.730000      1.65343 8.63623e-006
     0.735000      1.65343 9.05231e-006
     0.740000      1.65343 9.38438e-006
     0.745000      1.65343 9.80946e-006
     0.750000      1.65343 1.00585e-005
     0.755000      1.65343 1.07687e-005
     0.760000      1.65343 1.13038e-005
     0.765000      1.65343 1.18449e-005
     0.770000      1.65343 1.23920e-005
     0.775000      1.65343 1.29466e-005
     0.780000      1.65343 1.36987e-005
     0.785000      1.65343 1.42669e-005
     0.790000      1.65343 1.49390e-005
     0.795000      1.65343 1.55221e-005
     0.800000      1.65343 1.61112e-005
     0.805000      1.65343 1.69044e-005
     0.810000      1.65343 1.75080e-005
     0.815000      1.65343 1.80181e-005
     0.820000      1.65343 1.87362e-005
     0.825000      1.65343 1.94614e-005
     0.830000      1.65343 1.99895e-005
     0.835000      1.65343 2.06266e-005
     0.840000      1.65343 2.10617e-005
     0.845000      1.65343 2.17108e-005
     0.850000      1.65343 2.22610e-005
     0.855000      1.65343 2.24985e-005
     0.860000      1.65343 2.31636e-005
     0.865000      1.65343 2.38358e-005
     0.870000      1.65343 2.42979e-005
     0.875000      1.65343 2.46559e-005
     0.880000      1.65343 2.53441e-005
     0.885000      1.65343 2.58192e-005
     0.890000      1.65343 2.61862e-005
     0.895000      1.65343 2.70034e-005
     0.900000      1.65343 2.78291e-005
     0.905000      1.65343 2.84362e-005
     0.910000      1.65343 2.91623e-005
     0.915000      1.65343 3.02395e-005
     0.920000      1.65343 3.12127e-005
     0.925000      1.65343 3.21949e-005
     0.930000      1.65343 3.34227e-005
     0.935000      1.65343 3.46629e-005
     0.940000      1.65343 3.56781e-005
     0.945000      1.65343 3.75410e-005
     0.950000      1.65343 3.90643e-005
     0.955000      1.65343 4.04836e-005
     0.960000      1.65343 4.24060e-005
     0.965000      1.65343 4.42288e-005
     0.970000      1.65343 4.61952e-005
     0.975000      1.65343 4.80601e-005
     0.980000      1.65343 5.01975e-005
     0.985000      1.65343 5.23610e-005
     0.990000      1.65343 5.40348e-005
     0.995000      1.65343 5.59852e-005
      1.00000      1.65343 5.84782e-005
      1.00500      1.65343 6.02115e-005
      1.01000      1.65343 6.20959e-005
      1.01500      1.65343 6.37317e-005
      1.02000      1.65343 6.52510e-005
      1.02500      1.65343 6.70534e-005
      1.03000      1.65343 6.84662e-005
      1.03500      1.65343 6.96174e-005
      1.04000      1.65343 7.09157e-005
      1.04500      1.65343 7.18089e-005
      1.05000      1.65343 7.22920e-005
      1.05500      1.65343 7.26355e-005
      1.06000      1.65343 7.32606e-005
      1.06500      1.65343 7.27606e-005
      1.07000      1.65343 7.28196e-005
      1.07500      1.65343 7.25915e-005
      1.08000      1.65343 7.19319e-005
      1.08500      1.65343 7.11207e-005
      1.09000      1.65343 7.05886e-005
      1.09500      1.65343 6.88993e-005
      1.10000      1.65343 6.77731e-005
      1.10500      1.65343 6.67804e-005
      1.11000      1.65343 6.57782e-005
      1.11500      1.65343 6.44769e-005
      1.12000      1.65343 6.31646e-005
      1.12500      1.65343 6.22780e-005
      1.13000      1.65343 6.12377e-005
      1.13500      1.65343 5.98945e-005
      1.14000      1.65343 5.94224e-005
      1.14500      1.65343 5.83542e-005
      1.15000      1.65343 5.77210e-005
      1.15500      1.65343 5.66363e-005
      1.16000      1.65343 5.62853e-005
      1.16500      1.65343 5.57812e-005
      1.17000      1.65343 5.51210e-005
      1.17500      1.65343 5.47549e-005
      1.18000      1.65343 5.40828e-005
      1.18500      1.65343 5.37057e-005
      1.19000      1.65343 5.33257e-005
      1.19500      1.65343 5.27876e-005
      1.20000      1.65343 5.30076e-005
      1.20500      1.65343 5.29216e-005
      1.21000      1.65343 5.26785e-005
      1.21500      1.65343 5.18139e-005
      1.22000      1.65343 5.18719e-005
      1.22500      1.65343 5.16168e-005
      1.23000      1.65343 5.12027e-005
      1.23500      1.65343 5.09407e-005
      1.24000      1.65343 5.09897e-005
      1.24500      1.65343 5.05636e-005
      1.25000      1.65343 5.01325e-005
      1.25500      1.65343 4.93794e-005
      1.26000      1.65343 4.87793e-005
      1.26500      1.65343 4.86532e-005
      1.27000      1.65343 4.78831e-005
      1.27500      1.65343 4.75890e-005
      1.28000      1.65343 4.72905e-005
      1.28500      1.65343 4.63423e-005
      1.29000      1.65343 4.55481e-005
      1.29500      1.65343 4.50740e-005
      1.30000      1.65343 4.44309e-005
      1.30500      1.65343 4.39468e-005
      1.31000      1.65343 4.34577e-005
      1.31500      1.65343 4.26355e-005
      1.32000      1.65343 4.18059e-005
      1.32500      1.65343 4.09707e-005
      1.33000      1.65343 3.99625e-005
      1.33500      1.65343 3.94464e-005
      1.34000      1.65343 3.87593e-005
      1.34500      1.65343 3.80661e-005
      1.35000      1.65343 3.73685e-005
      1.35500      1.65343 3.70014e-005
      1.36000      1.65343 3.59552e-005
      1.36500      1.65343 3.50720e-005
      1.37000      1.65343 3.43519e-005
      1.37500      1.65343 3.34557e-005
      1.38000      1.65343 3.30656e-005
      1.38500      1.65343 3.21579e-005
      1.39000      1.65343 3.10737e-005
      1.39500      1.65343 3.03256e-005
      1.40000      1.65343 2.95724e-005
      1.40500      1.65343 2.88133e-005
      1.41000      1.65343 2.80491e-005
      1.41500      1.65343 2.72795e-005
      1.42000      1.65343 2.66783e-005
      1.42500      1.65343 2.62472e-005
      1.43000      1.65343 2.52891e-005
      1.43500      1.65343 2.44989e-005
      1.44000      1.65343 2.38788e-005
      1.44500      1.65343 2.32557e-005
      1.45000      1.65343 2.29816e-005
      1.45500      1.65343 2.21729e-005
      1.46000      1.65343 2.15368e-005
      1.46500      1.65343 2.12528e-005
      1.47000      1.65343 2.04306e-005
      1.47500      1.65343 1.99605e-005
      1.48000      1.65343 1.94884e-005
      1.48500      1.65343 1.88313e-005
      1.49000      1.65343 1.85332e-005
      1.49500      1.65343 1.78691e-005
      1.50000      1.65343 1.77450e-005
      1.50500      1.65343 1.74395e-005
      1.51000      1.65343 1.67644e-005
      1.51500      1.65343 1.62693e-005
      1.52000      1.65343 1.59542e-005
      1.52500      1.65343 1.56371e-005
      1.53000      1.65343 1.51320e-005
      1.53500      1.65343 1.48100e-005
      1.54000      1.65343 1.46719e-005
      1.54500      1.65343 1.43459e-005
      1.55000      1.65343 1.40168e-005
      1.55500      1.65343 1.36857e-005
      1.56000      1.65343 1.35417e-005
      1.56500      1.65343 1.33957e-005
      1.57000      1.65343 1.30586e-005
      1.57500      1.65343 1.29096e-005
      1.58000      1.65343 1.25695e-005
      1.58500      1.65343 1.24180e-005
      1.59000      1.65343 1.20729e-005
      1.59500      1.65343 1.21109e-005
      1.60000      1.65343 1.19559e-005
      1.60500      1.65343 1.19929e-005
      1.61000      1.65343 1.18359e-005
      1.61500      1.65343 1.16778e-005
      1.62000      1.65343 1.15188e-005
      1.62500      1.65343 1.13588e-005
      1.63000      1.65343 1.13928e-005
      1.63500      1.65343 1.12307e-005
      1.64000      1.65343 1.10677e-005
      1.64500      1.65343 1.11017e-005
      1.65000      1.65343 1.11347e-005
      1.65500      1.65343 1.09687e-005
      1.66000      1.65343 1.04026e-005
      1.66500      1.65343 1.04336e-005
      1.67000      1.65343 1.02636e-005
      1.67500      1.65343 1.02946e-005
      1.68000      1.65343 1.01225e-005
      1.68500      1.65343 9.94949e-006
      1.69000      1.65343 9.97950e-006
      1.69500      1.65343 1.00085e-005
      1.70000      1.65343 9.83347e-006
      1.70500      1.65343 9.86247e-006
      1.71000      1.65343 9.89148e-006
      1.71500      1.65343 9.92048e-006
      1.72000      1.65343 9.94849e-006
      1.72500      1.65343 9.97850e-006
      1.73000      1.65343 9.79946e-006
      1.73500      1.65343 9.82746e-006
      1.74000      1.65343 9.85547e-006
      1.74500      1.65343 9.88348e-006
      1.75000      1.65343 9.91248e-006
      1.75500      1.65343 9.94049e-006
      1.76000      1.65343 9.96849e-006
      1.76500      1.65343 9.99750e-006
      1.77000      1.65343 1.00245e-005
      1.77500      1.65343 9.84047e-006
      1.78000      1.65343 1.00815e-005
      1.78500      1.65343 9.89548e-006
      1.79000      1.65343 9.92348e-006
      1.79500      1.65343 9.95049e-006
      1.80000      1.65343 9.97850e-006
      1.80500      1.65343 1.00065e-005
      1.81000      1.65343 1.00345e-005
      1.81500      1.65343 1.02796e-005
      1.82000      1.65343 1.03086e-005
      1.82500      1.65343 1.03366e-005
      1.83000      1.65343 1.01445e-005
      1.83500      1.65343 1.03926e-005
      1.84000      1.65343 1.04216e-005
      1.84500      1.65343 1.04496e-005
      1.85000      1.65343 1.04786e-005
      1.85500      1.65343 1.05066e-005
      1.86000      1.65343 1.03116e-005
      1.86500      1.65343 1.03386e-005
      1.87000      1.65343 1.05916e-005
      1.87500      1.65343 1.06206e-005
      1.88000      1.65343 1.04216e-005
      1.88500      1.65343 1.06766e-005
      1.89000      1.65343 1.04776e-005
      1.89500      1.65343 1.07336e-005
      1.90000      1.65343 1.07617e-005
      1.90500      1.65343 1.07897e-005
      1.91000      1.65343 1.08187e-005
      1.91500      1.65343 1.08467e-005
      1.92000      1.65343 1.08747e-005
      1.92500      1.65343 1.09037e-005
      1.93000      1.65343 1.09307e-005
      1.93500      1.65343 1.09597e-005
      1.94000      1.65343 1.07547e-005
      1.94500      1.65343 1.10157e-005
      1.95000      1.65343 1.08097e-005
      1.95500      1.65343 1.10727e-005
      1.96000      1.65343 1.08657e-005
      1.96500      1.65343 1.11297e-005
      1.97000      1.65343 1.09207e-005
      1.97500      1.65343 1.09487e-005
      1.98000      1.65343 1.09767e-005
      1.98500      1.65343 1.10037e-005
      1.99000      1.65343 1.10317e-005
      1.99500      1.65343 1.08197e-005
      2.00000      1.65343 1.08467e-005
      2.00500      1.65343 1.08737e-005
      2.01000      1.65343 1.11427e-005
      2.01500      1.65343 1.09277e-005
      2.02000      1.65343 1.09547e-005
      2.02500      1.65343 1.09827e-005
      2.03000      1.65343 1.10087e-005
      2.03500      1.65343 1.07917e-005
      2.04000      1.65343 1.10627e-005
      2.04500      1.65343 1.08447e-005
      2.05000      1.65343 1.11167e-005
      2.05500      1.65343 1.11447e-005
      2.06000      1.65343 1.11717e-005
      2.06500      1.65343 1.11987e-005
      2.07000      1.65343 1.12257e-005
      2.07500      1.65343 1.10037e-005
      2.08000      1.65343 1.12798e-005
      2.08500      1.65343 1.10567e-005
      2.09000      1.65343 1.13338e-005
      2.09500      1.65343 1.13618e-005
      2.10000      1.65343 1.13888e-005
      2.10500      1.65343 1.14158e-005
      2.11000      1.65343 1.11897e-005
      2.11500      1.65343 1.12157e-005
      2.12000      1.65343 1.12417e-005
      2.12500      1.65343 1.12688e-005
      2.13000      1.65343 1.12948e-005
      2.13500      1.65343 1.13218e-005
      2.14000      1.65343 1.13478e-005
      2.14500      1.65343 1.13748e-005
      2.15000      1.65343 1.14008e-005
      2.15500      1.65343 1.14288e-005
      2.16000      1.65343 1.14538e-005
      2.16500      1.65343 1.14818e-005
      2.17000      1.65343 1.15078e-005
      2.17500      1.65343 1.17949e-005
      2.18000      1.65343 1.15608e-005
      2.18500      1.65343 1.15868e-005
      2.19000      1.65343 1.16128e-005
      2.19500      1.65343 1.16398e-005
      2.20000      1.65343 1.16668e-005
      2.20500      1.65343 1.19579e-005
      2.21000      1.65343 1.19859e-005
      2.21500      1.65343 1.20129e-005
      2.22000      1.65343 1.20399e-005
      2.22500      1.65343 1.20669e-005
      2.23000      1.65343 1.20939e-005
      2.23500      1.65343 1.21209e-005
      2.24000      1.65343 1.21479e-005
      2.24500      1.65343 1.21749e-005
      2.25000      1.65343 1.19319e-005
      2.25500      1.65343 1.22289e-005
      2.26000      1.65343 1.22560e-005
      2.26500      1.65343 1.22830e-005
      2.27000      1.65343 1.23100e-005
      2.27500      1.65343 1.23380e-005
      2.28000      1.65343 1.23650e-005
      2.28500      1.65343 1.23920e-005
      2.29000      1.65343 1.24190e-005
      2.29500      1.65343 1.21699e-005
      2.30000      1.65343 1.24730e-005
      2.30500      1.65343 1.25005e-005
      2.31000      1.65343 1.25275e-005
      2.31500      1.65343 1.22760e-005
      2.32000      1.65343 1.25815e-005
      2.32500      1.65343 1.26095e-005
      2.33000      1.65343 1.26355e-005
      2.33500      1.65343 1.29436e-005
      2.34000      1.65343 1.29716e-005
      2.34500      1.65343 1.27175e-005
      2.35000      1.65343 1.30276e-005
      2.35500      1.65343 1.27716e-005
      2.36000      1.65343 1.27986e-005
      2.36500      1.65343 1.28256e-005
      2.37000      1.65343 1.28536e-005
      2.37500      1.65343 1.28796e-005
      2.38000      1.65343 1.29076e-005
      2.38500      1.65343 1.32206e-005
      2.39000      1.65343 1.29616e-005
      2.39500      1.65343 1.32767e-005
      2.40000      1.65343 1.30156e-005
      2.40500      1.65343 1.33317e-005
      2.41000      1.65343 1.33597e-005
      2.41500      1.65343 1.33877e-005
      2.42000      1.65343 1.34157e-005
      2.42500      1.65343 1.34427e-005
      2.43000      1.65343 1.31786e-005
      2.43500      1.65343 1.34987e-005
      2.44000      1.65343 1.35267e-005
      2.44500      1.65343 1.35537e-005
      2.45000      1.65343 1.35827e-005
      2.45500      1.65343 1.36097e-005
      2.46000      1.65343 1.36377e-005
      2.46500      1.65343 1.36657e-005
      2.47000      1.65343 1.36927e-005
      2.47500      1.65343 1.43169e-005
      2.48000      1.65343 1.43449e-005
      2.48500      1.65343 1.40758e-005
      2.49000      1.65343 1.41038e-005
      2.49500      1.65343 1.41318e-005
      2.50000      1.65343 1.41598e-005
      2.50500      1.65343 1.41888e-005
      2.51000      1.65343 1.42168e-005
      2.51500      1.65343 1.42438e-005
      2.52000      1.65343 1.42729e-005
      2.52500      1.65343 1.43009e-005
      2.53000      1.65343 1.43299e-005
      2.53500      1.65343 1.40538e-005
      2.54000      1.65343 1.37748e-005
      2.54500      1.65343 1.38028e-005
      2.55000      1.65343 1.38298e-005
      2.55500      1.65343 1.35477e-005
      2.56000      1.65343 1.38828e-005
      2.56500      1.65343 1.39108e-005
      2.57000      1.65343 1.33187e-005
      2.57500      1.65343 1.36547e-005
      2.58000      1.65343 1.33707e-005
      2.58500      1.65343 1.37077e-005
      2.59000      1.65343 1.37347e-005
      2.59500      1.65343 1.40728e-005
      2.60000      1.65343 1.28486e-005
