data provided by Paul Lucey in 2006
derived using techniques of Lucey 1998
Forsterite, Fo= 90.2000
minimum grain size (microns)= 0.000000
maximum grain size=(microns) 45.0000
column 1= wavelength, micrometers
column 2= real index
column 3= imaginary index
 
     0.300000      1.65382 9.09437e-005
     0.305000      1.65382 8.41778e-005
     0.310000      1.65382 7.69014e-005
     0.315000      1.65382 6.89893e-005
     0.320000      1.65382 5.95804e-005
     0.325000      1.65382 5.20669e-005
     0.330000      1.65382 4.48850e-005
     0.335000      1.65382 3.87743e-005
     0.340000      1.65382 3.37367e-005
     0.345000      1.65382 2.91353e-005
     0.350000      1.65382 2.57051e-005
     0.355000      1.65382 2.30666e-005
     0.360000      1.65382 2.09907e-005
     0.365000      1.65382 1.93894e-005
     0.370000      1.65382 1.81781e-005
     0.375000      1.65382 1.71274e-005
     0.380000      1.65382 1.62903e-005
     0.385000      1.65382 1.56741e-005
     0.390000      1.65382 1.50880e-005
     0.395000      1.65382 1.44339e-005
     0.400000      1.65382 1.39628e-005
     0.405000      1.65382 1.30206e-005
     0.410000      1.65382 1.25665e-005
     0.415000      1.65382 1.18919e-005
     0.420000      1.65382 1.16178e-005
     0.425000      1.65382 1.12808e-005
     0.430000      1.65382 1.09337e-005
     0.435000      1.65382 1.06306e-005
     0.440000      1.65382 1.02095e-005
     0.445000      1.65382 1.01055e-005
     0.450000      1.65382 1.00525e-005
     0.455000      1.65382 9.82847e-006
     0.460000      1.65382 9.53941e-006
     0.465000      1.65382 9.24335e-006
     0.470000      1.65382 9.05431e-006
     0.475000      1.65382 8.62622e-006
     0.480000      1.65382 8.42418e-006
     0.485000      1.65382 8.33317e-006
     0.490000      1.65382 8.00010e-006
     0.495000      1.65382 8.02110e-006
     0.500000      1.65382 7.55301e-006
     0.505000      1.65382 7.19844e-006
     0.510000      1.65382 7.02040e-006
     0.515000      1.65382 6.90138e-006
     0.520000      1.65382 6.71634e-006
     0.525000      1.65382 6.58932e-006
     0.530000      1.65382 6.52330e-006
     0.535000      1.65382 6.32526e-006
     0.540000      1.65382 6.18724e-006
     0.545000      1.65382 6.04621e-006
     0.550000      1.65382 5.83517e-006
     0.555000      1.65382 5.82116e-006
     0.560000      1.65382 5.80616e-006
     0.565000      1.65382 5.65213e-006
     0.570000      1.65382 5.70214e-006
     0.575000      1.65382 5.68314e-006
     0.580000      1.65382 5.73215e-006
     0.585000      1.65382 5.71114e-006
     0.590000      1.65382 5.76015e-006
     0.595000      1.65382 5.80816e-006
     0.600000      1.65382 5.85717e-006
     0.605000      1.65382 5.90618e-006
     0.610000      1.65382 5.95519e-006
     0.615000      1.65382 6.07822e-006
     0.620000      1.65382 6.12823e-006
     0.625000      1.65382 6.25225e-006
     0.630000      1.65382 6.30326e-006
     0.635000      1.65382 6.35227e-006
     0.640000      1.65382 6.40228e-006
     0.645000      1.65382 6.29626e-006
     0.650000      1.65382 6.26725e-006
     0.655000      1.65382 6.31526e-006
     0.660000      1.65382 6.28326e-006
     0.665000      1.65382 6.25025e-006
     0.670000      1.65382 6.29726e-006
     0.675000      1.65382 6.34427e-006
     0.680000      1.65382 6.47429e-006
     0.685000      1.65382 6.60432e-006
     0.690000      1.65382 6.73635e-006
     0.695000      1.65382 6.95339e-006
     0.700000      1.65382 7.00340e-006
     0.705000      1.65382 7.30946e-006
     0.710000      1.65382 7.53301e-006
     0.715000      1.65382 7.75905e-006
     0.720000      1.65382 7.98810e-006
     0.725000      1.65382 8.21914e-006
     0.730000      1.65382 8.54121e-006
     0.735000      1.65382 8.77826e-006
     0.740000      1.65382 9.10732e-006
     0.745000      1.65382 9.53141e-006
     0.750000      1.65382 1.00515e-005
     0.755000      1.65382 1.05776e-005
     0.760000      1.65382 1.12027e-005
     0.765000      1.65382 1.15568e-005
     0.770000      1.65382 1.21019e-005
     0.775000      1.65382 1.26535e-005
     0.780000      1.65382 1.33067e-005
     0.785000      1.65382 1.39688e-005
     0.790000      1.65382 1.44449e-005
     0.795000      1.65382 1.50230e-005
     0.800000      1.65382 1.56081e-005
     0.805000      1.65382 1.62002e-005
     0.810000      1.65382 1.67984e-005
     0.815000      1.65382 1.73035e-005
     0.820000      1.65382 1.79141e-005
     0.825000      1.65382 1.85312e-005
     0.830000      1.65382 1.89513e-005
     0.835000      1.65382 1.95804e-005
     0.840000      1.65382 2.00085e-005
     0.845000      1.65382 2.06496e-005
     0.850000      1.65382 2.11927e-005
     0.855000      1.65382 2.17408e-005
     0.860000      1.65382 2.24010e-005
     0.865000      1.65382 2.25305e-005
     0.870000      1.65382 2.33087e-005
     0.875000      1.65382 2.36597e-005
     0.880000      1.65382 2.42318e-005
     0.885000      1.65382 2.49200e-005
     0.890000      1.65382 2.53921e-005
     0.895000      1.65382 2.59812e-005
     0.900000      1.65382 2.69104e-005
     0.905000      1.65382 2.77380e-005
     0.910000      1.65382 2.88003e-005
     0.915000      1.65382 2.95304e-005
     0.920000      1.65382 3.04986e-005
     0.925000      1.65382 3.15918e-005
     0.930000      1.65382 3.28136e-005
     0.935000      1.65382 3.42849e-005
     0.940000      1.65382 3.55341e-005
     0.945000      1.65382 3.70364e-005
     0.950000      1.65382 3.90373e-005
     0.955000      1.65382 4.05756e-005
     0.960000      1.65382 4.21319e-005
     0.965000      1.65382 4.39508e-005
     0.970000      1.65382 4.57902e-005
     0.975000      1.65382 4.76510e-005
     0.980000      1.65382 4.96584e-005
     0.985000      1.65382 5.14338e-005
     0.990000      1.65382 5.36127e-005
     0.995000      1.65382 5.56881e-005
      1.00000      1.65382 5.75260e-005
      1.00500      1.65382 5.95144e-005
      1.01000      1.65382 6.09957e-005
      1.01500      1.65382 6.26245e-005
      1.02000      1.65382 6.44019e-005
      1.02500      1.65382 6.55241e-005
      1.03000      1.65382 6.66553e-005
      1.03500      1.65382 6.76600e-005
      1.04000      1.65382 6.86712e-005
      1.04500      1.65382 6.92764e-005
      1.05000      1.65382 6.98845e-005
      1.05500      1.65382 6.99395e-005
      1.06000      1.65382 6.97124e-005
      1.06500      1.65382 6.97615e-005
      1.07000      1.65382 6.93854e-005
      1.07500      1.65382 6.88623e-005
      1.08000      1.65382 6.83322e-005
      1.08500      1.65382 6.72274e-005
      1.09000      1.65382 6.62543e-005
      1.09500      1.65382 6.51290e-005
      1.10000      1.65382 6.39938e-005
      1.10500      1.65382 6.28486e-005
      1.11000      1.65382 6.14048e-005
      1.11500      1.65382 6.05266e-005
      1.12000      1.65382 5.97845e-005
      1.12500      1.65382 5.84542e-005
      1.13000      1.65382 5.72585e-005
      1.13500      1.65382 5.66363e-005
      1.14000      1.65382 5.57151e-005
      1.14500      1.65382 5.50780e-005
      1.15000      1.65382 5.42879e-005
      1.15500      1.65382 5.36367e-005
      1.16000      1.65382 5.31286e-005
      1.16500      1.65382 5.27626e-005
      1.17000      1.65382 5.19449e-005
      1.17500      1.65382 5.18669e-005
      1.18000      1.65382 5.13358e-005
      1.18500      1.65382 5.11017e-005
      1.19000      1.65382 5.08637e-005
      1.19500      1.65382 5.01655e-005
      1.20000      1.65382 5.03756e-005
      1.20500      1.65382 4.99735e-005
      1.21000      1.65382 4.95674e-005
      1.21500      1.65382 4.91563e-005
      1.22000      1.65382 4.88953e-005
      1.22500      1.65382 4.87853e-005
      1.23000      1.65382 4.83622e-005
      1.23500      1.65382 4.79341e-005
      1.24000      1.65382 4.75010e-005
      1.24500      1.65382 4.72214e-005
      1.25000      1.65382 4.67804e-005
      1.25500      1.65382 4.64923e-005
      1.26000      1.65382 4.60432e-005
      1.26500      1.65382 4.54301e-005
      1.27000      1.65382 4.49700e-005
      1.27500      1.65382 4.45059e-005
      1.28000      1.65382 4.41988e-005
      1.28500      1.65382 4.34037e-005
      1.29000      1.65382 4.30876e-005
      1.29500      1.65382 4.24430e-005
      1.30000      1.65382 4.16308e-005
      1.30500      1.65382 4.13018e-005
      1.31000      1.65382 4.03146e-005
      1.31500      1.65382 3.96474e-005
      1.32000      1.65382 3.91403e-005
      1.32500      1.65382 3.82982e-005
      1.33000      1.65382 3.76150e-005
      1.33500      1.65382 3.67614e-005
      1.34000      1.65382 3.59002e-005
      1.34500      1.65382 3.53671e-005
      1.35000      1.65382 3.46619e-005
      1.35500      1.65382 3.39518e-005
      1.36000      1.65382 3.34037e-005
      1.36500      1.65382 3.23460e-005
      1.37000      1.65382 3.17879e-005
      1.37500      1.65382 3.08857e-005
      1.38000      1.65382 3.03176e-005
      1.38500      1.65382 2.94044e-005
      1.39000      1.65382 2.84852e-005
      1.39500      1.65382 2.79021e-005
      1.40000      1.65382 2.74865e-005
      1.40500      1.65382 2.63783e-005
      1.41000      1.65382 2.56081e-005
      1.41500      1.65382 2.50050e-005
      1.42000      1.65382 2.42248e-005
      1.42500      1.65382 2.36137e-005
      1.43000      1.65382 2.28236e-005
      1.43500      1.65382 2.22029e-005
      1.44000      1.65382 2.15778e-005
      1.44500      1.65382 2.11247e-005
      1.45000      1.65382 2.04906e-005
      1.45500      1.65382 1.98535e-005
      1.46000      1.65382 1.93884e-005
      1.46500      1.65382 1.89203e-005
      1.47000      1.65382 1.82712e-005
      1.47500      1.65382 1.77961e-005
      1.48000      1.65382 1.73175e-005
      1.48500      1.65382 1.66553e-005
      1.49000      1.65382 1.63503e-005
      1.49500      1.65382 1.58612e-005
      1.50000      1.65382 1.53701e-005
      1.50500      1.65382 1.48750e-005
      1.51000      1.65382 1.45589e-005
      1.51500      1.65382 1.44229e-005
      1.52000      1.65382 1.39198e-005
      1.52500      1.65382 1.35967e-005
      1.53000      1.65382 1.30866e-005
      1.53500      1.65382 1.29436e-005
      1.54000      1.65382 1.28006e-005
      1.54500      1.65382 1.22830e-005
      1.55000      1.65382 1.19479e-005
      1.55500      1.65382 1.17989e-005
      1.56000      1.65382 1.16488e-005
      1.56500      1.65382 1.13088e-005
      1.57000      1.65382 1.09657e-005
      1.57500      1.65382 1.08117e-005
      1.58000      1.65382 1.06546e-005
      1.58500      1.65382 1.03076e-005
      1.59000      1.65382 1.03396e-005
      1.59500      1.65382 1.03716e-005
      1.60000      1.65382 1.00195e-005
      1.60500      1.65382 9.85747e-006
      1.61000      1.65382 9.69344e-006
      1.61500      1.65382 9.53041e-006
      1.62000      1.65382 9.55941e-006
      1.62500      1.65382 9.39338e-006
      1.63000      1.65382 9.42138e-006
      1.63500      1.65382 9.25435e-006
      1.64000      1.65382 9.08532e-006
      1.64500      1.65382 8.91528e-006
      1.65000      1.65382 8.74425e-006
      1.65500      1.65382 8.77025e-006
      1.66000      1.65382 8.79626e-006
      1.66500      1.65382 8.62322e-006
      1.67000      1.65382 8.64823e-006
      1.67500      1.65382 8.47319e-006
      1.68000      1.65382 8.49820e-006
      1.68500      1.65382 8.52420e-006
      1.69000      1.65382 8.34617e-006
      1.69500      1.65382 8.37017e-006
      1.70000      1.65382 8.19114e-006
      1.70500      1.65382 8.21514e-006
      1.71000      1.65382 8.23915e-006
      1.71500      1.65382 8.26315e-006
      1.72000      1.65382 8.28716e-006
      1.72500      1.65382 8.31116e-006
      1.73000      1.65382 8.12813e-006
      1.73500      1.65382 8.35917e-006
      1.74000      1.65382 8.17413e-006
      1.74500      1.65382 8.19814e-006
      1.75000      1.65382 8.22114e-006
      1.75500      1.65382 8.24515e-006
      1.76000      1.65382 8.26815e-006
      1.76500      1.65382 8.29216e-006
      1.77000      1.65382 8.31516e-006
      1.77500      1.65382 8.33917e-006
      1.78000      1.65382 8.36217e-006
      1.78500      1.65382 8.38518e-006
      1.79000      1.65382 8.40918e-006
      1.79500      1.65382 8.43219e-006
      1.80000      1.65382 8.45619e-006
      1.80500      1.65382 8.47920e-006
      1.81000      1.65382 8.50320e-006
      1.81500      1.65382 8.30816e-006
      1.82000      1.65382 8.55021e-006
      1.82500      1.65382 8.35517e-006
      1.83000      1.65382 8.37718e-006
      1.83500      1.65382 8.62022e-006
      1.84000      1.65382 8.64323e-006
      1.84500      1.65382 8.44619e-006
      1.85000      1.65382 8.69024e-006
      1.85500      1.65382 8.71424e-006
      1.86000      1.65382 8.73725e-006
      1.86500      1.65382 8.53721e-006
      1.87000      1.65382 8.78526e-006
      1.87500      1.65382 9.03331e-006
      1.88000      1.65382 8.60622e-006
      1.88500      1.65382 8.62923e-006
      1.89000      1.65382 8.65223e-006
      1.89500      1.65382 8.67523e-006
      1.90000      1.65382 8.92628e-006
      1.90500      1.65382 8.94929e-006
      1.91000      1.65382 8.97329e-006
      1.91500      1.65382 8.99630e-006
      1.92000      1.65382 9.02030e-006
      1.92500      1.65382 9.04331e-006
      1.93000      1.65382 9.06631e-006
      1.93500      1.65382 9.09032e-006
      1.94000      1.65382 9.11332e-006
      1.94500      1.65382 8.90428e-006
      1.95000      1.65382 9.16033e-006
      1.95500      1.65382 8.95029e-006
      1.96000      1.65382 9.20734e-006
      1.96500      1.65382 8.99530e-006
      1.97000      1.65382 9.01830e-006
      1.97500      1.65382 9.04031e-006
      1.98000      1.65382 9.06331e-006
      1.98500      1.65382 9.08632e-006
      1.99000      1.65382 9.10932e-006
      1.99500      1.65382 8.89328e-006
      2.00000      1.65382 8.91528e-006
      2.00500      1.65382 8.93729e-006
      2.01000      1.65382 8.95929e-006
      2.01500      1.65382 8.98130e-006
      2.02000      1.65382 9.00430e-006
      2.02500      1.65382 9.02631e-006
      2.03000      1.65382 9.04831e-006
      2.03500      1.65382 9.07131e-006
      2.04000      1.65382 9.09332e-006
      2.04500      1.65382 9.11532e-006
      2.05000      1.65382 9.13733e-006
      2.05500      1.65382 9.16033e-006
      2.06000      1.65382 9.18234e-006
      2.06500      1.65382 9.45239e-006
      2.07000      1.65382 9.22734e-006
      2.07500      1.65382 9.24935e-006
      2.08000      1.65382 9.27135e-006
      2.08500      1.65382 9.04331e-006
      2.09000      1.65382 9.31636e-006
      2.09500      1.65382 9.33837e-006
      2.10000      1.65382 9.36037e-006
      2.10500      1.65382 9.38238e-006
      2.11000      1.65382 9.15233e-006
      2.11500      1.65382 9.17333e-006
      2.12000      1.65382 9.19534e-006
      2.12500      1.65382 9.21734e-006
      2.13000      1.65382 9.23935e-006
      2.13500      1.65382 9.51640e-006
      2.14000      1.65382 9.53841e-006
      2.14500      1.65382 9.56141e-006
      2.15000      1.65382 9.58342e-006
      2.15500      1.65382 9.60642e-006
      2.16000      1.65382 9.62843e-006
      2.16500      1.65382 9.91048e-006
      2.17000      1.65382 9.93349e-006
      2.17500      1.65382 9.95549e-006
      2.18000      1.65382 9.71744e-006
      2.18500      1.65382 9.73945e-006
      2.19000      1.65382 9.76145e-006
      2.19500      1.65382 9.78446e-006
      2.20000      1.65382 9.80646e-006
      2.20500      1.65382 9.82847e-006
      2.21000      1.65382 9.58542e-006
      2.21500      1.65382 9.87347e-006
      2.22000      1.65382 9.62843e-006
      2.22500      1.65382 9.65143e-006
      2.23000      1.65382 9.67143e-006
      2.23500      1.65382 9.69344e-006
      2.24000      1.65382 9.71644e-006
      2.24500      1.65382 9.73745e-006
      2.25000      1.65382 9.75845e-006
      2.25500      1.65382 9.78046e-006
      2.26000      1.65382 9.53141e-006
      2.26500      1.65382 9.82346e-006
      2.27000      1.65382 9.84547e-006
      2.27500      1.65382 9.59442e-006
      2.28000      1.65382 9.61542e-006
      2.28500      1.65382 9.91048e-006
      2.29000      1.65382 9.93149e-006
      2.29500      1.65382 9.67944e-006
      2.30000      1.65382 9.69944e-006
      2.30500      1.65382 9.72144e-006
      2.31000      1.65382 9.74145e-006
      2.31500      1.65382 9.76345e-006
      2.32000      1.65382 1.00625e-005
      2.32500      1.65382 1.00835e-005
      2.33000      1.65382 9.82646e-006
      2.33500      1.65382 9.84747e-006
      2.34000      1.65382 1.01495e-005
      2.34500      1.65382 1.01715e-005
      2.35000      1.65382 1.01925e-005
      2.35500      1.65382 1.04966e-005
      2.36000      1.65382 1.02365e-005
      2.36500      1.65382 1.05416e-005
      2.37000      1.65382 1.05646e-005
      2.37500      1.65382 1.05876e-005
      2.38000      1.65382 1.06086e-005
      2.38500      1.65382 1.06306e-005
      2.39000      1.65382 1.06536e-005
      2.39500      1.65382 1.06756e-005
      2.40000      1.65382 1.06976e-005
      2.40500      1.65382 1.07206e-005
      2.41000      1.65382 1.07426e-005
      2.41500      1.65382 1.07647e-005
      2.42000      1.65382 1.10777e-005
      2.42500      1.65382 1.11007e-005
      2.43000      1.65382 1.11237e-005
      2.43500      1.65382 1.11467e-005
      2.44000      1.65382 1.11687e-005
      2.44500      1.65382 1.11917e-005
      2.45000      1.65382 1.09207e-005
      2.45500      1.65382 1.12377e-005
      2.46000      1.65382 1.09667e-005
      2.46500      1.65382 1.09887e-005
      2.47000      1.65382 1.13068e-005
      2.47500      1.65382 1.13298e-005
      2.48000      1.65382 1.13518e-005
      2.48500      1.65382 1.13758e-005
      2.49000      1.65382 1.13978e-005
      2.49500      1.65382 1.11217e-005
      2.50000      1.65382 1.11437e-005
      2.50500      1.65382 1.11667e-005
      2.51000      1.65382 1.11887e-005
      2.51500      1.65382 1.12097e-005
      2.52000      1.65382 1.12327e-005
      2.52500      1.65382 1.12547e-005
      2.53000      1.65382 1.12778e-005
      2.53500      1.65382 1.12998e-005
      2.54000      1.65382 1.10167e-005
      2.54500      1.65382 1.16498e-005
      2.55000      1.65382 1.22860e-005
      2.55500      1.65382 1.07757e-005
      2.56000      1.65382 1.20259e-005
      2.56500      1.65382 1.20499e-005
      2.57000      1.65382 1.20739e-005
      2.57500      1.65382 1.24070e-005
      2.58000      1.65382 1.18109e-005
      2.58500      1.65382 1.24550e-005
      2.59000      1.65382 1.18569e-005
      2.59500      1.65382 1.25035e-005
      2.60000      1.65382 1.15898e-005
