data provided by Paul Lucey in 2006
derived using techniques of Lucey 1998
Forsterite, Fo= 59.5000
minimum grain size (microns)= 0.000000
maximum grain size=(microns) 45.0000
column 1= wavelength, micrometers
column 2= real index
column 3= imaginary index
 
     0.300000      1.71276  0.000483215
     0.305000      1.71276  0.000472345
     0.310000      1.71276  0.000466881
     0.315000      1.71276  0.000452719
     0.320000      1.71276  0.000430850
     0.325000      1.71276  0.000415117
     0.330000      1.71276  0.000384196
     0.335000      1.71276  0.000361333
     0.340000      1.71276  0.000333444
     0.345000      1.71276  0.000307434
     0.350000      1.71276  0.000277232
     0.355000      1.71276  0.000249332
     0.360000      1.71276  0.000223508
     0.365000      1.71276  0.000199388
     0.370000      1.71276  0.000179945
     0.375000      1.71276  0.000162195
     0.380000      1.71276  0.000149408
     0.385000      1.71276  0.000138506
     0.390000      1.71276  0.000129388
     0.395000      1.71276  0.000121716
     0.400000      1.71276  0.000116219
     0.405000      1.71276  0.000113768
     0.410000      1.71276  0.000105759
     0.415000      1.71276  0.000100850
     0.420000      1.71276 9.73675e-005
     0.425000      1.71276 9.45709e-005
     0.430000      1.71276 9.25215e-005
     0.435000      1.71276 8.99755e-005
     0.440000      1.71276 8.79161e-005
     0.445000      1.71276 8.64093e-005
     0.450000      1.71276 8.63203e-005
     0.455000      1.71276 8.64113e-005
     0.460000      1.71276 8.52781e-005
     0.465000      1.71276 8.29756e-005
     0.470000      1.71276 8.15088e-005
     0.475000      1.71276 8.02125e-005
     0.480000      1.71276 7.73355e-005
     0.485000      1.71276 7.57722e-005
     0.490000      1.71276 7.49230e-005
     0.495000      1.71276 7.42539e-005
     0.500000      1.71276 7.32887e-005
     0.505000      1.71276 7.08577e-005
     0.510000      1.71276 6.87382e-005
     0.515000      1.71276 6.71374e-005
     0.520000      1.71276 6.59222e-005
     0.525000      1.71276 6.48900e-005
     0.530000      1.71276 6.43219e-005
     0.535000      1.71276 6.35257e-005
     0.540000      1.71276 6.27796e-005
     0.545000      1.71276 6.18719e-005
     0.550000      1.71276 6.10867e-005
     0.555000      1.71276 6.05676e-005
     0.560000      1.71276 6.00335e-005
     0.565000      1.71276 5.99175e-005
     0.570000      1.71276 5.98635e-005
     0.575000      1.71276 5.97274e-005
     0.580000      1.71276 5.97284e-005
     0.585000      1.71276 5.99445e-005
     0.590000      1.71276 5.99315e-005
     0.595000      1.71276 6.05146e-005
     0.600000      1.71276 6.05656e-005
     0.605000      1.71276 6.04556e-005
     0.610000      1.71276 6.08787e-005
     0.615000      1.71276 6.13768e-005
     0.620000      1.71276 6.17188e-005
     0.625000      1.71276 6.21379e-005
     0.630000      1.71276 6.22360e-005
     0.635000      1.71276 6.20869e-005
     0.640000      1.71276 6.24950e-005
     0.645000      1.71276 6.21689e-005
     0.650000      1.71276 6.24050e-005
     0.655000      1.71276 6.20599e-005
     0.660000      1.71276 6.22019e-005
     0.665000      1.71276 6.23390e-005
     0.670000      1.71276 6.23870e-005
     0.675000      1.71276 6.28526e-005
     0.680000      1.71276 6.31476e-005
     0.685000      1.71276 6.33547e-005
     0.690000      1.71276 6.40758e-005
     0.695000      1.71276 6.43669e-005
     0.700000      1.71276 6.50050e-005
     0.705000      1.71276 6.55581e-005
     0.710000      1.71276 6.64683e-005
     0.715000      1.71276 6.71154e-005
     0.720000      1.71276 6.76750e-005
     0.725000      1.71276 6.87833e-005
     0.730000      1.71276 6.97174e-005
     0.735000      1.71276 7.09357e-005
     0.740000      1.71276 7.14188e-005
     0.745000      1.71276 7.28416e-005
     0.750000      1.71276 7.38998e-005
     0.755000      1.71276 7.54451e-005
     0.760000      1.71276 7.65233e-005
     0.765000      1.71276 7.81941e-005
     0.770000      1.71276 7.98845e-005
     0.775000      1.71276 8.14928e-005
     0.780000      1.71276 8.32176e-005
     0.785000      1.71276 8.48600e-005
     0.790000      1.71276 8.71304e-005
     0.795000      1.71276 8.98415e-005
     0.800000      1.71276 9.23810e-005
     0.805000      1.71276 9.48480e-005
     0.810000      1.71276 9.78771e-005
     0.815000      1.71276  0.000100949
     0.820000      1.71276  0.000103629
     0.825000      1.71276  0.000106341
     0.830000      1.71276  0.000109976
     0.835000      1.71276  0.000112654
     0.840000      1.71276  0.000116611
     0.845000      1.71276  0.000120055
     0.850000      1.71276  0.000122848
     0.855000      1.71276  0.000126729
     0.860000      1.71276  0.000130548
     0.865000      1.71276  0.000133820
     0.870000      1.71276  0.000136890
     0.875000      1.71276  0.000140610
     0.880000      1.71276  0.000143264
     0.885000      1.71276  0.000147069
     0.890000      1.71276  0.000149032
     0.895000      1.71276  0.000152790
     0.900000      1.71276  0.000156980
     0.905000      1.71276  0.000159538
     0.910000      1.71276  0.000163299
     0.915000      1.71276  0.000165914
     0.920000      1.71276  0.000167352
     0.925000      1.71276  0.000171215
     0.930000      1.71276  0.000174581
     0.935000      1.71276  0.000177845
     0.940000      1.71276  0.000179347
     0.945000      1.71276  0.000183500
     0.950000      1.71276  0.000185873
     0.955000      1.71276  0.000188973
     0.960000      1.71276  0.000192532
     0.965000      1.71276  0.000195694
     0.970000      1.71276  0.000197579
     0.975000      1.71276  0.000201523
     0.980000      1.71276  0.000203589
     0.985000      1.71276  0.000206261
     0.990000      1.71276  0.000210155
     0.995000      1.71276  0.000213484
      1.00000      1.71276  0.000216691
      1.00500      1.71276  0.000218849
      1.01000      1.71276  0.000222414
      1.01500      1.71276  0.000225075
      1.02000      1.71276  0.000228070
      1.02500      1.71276  0.000230138
      1.03000      1.71276  0.000233492
      1.03500      1.71276  0.000235267
      1.04000      1.71276  0.000237696
      1.04500      1.71276  0.000239326
      1.05000      1.71276  0.000240309
      1.05500      1.71276  0.000242767
      1.06000      1.71276  0.000243257
      1.06500      1.71276  0.000244238
      1.07000      1.71276  0.000244553
      1.07500      1.71276  0.000244527
      1.08000      1.71276  0.000243489
      1.08500      1.71276  0.000243777
      1.09000      1.71276  0.000243050
      1.09500      1.71276  0.000240461
      1.10000      1.71276  0.000239705
      1.10500      1.71276  0.000237253
      1.11000      1.71276  0.000236470
      1.11500      1.71276  0.000233652
      1.12000      1.71276  0.000232336
      1.12500      1.71276  0.000230331
      1.13000      1.71276  0.000228142
      1.13500      1.71276  0.000226108
      1.14000      1.71276  0.000224229
      1.14500      1.71276  0.000223011
      1.15000      1.71276  0.000221104
      1.15500      1.71276  0.000218844
      1.16000      1.71276  0.000217587
      1.16500      1.71276  0.000216316
      1.17000      1.71276  0.000215204
      1.17500      1.71276  0.000214590
      1.18000      1.71276  0.000212772
      1.18500      1.71276  0.000211965
      1.19000      1.71276  0.000211660
      1.19500      1.71276  0.000211004
      1.20000      1.71276  0.000211198
      1.20500      1.71276  0.000210697
      1.21000      1.71276  0.000209841
      1.21500      1.71276  0.000209841
      1.22000      1.71276  0.000209139
      1.22500      1.71276  0.000208951
      1.23000      1.71276  0.000209454
      1.23500      1.71276  0.000208902
      1.24000      1.71276  0.000208518
      1.24500      1.71276  0.000208653
      1.25000      1.71276  0.000207901
      1.25500      1.71276  0.000207492
      1.26000      1.71276  0.000207254
      1.26500      1.71276  0.000206652
      1.27000      1.71276  0.000205686
      1.27500      1.71276  0.000205066
      1.28000      1.71276  0.000204617
      1.28500      1.71276  0.000204160
      1.29000      1.71276  0.000203156
      1.29500      1.71276  0.000202501
      1.30000      1.71276  0.000201117
      1.30500      1.71276  0.000199902
      1.31000      1.71276  0.000198496
      1.31500      1.71276  0.000196898
      1.32000      1.71276  0.000196014
      1.32500      1.71276  0.000195485
      1.33000      1.71276  0.000193855
      1.33500      1.71276  0.000192397
      1.34000      1.71276  0.000190382
      1.34500      1.71276  0.000189266
      1.35000      1.71276  0.000188689
      1.35500      1.71276  0.000188288
      1.36000      1.71276  0.000187329
      1.36500      1.71276  0.000185443
      1.37000      1.71276  0.000183362
      1.37500      1.71276  0.000180903
      1.38000      1.71276  0.000178798
      1.38500      1.71276  0.000178340
      1.39000      1.71276  0.000175663
      1.39500      1.71276  0.000175002
      1.40000      1.71276  0.000172302
      1.40500      1.71276  0.000170329
      1.41000      1.71276  0.000168160
      1.41500      1.71276  0.000165796
      1.42000      1.71276  0.000164161
      1.42500      1.71276  0.000160852
      1.43000      1.71276  0.000159195
      1.43500      1.71276  0.000158084
      1.44000      1.71276  0.000155667
      1.44500      1.71276  0.000154166
      1.45000      1.71276  0.000151913
      1.45500      1.71276  0.000150764
      1.46000      1.71276  0.000147934
      1.46500      1.71276  0.000146951
      1.47000      1.71276  0.000145402
      1.47500      1.71276  0.000143845
      1.48000      1.71276  0.000142091
      1.48500      1.71276  0.000140888
      1.49000      1.71276  0.000138928
      1.49500      1.71276  0.000137521
      1.50000      1.71276  0.000136854
      1.50500      1.71276  0.000135055
      1.51000      1.71276  0.000133999
      1.51500      1.71276  0.000132181
      1.52000      1.71276  0.000131674
      1.52500      1.71276  0.000130217
      1.53000      1.71276  0.000128939
      1.53500      1.71276  0.000128034
      1.54000      1.71276  0.000127121
      1.54500      1.71276  0.000126012
      1.55000      1.71276  0.000125467
      1.55500      1.71276  0.000124726
      1.56000      1.71276  0.000123405
      1.56500      1.71276  0.000123034
      1.57000      1.71276  0.000122659
      1.57500      1.71276  0.000121509
      1.58000      1.71276  0.000120930
      1.58500      1.71276  0.000120733
      1.59000      1.71276  0.000119951
      1.59500      1.71276  0.000119939
      1.60000      1.71276  0.000118954
      1.60500      1.71276  0.000119130
      1.61000      1.71276  0.000118328
      1.61500      1.71276  0.000118303
      1.62000      1.71276  0.000118277
      1.62500      1.71276  0.000117657
      1.63000      1.71276  0.000118414
      1.63500      1.71276  0.000117589
      1.64000      1.71276  0.000117750
      1.64500      1.71276  0.000117711
      1.65000      1.71276  0.000117470
      1.65500      1.71276  0.000117826
      1.66000      1.71276  0.000117781
      1.66500      1.71276  0.000117532
      1.67000      1.71276  0.000117683
      1.67500      1.71276  0.000117227
      1.68000      1.71276  0.000118388
      1.68500      1.71276  0.000118333
      1.69000      1.71276  0.000118889
      1.69500      1.71276  0.000119035
      1.70000      1.71276  0.000119386
      1.70500      1.71276  0.000119121
      1.71000      1.71276  0.000119883
      1.71500      1.71276  0.000120234
      1.72000      1.71276  0.000120377
      1.72500      1.71276  0.000120727
      1.73000      1.71276  0.000120868
      1.73500      1.71276  0.000121217
      1.74000      1.71276  0.000121776
      1.74500      1.71276  0.000122337
      1.75000      1.71276  0.000122688
      1.75500      1.71276  0.000123038
      1.76000      1.71276  0.000123601
      1.76500      1.71276  0.000124378
      1.77000      1.71276  0.000124303
      1.77500      1.71276  0.000124868
      1.78000      1.71276  0.000125005
      1.78500      1.71276  0.000126003
      1.79000      1.71276  0.000126356
      1.79500      1.71276  0.000126925
      1.80000      1.71276  0.000127061
      1.80500      1.71276  0.000127851
      1.81000      1.71276  0.000128205
      1.81500      1.71276  0.000128559
      1.82000      1.71276  0.000128913
      1.82500      1.71276  0.000129708
      1.83000      1.71276  0.000130064
      1.83500      1.71276  0.000130198
      1.84000      1.71276  0.000130775
      1.84500      1.71276  0.000130684
      1.85000      1.71276  0.000131709
      1.85500      1.71276  0.000132289
      1.86000      1.71276  0.000132646
      1.86500      1.71276  0.000133228
      1.87000      1.71276  0.000133812
      1.87500      1.71276  0.000133489
      1.88000      1.71276  0.000134072
      1.88500      1.71276  0.000135341
      1.89000      1.71276  0.000136386
      1.89500      1.71276  0.000136747
      1.90000      1.71276  0.000137337
      1.90500      1.71276  0.000138623
      1.91000      1.71276  0.000137830
      1.91500      1.71276  0.000138654
      1.92000      1.71276  0.000139016
      1.92500      1.71276  0.000139844
      1.93000      1.71276  0.000140208
      1.93500      1.71276  0.000140806
      1.94000      1.71276  0.000141405
      1.94500      1.71276  0.000141298
      1.95000      1.71276  0.000141425
      1.95500      1.71276  0.000141788
      1.96000      1.71276  0.000141675
      1.96500      1.71276  0.000142513
      1.97000      1.71276  0.000142637
      1.97500      1.71276  0.000142521
      1.98000      1.71276  0.000142881
      1.98500      1.71276  0.000142762
      1.99000      1.71276  0.000143362
      1.99500      1.71276  0.000143722
      2.00000      1.71276  0.000143114
      2.00500      1.71276  0.000143714
      2.01000      1.71276  0.000143344
      2.01500      1.71276  0.000142969
      2.02000      1.71276  0.000143324
      2.02500      1.71276  0.000143434
      2.03000      1.71276  0.000143788
      2.03500      1.71276  0.000143159
      2.04000      1.71276  0.000143757
      2.04500      1.71276  0.000143369
      2.05000      1.71276  0.000143720
      2.05500      1.71276  0.000143574
      2.06000      1.71276  0.000143675
      2.06500      1.71276  0.000144024
      2.07000      1.71276  0.000143624
      2.07500      1.71276  0.000143221
      2.08000      1.71276  0.000143065
      2.08500      1.71276  0.000142906
      2.09000      1.71276  0.000144256
      2.09500      1.71276  0.000143340
      2.10000      1.71276  0.000142419
      2.10500      1.71276  0.000142759
      2.11000      1.71276  0.000142590
      2.11500      1.71276  0.000142674
      2.12000      1.71276  0.000142247
      2.12500      1.71276  0.000142838
      2.13000      1.71276  0.000142151
      2.13500      1.71276  0.000141972
      2.14000      1.71276  0.000142048
      2.14500      1.71276  0.000142638
      2.15000      1.71276  0.000141939
      2.15500      1.71276  0.000141494
      2.16000      1.71276  0.000141305
      2.16500      1.71276  0.000141114
      2.17000      1.71276  0.000141700
      2.17500      1.71276  0.000142026
      2.18000      1.71276  0.000141570
      2.18500      1.71276  0.000141634
      2.19000      1.71276  0.000141434
      2.19500      1.71276  0.000142019
      2.20000      1.71276  0.000141554
      2.20500      1.71276  0.000141876
      2.21000      1.71276  0.000141669
      2.21500      1.71276  0.000141725
      2.22000      1.71276  0.000141250
      2.22500      1.71276  0.000141833
      2.23000      1.71276  0.000141354
      2.23500      1.71276  0.000141671
      2.24000      1.71276  0.000141720
      2.24500      1.71276  0.000142304
      2.25000      1.71276  0.000141816
      2.25500      1.71276  0.000141863
      2.26000      1.71276  0.000142446
      2.26500      1.71276  0.000141412
      2.27000      1.71276  0.000142265
      2.27500      1.71276  0.000142307
      2.28000      1.71276  0.000142349
      2.28500      1.71276  0.000142661
      2.29000      1.71276  0.000143246
      2.29500      1.71276  0.000143832
      2.30000      1.71276  0.000143871
      2.30500      1.71276  0.000143909
      2.31000      1.71276  0.000144496
      2.31500      1.71276  0.000145361
      2.32000      1.71276  0.000145951
      2.32500      1.71276  0.000145712
      2.33000      1.71276  0.000145470
      2.33500      1.71276  0.000146060
      2.34000      1.71276  0.000145258
      2.34500      1.71276  0.000144731
      2.35000      1.71276  0.000143923
      2.35500      1.71276  0.000143668
      2.36000      1.71276  0.000143693
      2.36500      1.71276  0.000143717
      2.37000      1.71276  0.000143740
      2.37500      1.71276  0.000143761
      2.38000      1.71276  0.000144346
      2.38500      1.71276  0.000144649
      2.39000      1.71276  0.000144668
      2.39500      1.71276  0.000144402
      2.40000      1.71276  0.000144134
      2.40500      1.71276  0.000144435
      2.41000      1.71276  0.000144449
      2.41500      1.71276  0.000144749
      2.42000      1.71276  0.000143901
      2.42500      1.71276  0.000144198
      2.43000      1.71276  0.000144207
      2.43500      1.71276  0.000144504
      2.44000      1.71276  0.000144801
      2.44500      1.71276  0.000144808
      2.45000      1.71276  0.000145394
      2.45500      1.71276  0.000145109
      2.46000      1.71276  0.000145696
      2.46500      1.71276  0.000145700
      2.47000      1.71276  0.000145703
      2.47500      1.71276  0.000147171
      2.48000      1.71276  0.000146587
      2.48500      1.71276  0.000146294
      2.49000      1.71276  0.000146293
      2.49500      1.71276  0.000145701
      2.50000      1.71276  0.000145993
      2.50500      1.71276  0.000145989
      2.51000      1.71276  0.000145687
      2.51500      1.71276  0.000145679
      2.52000      1.71276  0.000146267
      2.52500      1.71276  0.000145960
      2.53000      1.71276  0.000145353
      2.53500      1.71276  0.000144742
      2.54000      1.71276  0.000143829
      2.54500      1.71276  0.000145013
      2.55000      1.71276  0.000144394
      2.55500      1.71276  0.000142871
      2.56000      1.71276  0.000143452
      2.56500      1.71276  0.000145849
      2.57000      1.71276  0.000141290
      2.57500      1.71276  0.000142171
      2.58000      1.71276  0.000141536
      2.58500      1.71276  0.000142723
      2.59000      1.71276  0.000141476
      2.59500      1.71276  0.000142360
      2.60000      1.71276  0.000138664
