data provided by Paul Lucey in 2006
derived using techniques of Lucey 1998
Forsterite, Fo= 96.9000
minimum grain size (microns)= 0.000000
maximum grain size=(microns) 45.0000
column 1= wavelength, micrometers
column 2= real index
column 3= imaginary index
 
     0.300000      1.64095 4.75360e-005
     0.305000      1.64095 4.37478e-005
     0.310000      1.64095 3.98135e-005
     0.315000      1.64095 3.55991e-005
     0.320000      1.64095 3.18329e-005
     0.325000      1.64095 2.83742e-005
     0.330000      1.64095 2.55841e-005
     0.335000      1.64095 2.31036e-005
     0.340000      1.64095 2.07096e-005
     0.345000      1.64095 1.89963e-005
     0.350000      1.64095 1.74265e-005
     0.355000      1.64095 1.61412e-005
     0.360000      1.64095 1.51040e-005
     0.365000      1.64095 1.39898e-005
     0.370000      1.64095 1.31806e-005
     0.375000      1.64095 1.23960e-005
     0.380000      1.64095 1.16858e-005
     0.385000      1.64095 1.10057e-005
     0.390000      1.64095 1.05526e-005
     0.395000      1.64095 1.01375e-005
     0.400000      1.64095 9.65743e-006
     0.405000      1.64095 9.16433e-006
     0.410000      1.64095 8.70924e-006
     0.415000      1.64095 8.45019e-006
     0.420000      1.64095 8.07611e-006
     0.425000      1.64095 7.79906e-006
     0.430000      1.64095 7.46049e-006
     0.435000      1.64095 7.22044e-006
     0.440000      1.64095 6.91838e-006
     0.445000      1.64095 6.77435e-006
     0.450000      1.64095 6.68234e-006
     0.455000      1.64095 6.58632e-006
     0.460000      1.64095 6.37127e-006
     0.465000      1.64095 6.26725e-006
     0.470000      1.64095 6.10022e-006
     0.475000      1.64095 5.98820e-006
     0.480000      1.64095 5.87217e-006
     0.485000      1.64095 5.81316e-006
     0.490000      1.64095 5.75115e-006
     0.495000      1.64095 5.56411e-006
     0.500000      1.64095 5.49610e-006
     0.505000      1.64095 5.30006e-006
     0.510000      1.64095 5.22605e-006
     0.515000      1.64095 5.02200e-006
     0.520000      1.64095 5.00700e-006
     0.525000      1.64095 4.85997e-006
     0.530000      1.64095 4.83997e-006
     0.535000      1.64095 4.75395e-006
     0.540000      1.64095 4.73095e-006
     0.545000      1.64095 4.70794e-006
     0.550000      1.64095 4.61492e-006
     0.555000      1.64095 4.65693e-006
     0.560000      1.64095 4.55991e-006
     0.565000      1.64095 4.53091e-006
     0.570000      1.64095 4.50090e-006
     0.575000      1.64095 4.53991e-006
     0.580000      1.64095 4.36487e-006
     0.585000      1.64095 4.40188e-006
     0.590000      1.64095 4.36687e-006
     0.595000      1.64095 4.40388e-006
     0.600000      1.64095 4.36687e-006
     0.605000      1.64095 4.32887e-006
     0.610000      1.64095 4.28886e-006
     0.615000      1.64095 4.39988e-006
     0.620000      1.64095 4.35987e-006
     0.625000      1.64095 4.39488e-006
     0.630000      1.64095 4.35187e-006
     0.635000      1.64095 4.38588e-006
     0.640000      1.64095 4.42088e-006
     0.645000      1.64095 4.29686e-006
     0.650000      1.64095 4.40988e-006
     0.655000      1.64095 4.28186e-006
     0.660000      1.64095 4.39588e-006
     0.665000      1.64095 4.34787e-006
     0.670000      1.64095 4.37988e-006
     0.675000      1.64095 4.32987e-006
     0.680000      1.64095 4.36187e-006
     0.685000      1.64095 4.47790e-006
     0.690000      1.64095 4.51090e-006
     0.695000      1.64095 4.54391e-006
     0.700000      1.64095 4.57592e-006
     0.705000      1.64095 4.60892e-006
     0.710000      1.64095 4.64193e-006
     0.715000      1.64095 4.76295e-006
     0.720000      1.64095 4.79596e-006
     0.725000      1.64095 5.00800e-006
     0.730000      1.64095 5.04301e-006
     0.735000      1.64095 5.25905e-006
     0.740000      1.64095 5.29406e-006
     0.745000      1.64095 5.42208e-006
     0.750000      1.64095 5.55111e-006
     0.755000      1.64095 5.77415e-006
     0.760000      1.64095 5.90718e-006
     0.765000      1.64095 6.04021e-006
     0.770000      1.64095 6.17523e-006
     0.775000      1.64095 6.31126e-006
     0.780000      1.64095 6.54431e-006
     0.785000      1.64095 6.78036e-006
     0.790000      1.64095 6.92138e-006
     0.795000      1.64095 7.16243e-006
     0.800000      1.64095 7.30646e-006
     0.805000      1.64095 7.55101e-006
     0.810000      1.64095 7.69804e-006
     0.815000      1.64095 7.94709e-006
     0.820000      1.64095 8.19914e-006
     0.825000      1.64095 8.35217e-006
     0.830000      1.64095 8.60822e-006
     0.835000      1.64095 8.66023e-006
     0.840000      1.64095 8.92028e-006
     0.845000      1.64095 9.07832e-006
     0.850000      1.64095 9.34237e-006
     0.855000      1.64095 9.39738e-006
     0.860000      1.64095 9.45339e-006
     0.865000      1.64095 9.72244e-006
     0.870000      1.64095 9.88648e-006
     0.875000      1.64095 1.00525e-005
     0.880000      1.64095 1.02185e-005
     0.885000      1.64095 1.03866e-005
     0.890000      1.64095 1.04456e-005
     0.895000      1.64095 1.08377e-005
     0.900000      1.64095 1.08987e-005
     0.905000      1.64095 1.10717e-005
     0.910000      1.64095 1.13588e-005
     0.915000      1.64095 1.16488e-005
     0.920000      1.64095 1.18269e-005
     0.925000      1.64095 1.21219e-005
     0.930000      1.64095 1.25345e-005
     0.935000      1.64095 1.28346e-005
     0.940000      1.64095 1.32547e-005
     0.945000      1.64095 1.39138e-005
     0.950000      1.64095 1.41068e-005
     0.955000      1.64095 1.45379e-005
     0.960000      1.64095 1.50940e-005
     0.965000      1.64095 1.57752e-005
     0.970000      1.64095 1.59792e-005
     0.975000      1.64095 1.67934e-005
     0.980000      1.64095 1.73705e-005
     0.985000      1.64095 1.78291e-005
     0.990000      1.64095 1.84162e-005
     0.995000      1.64095 1.90083e-005
      1.00000      1.64095 1.97324e-005
      1.00500      1.64095 2.03366e-005
      1.01000      1.64095 2.08187e-005
      1.01500      1.64095 2.13048e-005
      1.02000      1.64095 2.16668e-005
      1.02500      1.64095 2.21599e-005
      1.03000      1.64095 2.26575e-005
      1.03500      1.64095 2.28976e-005
      1.04000      1.64095 2.32707e-005
      1.04500      1.64095 2.33837e-005
      1.05000      1.64095 2.36277e-005
      1.05500      1.64095 2.38728e-005
      1.06000      1.64095 2.38528e-005
      1.06500      1.64095 2.38308e-005
      1.07000      1.64095 2.38078e-005
      1.07500      1.64095 2.37828e-005
      1.08000      1.64095 2.34857e-005
      1.08500      1.64095 2.33207e-005
      1.09000      1.64095 2.31536e-005
      1.09500      1.64095 2.27085e-005
      1.10000      1.64095 2.23970e-005
      1.10500      1.64095 2.19429e-005
      1.11000      1.64095 2.16238e-005
      1.11500      1.64095 2.13008e-005
      1.12000      1.64095 2.09747e-005
      1.12500      1.64095 2.06456e-005
      1.13000      1.64095 2.03126e-005
      1.13500      1.64095 1.99755e-005
      1.14000      1.64095 1.96344e-005
      1.14500      1.64095 1.95774e-005
      1.15000      1.64095 1.93754e-005
      1.15500      1.64095 1.91703e-005
      1.16000      1.64095 1.88183e-005
      1.16500      1.64095 1.86082e-005
      1.17000      1.64095 1.85422e-005
      1.17500      1.64095 1.84742e-005
      1.18000      1.64095 1.82582e-005
      1.18500      1.64095 1.83352e-005
      1.19000      1.64095 1.79671e-005
      1.19500      1.64095 1.80431e-005
      1.20000      1.64095 1.79691e-005
      1.20500      1.64095 1.78931e-005
      1.21000      1.64095 1.79671e-005
      1.21500      1.64095 1.78901e-005
      1.22000      1.64095 1.76590e-005
      1.22500      1.64095 1.75790e-005
      1.23000      1.64095 1.74975e-005
      1.23500      1.64095 1.74145e-005
      1.24000      1.64095 1.73305e-005
      1.24500      1.64095 1.74005e-005
      1.25000      1.64095 1.71584e-005
      1.25500      1.64095 1.69144e-005
      1.26000      1.64095 1.68254e-005
      1.26500      1.64095 1.65773e-005
      1.27000      1.64095 1.64843e-005
      1.27500      1.64095 1.65493e-005
      1.28000      1.64095 1.64553e-005
      1.28500      1.64095 1.60402e-005
      1.29000      1.64095 1.57812e-005
      1.29500      1.64095 1.56811e-005
      1.30000      1.64095 1.55811e-005
      1.30500      1.64095 1.56401e-005
      1.31000      1.64095 1.53751e-005
      1.31500      1.64095 1.51070e-005
      1.32000      1.64095 1.50000e-005
      1.32500      1.64095 1.47289e-005
      1.33000      1.64095 1.44539e-005
      1.33500      1.64095 1.43419e-005
      1.34000      1.64095 1.42298e-005
      1.34500      1.64095 1.41158e-005
      1.35000      1.64095 1.38338e-005
      1.35500      1.64095 1.40538e-005
      1.36000      1.64095 1.37678e-005
      1.36500      1.64095 1.34807e-005
      1.37000      1.64095 1.31896e-005
      1.37500      1.64095 1.28976e-005
      1.38000      1.64095 1.29446e-005
      1.38500      1.64095 1.26485e-005
      1.39000      1.64095 1.21779e-005
      1.39500      1.64095 1.20489e-005
      1.40000      1.64095 1.19189e-005
      1.40500      1.64095 1.16148e-005
      1.41000      1.64095 1.14818e-005
      1.41500      1.64095 1.11727e-005
      1.42000      1.64095 1.12117e-005
      1.42500      1.64095 1.08987e-005
      1.43000      1.64095 1.05846e-005
      1.43500      1.64095 1.04436e-005
      1.44000      1.64095 1.01255e-005
      1.44500      1.64095 9.98150e-006
      1.45000      1.64095 9.83747e-006
      1.45500      1.64095 9.69144e-006
      1.46000      1.64095 9.54541e-006
      1.46500      1.64095 9.39638e-006
      1.47000      1.64095 9.24735e-006
      1.47500      1.64095 9.09732e-006
      1.48000      1.64095 8.94529e-006
      1.48500      1.64095 8.60922e-006
      1.49000      1.64095 8.63823e-006
      1.49500      1.64095 8.48320e-006
      1.50000      1.64095 8.32717e-006
      1.50500      1.64095 8.35417e-006
      1.51000      1.64095 8.19614e-006
      1.51500      1.64095 7.85007e-006
      1.52000      1.64095 7.68904e-006
      1.52500      1.64095 7.71404e-006
      1.53000      1.64095 7.55101e-006
      1.53500      1.64095 7.38648e-006
      1.54000      1.64095 7.41048e-006
      1.54500      1.64095 7.24445e-006
      1.55000      1.64095 7.07742e-006
      1.55500      1.64095 7.29146e-006
      1.56000      1.64095 7.12342e-006
      1.56500      1.64095 6.95339e-006
      1.57000      1.64095 6.97540e-006
      1.57500      1.64095 6.80336e-006
      1.58000      1.64095 6.63133e-006
      1.58500      1.64095 6.65233e-006
      1.59000      1.64095 6.67233e-006
      1.59500      1.64095 6.69334e-006
      1.60000      1.64095 6.71434e-006
      1.60500      1.64095 6.73635e-006
      1.61000      1.64095 6.55831e-006
      1.61500      1.64095 6.57832e-006
      1.62000      1.64095 6.59932e-006
      1.62500      1.64095 6.42028e-006
      1.63000      1.64095 6.44029e-006
      1.63500      1.64095 6.45929e-006
      1.64000      1.64095 6.47930e-006
      1.64500      1.64095 6.49830e-006
      1.65000      1.64095 6.51830e-006
      1.65500      1.64095 6.33427e-006
      1.66000      1.64095 6.14923e-006
      1.66500      1.64095 6.16823e-006
      1.67000      1.64095 5.98120e-006
      1.67500      1.64095 5.99920e-006
      1.68000      1.64095 6.01720e-006
      1.68500      1.64095 6.03521e-006
      1.69000      1.64095 6.05321e-006
      1.69500      1.64095 6.07021e-006
      1.70000      1.64095 5.88018e-006
      1.70500      1.64095 5.89718e-006
      1.71000      1.64095 5.91418e-006
      1.71500      1.64095 5.93219e-006
      1.72000      1.64095 5.94919e-006
      1.72500      1.64095 5.96619e-006
      1.73000      1.64095 5.98320e-006
      1.73500      1.64095 6.00120e-006
      1.74000      1.64095 6.01820e-006
      1.74500      1.64095 6.03621e-006
      1.75000      1.64095 6.05321e-006
      1.75500      1.64095 6.07021e-006
      1.76000      1.64095 6.08722e-006
      1.76500      1.64095 6.10422e-006
      1.77000      1.64095 6.12222e-006
      1.77500      1.64095 6.13923e-006
      1.78000      1.64095 6.15623e-006
      1.78500      1.64095 6.17323e-006
      1.79000      1.64095 5.97119e-006
      1.79500      1.64095 5.98820e-006
      1.80000      1.64095 6.22525e-006
      1.80500      1.64095 6.24225e-006
      1.81000      1.64095 6.26025e-006
      1.81500      1.64095 6.27726e-006
      1.82000      1.64095 6.29526e-006
      1.82500      1.64095 6.31226e-006
      1.83000      1.64095 6.32927e-006
      1.83500      1.64095 6.34627e-006
      1.84000      1.64095 6.36427e-006
      1.84500      1.64095 6.38028e-006
      1.85000      1.64095 6.39828e-006
      1.85500      1.64095 6.41528e-006
      1.86000      1.64095 6.20424e-006
      1.86500      1.64095 6.22124e-006
      1.87000      1.64095 6.46729e-006
      1.87500      1.64095 6.48430e-006
      1.88000      1.64095 6.03921e-006
      1.88500      1.64095 6.28726e-006
      1.89000      1.64095 6.53631e-006
      1.89500      1.64095 6.55431e-006
      1.90000      1.64095 6.57131e-006
      1.90500      1.64095 6.82336e-006
      1.91000      1.64095 6.84037e-006
      1.91500      1.64095 6.85837e-006
      1.92000      1.64095 6.87638e-006
      1.92500      1.64095 6.89438e-006
      1.93000      1.64095 6.91138e-006
      1.93500      1.64095 6.93039e-006
      1.94000      1.64095 6.94839e-006
      1.94500      1.64095 6.96639e-006
      1.95000      1.64095 6.98440e-006
      1.95500      1.64095 7.00240e-006
      1.96000      1.64095 7.01940e-006
      1.96500      1.64095 7.03741e-006
      1.97000      1.64095 6.81336e-006
      1.97500      1.64095 6.83137e-006
      1.98000      1.64095 6.84837e-006
      1.98500      1.64095 6.86537e-006
      1.99000      1.64095 6.88238e-006
      1.99500      1.64095 6.89938e-006
      2.00000      1.64095 6.67233e-006
      2.00500      1.64095 6.68834e-006
      2.01000      1.64095 6.70434e-006
      2.01500      1.64095 6.47429e-006
      2.02000      1.64095 6.73735e-006
      2.02500      1.64095 6.75435e-006
      2.03000      1.64095 6.77135e-006
      2.03500      1.64095 6.53831e-006
      2.04000      1.64095 6.80436e-006
      2.04500      1.64095 6.82036e-006
      2.05000      1.64095 6.83737e-006
      2.05500      1.64095 6.60232e-006
      2.06000      1.64095 6.87037e-006
      2.06500      1.64095 6.88738e-006
      2.07000      1.64095 6.90438e-006
      2.07500      1.64095 6.66633e-006
      2.08000      1.64095 6.68334e-006
      2.08500      1.64095 6.69834e-006
      2.09000      1.64095 6.71434e-006
      2.09500      1.64095 6.73135e-006
      2.10000      1.64095 6.74635e-006
      2.10500      1.64095 6.76335e-006
      2.11000      1.64095 6.77836e-006
      2.11500      1.64095 6.79436e-006
      2.12000      1.64095 6.81036e-006
      2.12500      1.64095 6.82637e-006
      2.13000      1.64095 6.84337e-006
      2.13500      1.64095 6.85837e-006
      2.14000      1.64095 6.87438e-006
      2.14500      1.64095 6.62833e-006
      2.15000      1.64095 6.64333e-006
      2.15500      1.64095 6.65933e-006
      2.16000      1.64095 6.93839e-006
      2.16500      1.64095 6.95439e-006
      2.17000      1.64095 6.70534e-006
      2.17500      1.64095 6.98740e-006
      2.18000      1.64095 7.00340e-006
      2.18500      1.64095 7.01940e-006
      2.19000      1.64095 7.03541e-006
      2.19500      1.64095 7.05241e-006
      2.20000      1.64095 7.06841e-006
      2.20500      1.64095 7.08442e-006
      2.21000      1.64095 7.37147e-006
      2.21500      1.64095 7.38748e-006
      2.22000      1.64095 7.40448e-006
      2.22500      1.64095 7.14943e-006
      2.23000      1.64095 7.43749e-006
      2.23500      1.64095 7.45449e-006
      2.24000      1.64095 7.47149e-006
      2.24500      1.64095 7.48950e-006
      2.25000      1.64095 7.78106e-006
      2.25500      1.64095 7.52200e-006
      2.26000      1.64095 7.53801e-006
      2.26500      1.64095 7.55501e-006
      2.27000      1.64095 7.57201e-006
      2.27500      1.64095 7.58902e-006
      2.28000      1.64095 7.60602e-006
      2.28500      1.64095 7.90308e-006
      2.29000      1.64095 7.91908e-006
      2.29500      1.64095 7.65603e-006
      2.30000      1.64095 7.95409e-006
      2.30500      1.64095 7.97209e-006
      2.31000      1.64095 7.98910e-006
      2.31500      1.64095 8.00610e-006
      2.32000      1.64095 8.02410e-006
      2.32500      1.64095 8.32717e-006
      2.33000      1.64095 8.34517e-006
      2.33500      1.64095 8.36317e-006
      2.34000      1.64095 8.38118e-006
      2.34500      1.64095 8.11112e-006
      2.35000      1.64095 8.12813e-006
      2.35500      1.64095 8.14413e-006
      2.36000      1.64095 8.16213e-006
      2.36500      1.64095 7.88908e-006
      2.37000      1.64095 7.90508e-006
      2.37500      1.64095 8.21314e-006
      2.38000      1.64095 8.23215e-006
      2.38500      1.64095 8.24915e-006
      2.39000      1.64095 8.26615e-006
      2.39500      1.64095 8.28316e-006
      2.40000      1.64095 8.30016e-006
      2.40500      1.64095 8.02310e-006
      2.41000      1.64095 8.33517e-006
      2.41500      1.64095 8.35217e-006
      2.42000      1.64095 8.36917e-006
      2.42500      1.64095 8.08912e-006
      2.43000      1.64095 8.10512e-006
      2.43500      1.64095 8.12212e-006
      2.44000      1.64095 8.13913e-006
      2.44500      1.64095 8.15613e-006
      2.45000      1.64095 8.17313e-006
      2.45500      1.64095 8.49020e-006
      2.46000      1.64095 8.50820e-006
      2.46500      1.64095 8.52520e-006
      2.47000      1.64095 8.54221e-006
      2.47500      1.64095 8.56021e-006
      2.48000      1.64095 8.57822e-006
      2.48500      1.64095 8.90028e-006
      2.49000      1.64095 8.91728e-006
      2.49500      1.64095 8.93529e-006
      2.50000      1.64095 8.64723e-006
      2.50500      1.64095 8.97229e-006
      2.51000      1.64095 8.68124e-006
      2.51500      1.64095 8.69924e-006
      2.52000      1.64095 8.71624e-006
      2.52500      1.64095 8.73425e-006
      2.53000      1.64095 8.75125e-006
      2.53500      1.64095 8.76825e-006
      2.54000      1.64095 8.47319e-006
      2.54500      1.64095 8.80226e-006
      2.55000      1.64095 8.81926e-006
      2.55500      1.64095 8.52220e-006
      2.56000      1.64095 8.53921e-006
      2.56500      1.64095 9.18734e-006
      2.57000      1.64095 8.25715e-006
      2.57500      1.64095 8.90528e-006
      2.58000      1.64095 8.60622e-006
      2.58500      1.64095 8.94029e-006
      2.59000      1.64095 8.63923e-006
      2.59500      1.64095 8.65723e-006
      2.60000      1.64095 8.03311e-006
