Data created using the Lorentz line parameters in J.R. Aronson and P.F.
Strong, Optical constants of minerals and rocks, Applied Optics, 14, 
2914-2920, 1975.  These could be recalculated at any spectral resolution.
Range of validity is given as 4000-255 inverse centimeters.
This is a combination of almandite and pyrope the chemical analysis is:
SiO2 41.34%, FeO 9.72%, Fe2O3 12.55%, Al2O3 20.36%, CaO 2.97%,
MgO 12.35%, MnO 0.85%

high frq. dielec. const=  3.483
Lorentz line parameters
center  width  strength
 952.7  0.0135  0.1670
 885.9  0.0270  0.1900
 859.3  0.0255  0.5100
 558.6  0.0281  0.1390
 519.5  0.0273  0.0220
 468.6  0.0075  0.1660
 437.2  0.0368  1.9080
 376.2  0.0546  1.5390
 331.3  0.0853  1.0000

 wave.    freq.   calc.       real       imag.
(micron)  (cm-1)  refl.       index      index
39.2157   255.0  0.3202       3.605     0.09503
38.9105   257.0  0.3220       3.621     0.09875
38.6100   259.0  0.3238       3.638      0.1027
38.3142   261.0  0.3257       3.655      0.1069
38.0228   263.0  0.3276       3.673      0.1114
37.7358   265.0  0.3296       3.692      0.1162
37.4532   267.0  0.3317       3.712      0.1214
37.1747   269.0  0.3338       3.732      0.1270
36.9004   271.0  0.3360       3.753      0.1329
36.6300   273.0  0.3383       3.775      0.1394
36.3636   275.0  0.3407       3.798      0.1463
36.1011   277.0  0.3431       3.821      0.1539
35.8423   279.0  0.3457       3.846      0.1621
35.5872   281.0  0.3483       3.872      0.1711
35.3357   283.0  0.3511       3.899      0.1809
35.0877   285.0  0.3539       3.927      0.1917
34.8432   287.0  0.3569       3.957      0.2036
34.6021   289.0  0.3600       3.988      0.2167
34.3643   291.0  0.3633       4.020      0.2313
34.1297   293.0  0.3667       4.054      0.2476
33.8983   295.0  0.3703       4.090      0.2658
33.6700   297.0  0.3740       4.128      0.2863
33.4448   299.0  0.3779       4.167      0.3095
33.2226   301.0  0.3820       4.208      0.3359
33.0033   303.0  0.3863       4.251      0.3660
32.7869   305.0  0.3908       4.296      0.4007
32.5733   307.0  0.3956       4.343      0.4406
32.3625   309.0  0.4005       4.390      0.4870
32.1543   311.0  0.4056       4.439      0.5410
31.9489   313.0  0.4110       4.487      0.6040
31.7460   315.0  0.4164       4.532      0.6776
31.5457   317.0  0.4219       4.574      0.7633
31.3480   319.0  0.4273       4.606      0.8622
31.1526   321.0  0.4324       4.626      0.9745
30.9598   323.0  0.4368       4.626       1.099
30.7692   325.0  0.4402       4.599       1.229
30.5810   327.0  0.4418       4.540       1.358
30.3951   329.0  0.4412       4.447       1.470
30.2115   331.0  0.4377       4.325       1.552
30.0300   333.0  0.4311       4.187       1.592
29.8507   335.0  0.4219       4.052       1.585
29.6736   337.0  0.4110       3.938       1.537
29.4985   339.0  0.4000       3.856       1.458
29.3255   341.0  0.3907       3.814       1.365
29.1545   343.0  0.3843       3.811       1.270
28.9855   345.0  0.3814       3.840       1.185
28.8184   347.0  0.3820       3.898       1.115
28.6533   349.0  0.3858       3.976       1.064
28.4900   351.0  0.3920       4.070       1.034
28.3286   353.0  0.4002       4.177       1.026
28.1690   355.0  0.4100       4.294       1.041
28.0112   357.0  0.4211       4.419       1.080
27.8552   359.0  0.4333       4.550       1.147
27.7008   361.0  0.4466       4.684       1.245
27.5482   363.0  0.4610       4.818       1.381
27.3973   365.0  0.4764       4.943       1.561
27.2480   367.0  0.4926       5.048       1.794
27.1003   369.0  0.5096       5.111       2.084
26.9542   371.0  0.5267       5.101       2.427
26.8097   373.0  0.5433       4.984       2.800
26.6667   375.0  0.5578       4.737       3.153
26.5252   377.0  0.5688       4.371       3.420
26.3852   379.0  0.5745       3.937       3.555
26.2467   381.0  0.5736       3.500       3.547
26.1097   383.0  0.5651       3.113       3.422
25.9740   385.0  0.5484       2.799       3.219
25.8398   387.0  0.5233       2.566       2.969
25.7069   389.0  0.4899       2.408       2.696
25.5754   391.0  0.4498       2.320       2.418
25.4453   393.0  0.4062       2.296       2.146
25.3165   395.0  0.3644       2.328       1.891
25.1889   397.0  0.3302       2.409       1.663
25.0627   399.0  0.3078       2.529       1.470
24.9377   401.0  0.2975       2.675       1.314
24.8139   403.0  0.2973       2.839       1.193
24.6914   405.0  0.3043       3.012       1.106
24.5700   407.0  0.3159       3.191       1.046
24.4499   409.0  0.3305       3.375       1.012
24.3309   411.0  0.3469       3.564       1.000
24.2131   413.0  0.3646       3.758       1.010
24.0964   415.0  0.3834       3.960       1.042
23.9808   417.0  0.4030       4.171       1.099
23.8663   419.0  0.4236       4.393       1.184
23.7530   421.0  0.4453       4.627       1.304
23.6407   423.0  0.4683       4.875       1.468
23.5294   425.0  0.4927       5.134       1.690
23.4192   427.0  0.5190       5.396       1.990
23.3100   429.0  0.5472       5.642       2.393
23.2019   431.0  0.5775       5.830       2.923
23.0947   433.0  0.6095       5.886       3.589
22.9885   435.0  0.6425       5.712       4.342
22.8833   437.0  0.6745       5.244       5.046
22.7790   439.0  0.7037       4.540       5.531
22.6757   441.0  0.7282       3.767       5.720
22.5734   443.0  0.7477       3.070       5.667
22.4719   445.0  0.7625       2.507       5.470
22.3714   447.0  0.7730       2.076       5.208
22.2717   449.0  0.7799       1.751       4.924
22.1729   451.0  0.7832       1.507       4.639
22.0751   453.0  0.7828       1.326       4.361
21.9780   455.0  0.7781       1.194       4.088
21.8818   457.0  0.7670       1.106       3.814
21.7865   459.0  0.7456       1.064       3.531
21.6920   461.0  0.7043       1.088       3.219
21.5983   463.0  0.6226       1.247       2.859
21.5054   465.0  0.4946       1.755       2.510
21.4133   467.0  0.5028       2.840       2.847
21.3220   469.0  0.7008       2.629       4.688
21.2314   471.0  0.8191       1.186       4.632
21.1416   473.0  0.8536      0.7307       4.120
21.0526   475.0  0.8634      0.5678       3.764
20.9644   477.0  0.8651      0.4893       3.506
20.8768   479.0  0.8637      0.4428       3.304
20.7900   481.0  0.8608      0.4115       3.136
20.7039   483.0  0.8570      0.3886       2.990
20.6186   485.0  0.8524      0.3710       2.859
20.5339   487.0  0.8472      0.3572       2.740
20.4499   489.0  0.8412      0.3463       2.629
20.3666   491.0  0.8345      0.3379       2.525
20.2840   493.0  0.8268      0.3316       2.426
20.2020   495.0  0.8180      0.3273       2.331
20.1207   497.0  0.8079      0.3252       2.239
20.0401   499.0  0.7959      0.3253       2.150
19.9601   501.0  0.7818      0.3281       2.062
19.8807   503.0  0.7647      0.3341       1.975
19.8020   505.0  0.7439      0.3441       1.889
19.7239   507.0  0.7181      0.3596       1.804
19.6464   509.0  0.6860      0.3823       1.720
19.5695   511.0  0.6464      0.4147       1.640
19.4932   513.0  0.6004      0.4586       1.569
19.4175   515.0  0.5536      0.5117       1.517
19.3424   517.0  0.5181      0.5615       1.491
19.2678   519.0  0.5040      0.5858       1.486
19.1939   521.0  0.5069      0.5746       1.477
19.1205   523.0  0.5115      0.5444       1.440
19.0476   525.0  0.5054      0.5182       1.374
18.9753   527.0  0.4838      0.5077       1.289
18.9036   529.0  0.4461      0.5157       1.194
18.8324   531.0  0.3939      0.5427       1.096
18.7617   533.0  0.3305      0.5898      0.9981
18.6916   535.0  0.2623      0.6582      0.9052
18.6220   537.0  0.1990      0.7477      0.8242
18.5529   539.0  0.1495      0.8554      0.7620
18.4843   541.0  0.1182      0.9755      0.7229
18.4162   543.0  0.1042       1.103      0.7089
18.3486   545.0  0.1042       1.233      0.7209
18.2815   547.0  0.1154       1.364      0.7612
18.2149   549.0  0.1358       1.492      0.8343
18.1488   551.0  0.1646       1.609      0.9471
18.0832   553.0  0.2013       1.700       1.106
18.0180   555.0  0.2456       1.737       1.311
17.9533   557.0  0.2960       1.688       1.538
17.8891   559.0  0.3490       1.541       1.736
17.8253   561.0  0.3995       1.328       1.851
17.7620   563.0  0.4428       1.105       1.872
17.6991   565.0  0.4769      0.9144       1.824
17.6367   567.0  0.5016      0.7658       1.740
17.5747   569.0  0.5175      0.6550       1.641
17.5131   571.0  0.5258      0.5737       1.537
17.4520   573.0  0.5273      0.5142       1.435
17.3913   575.0  0.5226      0.4711       1.335
17.3310   577.0  0.5120      0.4404       1.239
17.2712   579.0  0.4959      0.4194       1.146
17.2117   581.0  0.4741      0.4065       1.055
17.1527   583.0  0.4465      0.4009      0.9667
17.0940   585.0  0.4129      0.4021      0.8794
17.0358   587.0  0.3731      0.4103      0.7931
16.9779   589.0  0.3275      0.4263      0.7079
16.9205   591.0  0.2772      0.4509      0.6247
16.8634   593.0  0.2248      0.4850      0.5453
16.8067   595.0  0.1742      0.5283      0.4725
16.7504   597.0  0.1296      0.5787      0.4089
16.6945   599.0  0.0935      0.6331      0.3557
16.6389   601.0  0.0661      0.6882      0.3126
16.5837   603.0  0.0462      0.7419      0.2778
16.5289   605.0  0.0321      0.7930      0.2497
16.4745   607.0  0.0223      0.8413      0.2268
16.4204   609.0  0.0156      0.8865      0.2078
16.3666   611.0  0.0111      0.9290      0.1919
16.3132   613.0  0.0084      0.9689      0.1784
16.2602   615.0  0.0069       1.006      0.1668
16.2075   617.0  0.0063       1.042      0.1568
16.1551   619.0  0.0064       1.076      0.1480
16.1031   621.0  0.0070       1.107      0.1403
16.0514   623.0  0.0080       1.138      0.1334
16.0000   625.0  0.0093       1.167      0.1273
15.9490   627.0  0.0109       1.194      0.1218
15.8983   629.0  0.0126       1.221      0.1168
15.8479   631.0  0.0145       1.246      0.1123
15.7978   633.0  0.0164       1.271      0.1082
15.7480   635.0  0.0185       1.294      0.1045
15.6986   637.0  0.0206       1.317      0.1011
15.6495   639.0  0.0227       1.339     0.09799
15.6006   641.0  0.0249       1.360     0.09512
15.5521   643.0  0.0271       1.381     0.09247
15.5039   645.0  0.0293       1.401     0.09002
15.4560   647.0  0.0315       1.420     0.08776
15.4083   649.0  0.0336       1.439     0.08567
15.3610   651.0  0.0358       1.458     0.08373
15.3139   653.0  0.0380       1.476     0.08193
15.2672   655.0  0.0402       1.494     0.08026
15.2207   657.0  0.0424       1.511     0.07871
15.1745   659.0  0.0445       1.528     0.07727
15.1286   661.0  0.0466       1.544     0.07594
15.0830   663.0  0.0488       1.561     0.07470
15.0376   665.0  0.0509       1.577     0.07355
14.9925   667.0  0.0530       1.592     0.07248
14.9477   669.0  0.0550       1.608     0.07149
14.9031   671.0  0.0571       1.623     0.07058
14.8588   673.0  0.0591       1.638     0.06974
14.8148   675.0  0.0612       1.653     0.06897
14.7710   677.0  0.0632       1.667     0.06826
14.7275   679.0  0.0652       1.682     0.06761
14.6843   681.0  0.0672       1.696     0.06703
14.6413   683.0  0.0692       1.710     0.06650
14.5985   685.0  0.0711       1.724     0.06602
14.5560   687.0  0.0731       1.738     0.06560
14.5138   689.0  0.0751       1.751     0.06523
14.4718   691.0  0.0770       1.765     0.06491
14.4300   693.0  0.0790       1.778     0.06464
14.3885   695.0  0.0809       1.792     0.06441
14.3472   697.0  0.0828       1.805     0.06424
14.3062   699.0  0.0847       1.818     0.06411
14.2653   701.0  0.0867       1.831     0.06403
14.2248   703.0  0.0886       1.844     0.06399
14.1844   705.0  0.0905       1.857     0.06400
14.1443   707.0  0.0924       1.871     0.06405
14.1044   709.0  0.0943       1.884     0.06415
14.0647   711.0  0.0963       1.897     0.06430
14.0252   713.0  0.0982       1.910     0.06449
13.9860   715.0  0.1001       1.923     0.06473
13.9470   717.0  0.1020       1.936     0.06502
13.9082   719.0  0.1040       1.949     0.06535
13.8696   721.0  0.1059       1.962     0.06573
13.8313   723.0  0.1079       1.975     0.06616
13.7931   725.0  0.1098       1.988     0.06664
13.7552   727.0  0.1118       2.002     0.06718
13.7174   729.0  0.1138       2.015     0.06777
13.6799   731.0  0.1158       2.028     0.06841
13.6426   733.0  0.1178       2.042     0.06911
13.6054   735.0  0.1198       2.056     0.06987
13.5685   737.0  0.1219       2.069     0.07069
13.5318   739.0  0.1239       2.083     0.07157
13.4953   741.0  0.1260       2.097     0.07252
13.4590   743.0  0.1281       2.112     0.07354
13.4228   745.0  0.1302       2.126     0.07463
13.3869   747.0  0.1324       2.141     0.07580
13.3511   749.0  0.1346       2.155     0.07705
13.3156   751.0  0.1368       2.170     0.07838
13.2802   753.0  0.1390       2.186     0.07980
13.2450   755.0  0.1413       2.201     0.08132
13.2100   757.0  0.1436       2.217     0.08293
13.1752   759.0  0.1460       2.233     0.08465
13.1406   761.0  0.1484       2.249     0.08649
13.1062   763.0  0.1508       2.265     0.08844
13.0719   765.0  0.1533       2.282     0.09052
13.0378   767.0  0.1558       2.300     0.09273
13.0039   769.0  0.1584       2.317     0.09510
12.9702   771.0  0.1610       2.335     0.09762
12.9366   773.0  0.1637       2.354      0.1003
12.9032   775.0  0.1665       2.373      0.1032
12.8700   777.0  0.1693       2.392      0.1062
12.8370   779.0  0.1722       2.412      0.1095
12.8041   781.0  0.1751       2.433      0.1130
12.7714   783.0  0.1782       2.454      0.1168
12.7389   785.0  0.1813       2.476      0.1208
12.7065   787.0  0.1845       2.498      0.1252
12.6743   789.0  0.1878       2.522      0.1298
12.6422   791.0  0.1912       2.546      0.1348
12.6103   793.0  0.1947       2.571      0.1403
12.5786   795.0  0.1984       2.597      0.1461
12.5471   797.0  0.2022       2.624      0.1524
12.5156   799.0  0.2061       2.651      0.1593
12.4844   801.0  0.2101       2.681      0.1668
12.4533   803.0  0.2143       2.711      0.1749
12.4224   805.0  0.2187       2.743      0.1838
12.3916   807.0  0.2232       2.776      0.1936
12.3609   809.0  0.2280       2.811      0.2043
12.3305   811.0  0.2330       2.847      0.2160
12.3001   813.0  0.2382       2.886      0.2291
12.2699   815.0  0.2436       2.926      0.2435
12.2399   817.0  0.2494       2.969      0.2596
12.2100   819.0  0.2554       3.015      0.2776
12.1803   821.0  0.2617       3.063      0.2979
12.1507   823.0  0.2685       3.114      0.3207
12.1212   825.0  0.2756       3.168      0.3466
12.0919   827.0  0.2832       3.226      0.3762
12.0627   829.0  0.2912       3.288      0.4102
12.0337   831.0  0.2998       3.354      0.4495
12.0048   833.0  0.3090       3.425      0.4952
11.9760   835.0  0.3189       3.501      0.5489
11.9474   837.0  0.3295       3.582      0.6123
11.9190   839.0  0.3410       3.669      0.6880
11.8906   841.0  0.3535       3.760      0.7789
11.8624   843.0  0.3670       3.854      0.8891
11.8343   845.0  0.3816       3.950       1.023
11.8064   847.0  0.3975       4.042       1.187
11.7786   849.0  0.4146       4.124       1.388
11.7509   851.0  0.4330       4.181       1.629
11.7233   853.0  0.4523       4.194       1.911
11.6959   855.0  0.4721       4.141       2.224
11.6686   857.0  0.4914       3.999       2.542
11.6414   859.0  0.5091       3.764       2.824
11.6144   861.0  0.5235       3.456       3.026
11.5875   863.0  0.5335       3.119       3.126
11.5607   865.0  0.5379       2.797       3.129
11.5340   867.0  0.5363       2.524       3.058
11.5075   869.0  0.5289       2.313       2.943
11.4811   871.0  0.5166       2.166       2.810
11.4548   873.0  0.5013       2.078       2.682
11.4286   875.0  0.4861       2.038       2.575
11.4025   877.0  0.4746       2.033       2.506
11.3766   879.0  0.4701       2.042       2.482
11.3507   881.0  0.4737       2.043       2.503
11.3250   883.0  0.4847       2.014       2.559
11.2994   885.0  0.5011       1.942       2.629
11.2740   887.0  0.5200       1.825       2.688
11.2486   889.0  0.5388       1.678       2.717
11.2233   891.0  0.5556       1.518       2.706
11.1982   893.0  0.5693       1.363       2.660
11.1732   895.0  0.5792       1.223       2.586
11.1483   897.0  0.5851       1.103       2.493
11.1235   899.0  0.5871       1.003       2.389
11.0988   901.0  0.5851      0.9218       2.279
11.0742   903.0  0.5791      0.8563       2.166
11.0497   905.0  0.5691      0.8050       2.053
11.0254   907.0  0.5546      0.7660       1.939
11.0011   909.0  0.5353      0.7383       1.826
10.9769   911.0  0.5106      0.7211       1.712
10.9529   913.0  0.4798      0.7145       1.598
10.9290   915.0  0.4423      0.7190       1.484
10.9051   917.0  0.3978      0.7357       1.369
10.8814   919.0  0.3466      0.7666       1.254
10.8578   921.0  0.2907      0.8140       1.140
10.8342   923.0  0.2343      0.8804       1.031
10.8108   925.0  0.1834      0.9667      0.9313
10.7875   927.0  0.1440       1.072      0.8462
10.7643   929.0  0.1192       1.192      0.7798
10.7411   931.0  0.1084       1.324      0.7340
10.7181   933.0  0.1092       1.464      0.7090
10.6952   935.0  0.1191       1.612      0.7052
10.6724   937.0  0.1361       1.769      0.7240
10.6496   939.0  0.1591       1.934      0.7689
10.6270   941.0  0.1875       2.109      0.8468
10.6045   943.0  0.2216       2.293      0.9692
10.5820   945.0  0.2619       2.479       1.154
10.5597   947.0  0.3093       2.645       1.426
10.5374   949.0  0.3643       2.740       1.803
10.5152   951.0  0.4256       2.677       2.263
10.4932   953.0  0.4892       2.390       2.688
10.4712   955.0  0.5482       1.952       2.927
10.4493   957.0  0.5978       1.518       2.959
10.4275   959.0  0.6369       1.175       2.866
10.4058   961.0  0.6668      0.9273       2.724
10.3842   963.0  0.6896      0.7517       2.572
10.3627   965.0  0.7068      0.6260       2.428
10.3413   967.0  0.7199      0.5340       2.296
10.3199   969.0  0.7296      0.4652       2.176
10.2987   971.0  0.7368      0.4125       2.067
10.2775   973.0  0.7419      0.3713       1.968
10.2564   975.0  0.7453      0.3386       1.878
10.2354   977.0  0.7472      0.3123       1.794
10.2145   979.0  0.7479      0.2907       1.717
10.1937   981.0  0.7475      0.2730       1.644
10.1729   983.0  0.7461      0.2582       1.576
10.1523   985.0  0.7439      0.2458       1.512
10.1317   987.0  0.7408      0.2354       1.451
10.1112   989.0  0.7369      0.2266       1.393
10.0908   991.0  0.7322      0.2193       1.337
10.0705   993.0  0.7267      0.2131       1.283
10.0503   995.0  0.7204      0.2079       1.231
10.0301   997.0  0.7133      0.2037       1.181
10.0100   999.0  0.7054      0.2004       1.131
 9.9900  1001.0  0.6965      0.1979       1.083
 9.9701  1003.0  0.6866      0.1961       1.036
 9.9502  1005.0  0.6757      0.1951      0.9890
 9.9305  1007.0  0.6636      0.1948      0.9427
 9.9108  1009.0  0.6501      0.1953      0.8968
 9.8912  1011.0  0.6352      0.1967      0.8511
 9.8717  1013.0  0.6186      0.1989      0.8054
 9.8522  1015.0  0.6000      0.2022      0.7595
 9.8328  1017.0  0.5793      0.2066      0.7133
 9.8135  1019.0  0.5560      0.2125      0.6666
 9.7943  1021.0  0.5297      0.2201      0.6193
 9.7752  1023.0  0.5000      0.2299      0.5714
 9.7561  1025.0  0.4664      0.2424      0.5228
 9.7371  1027.0  0.4285      0.2582      0.4737
 9.7182  1029.0  0.3865      0.2783      0.4248
 9.6993  1031.0  0.3410      0.3033      0.3771
 9.6805  1033.0  0.2940      0.3332      0.3322
 9.6618  1035.0  0.2482      0.3675      0.2919
 9.6432  1037.0  0.2065      0.4043      0.2572
 9.6246  1039.0  0.1705      0.4421      0.2283
 9.6061  1041.0  0.1404      0.4792      0.2044
 9.5877  1043.0  0.1157      0.5149      0.1849
 9.5694  1045.0  0.0956      0.5488      0.1686
 9.5511  1047.0  0.0792      0.5808      0.1550
 9.5329  1049.0  0.0657      0.6110      0.1434
 9.5147  1051.0  0.0547      0.6394      0.1334
 9.4967  1053.0  0.0455      0.6662      0.1247
 9.4787  1055.0  0.0379      0.6915      0.1171
 9.4607  1057.0  0.0315      0.7154      0.1104
 9.4429  1059.0  0.0262      0.7381      0.1044
 9.4251  1061.0  0.0218      0.7597     0.09902
 9.4073  1063.0  0.0180      0.7802     0.09414
 9.3897  1065.0  0.0148      0.7998     0.08971
 9.3721  1067.0  0.0122      0.8185     0.08566
 9.3545  1069.0  0.0099      0.8363     0.08195
 9.3371  1071.0  0.0080      0.8535     0.07853
 9.3197  1073.0  0.0065      0.8699     0.07537
 9.3023  1075.0  0.0051      0.8857     0.07244
 9.2851  1077.0  0.0041      0.9009     0.06971
 9.2678  1079.0  0.0032      0.9155     0.06717
 9.2507  1081.0  0.0025      0.9296     0.06480
 9.2336  1083.0  0.0019      0.9432     0.06257
 9.2166  1085.0  0.0015      0.9563     0.06048
 9.1996  1087.0  0.0011      0.9690     0.05851
 9.1827  1089.0  0.0009      0.9813     0.05665
 9.1659  1091.0  0.0008      0.9932     0.05490
 9.1491  1093.0  0.0007       1.005     0.05324
 9.1324  1095.0  0.0007       1.016     0.05167
 9.1158  1097.0  0.0008       1.027     0.05018
 9.0992  1099.0  0.0009       1.037     0.04877
 9.0827  1101.0  0.0011       1.048     0.04742
 9.0662  1103.0  0.0013       1.057     0.04613
 9.0498  1105.0  0.0015       1.067     0.04491
 9.0334  1107.0  0.0018       1.077     0.04374
 9.0171  1109.0  0.0021       1.086     0.04263
 9.0009  1111.0  0.0024       1.095     0.04156
 8.9847  1113.0  0.0028       1.103     0.04054
 8.9686  1115.0  0.0032       1.112     0.03956
 8.9526  1117.0  0.0035       1.120     0.03862
 8.9366  1119.0  0.0039       1.128     0.03772
 8.9206  1121.0  0.0044       1.136     0.03685
 8.9047  1123.0  0.0048       1.144     0.03602
 8.8889  1125.0  0.0052       1.151     0.03522
 8.8731  1127.0  0.0057       1.159     0.03444
 8.8574  1129.0  0.0061       1.166     0.03370
 8.8417  1131.0  0.0066       1.173     0.03298
 8.8261  1133.0  0.0070       1.180     0.03229
 8.8106  1135.0  0.0075       1.187     0.03163
 8.7951  1137.0  0.0080       1.193     0.03098
 8.7796  1139.0  0.0084       1.200     0.03036
 8.7642  1141.0  0.0089       1.206     0.02976
 8.7489  1143.0  0.0094       1.212     0.02918
 8.7336  1145.0  0.0098       1.218     0.02861
 8.7184  1147.0  0.0103       1.224     0.02807
 8.7032  1149.0  0.0108       1.230     0.02754
 8.6881  1151.0  0.0113       1.236     0.02703
 8.6730  1153.0  0.0117       1.241     0.02653
 8.6580  1155.0  0.0122       1.247     0.02605
 8.6430  1157.0  0.0127       1.252     0.02559
 8.6281  1159.0  0.0132       1.258     0.02513
 8.6133  1161.0  0.0136       1.263     0.02469
 8.5985  1163.0  0.0141       1.268     0.02427
 8.5837  1165.0  0.0145       1.273     0.02385
 8.5690  1167.0  0.0150       1.278     0.02345
 8.5543  1169.0  0.0155       1.283     0.02306
 8.5397  1171.0  0.0159       1.288     0.02267
 8.5251  1173.0  0.0164       1.292     0.02230
 8.5106  1175.0  0.0168       1.297     0.02194
 8.4962  1177.0  0.0173       1.302     0.02159
 8.4818  1179.0  0.0177       1.306     0.02125
 8.4674  1181.0  0.0181       1.311     0.02091
 8.4531  1183.0  0.0186       1.315     0.02059
 8.4388  1185.0  0.0190       1.319     0.02027
 8.4246  1187.0  0.0194       1.323     0.01996
 8.4104  1189.0  0.0199       1.327     0.01966
 8.3963  1191.0  0.0203       1.332     0.01936
 8.3822  1193.0  0.0207       1.336     0.01908
 8.3682  1195.0  0.0211       1.340     0.01880
 8.3542  1197.0  0.0215       1.343     0.01852
 8.3403  1199.0  0.0219       1.347     0.01826
 8.3264  1201.0  0.0224       1.351     0.01799
 8.3126  1203.0  0.0228       1.355     0.01774
 8.2988  1205.0  0.0232       1.358     0.01749
 8.2850  1207.0  0.0236       1.362     0.01725
 8.2713  1209.0  0.0239       1.366     0.01701
 8.2576  1211.0  0.0243       1.369     0.01677
 8.2440  1213.0  0.0247       1.373     0.01655
 8.2305  1215.0  0.0251       1.376     0.01632
 8.2169  1217.0  0.0255       1.379     0.01611
 8.2034  1219.0  0.0259       1.383     0.01589
 8.1900  1221.0  0.0262       1.386     0.01568
 8.1766  1223.0  0.0266       1.389     0.01548
 8.1633  1225.0  0.0270       1.393     0.01528
 8.1500  1227.0  0.0273       1.396     0.01508
 8.1367  1229.0  0.0277       1.399     0.01489
 8.1235  1231.0  0.0280       1.402     0.01470
 8.1103  1233.0  0.0284       1.405     0.01452
 8.0972  1235.0  0.0287       1.408     0.01434
 8.0841  1237.0  0.0291       1.411     0.01416
 8.0710  1239.0  0.0294       1.414     0.01398
 8.0580  1241.0  0.0298       1.417     0.01381
 8.0451  1243.0  0.0301       1.420     0.01365
 8.0321  1245.0  0.0304       1.422     0.01348
 8.0192  1247.0  0.0308       1.425     0.01332
 8.0064  1249.0  0.0311       1.428     0.01316
 7.9936  1251.0  0.0314       1.431     0.01301
 7.9808  1253.0  0.0317       1.433     0.01286
 7.9681  1255.0  0.0321       1.436     0.01271
 7.9554  1257.0  0.0324       1.439     0.01256
 7.9428  1259.0  0.0327       1.441     0.01242
 7.9302  1261.0  0.0330       1.444     0.01228
 7.9177  1263.0  0.0333       1.446     0.01214
 7.9051  1265.0  0.0336       1.449     0.01200
 7.8927  1267.0  0.0339       1.451     0.01187
 7.8802  1269.0  0.0342       1.454     0.01174
 7.8678  1271.0  0.0345       1.456     0.01161
 7.8555  1273.0  0.0348       1.459     0.01148
 7.8431  1275.0  0.0351       1.461     0.01136
 7.8309  1277.0  0.0354       1.463     0.01123
 7.8186  1279.0  0.0357       1.466     0.01111
 7.8064  1281.0  0.0360       1.468     0.01099
 7.7942  1283.0  0.0363       1.470     0.01088
 7.7821  1285.0  0.0365       1.472     0.01076
 7.7700  1287.0  0.0368       1.475     0.01065
 7.7580  1289.0  0.0371       1.477     0.01054
 7.7459  1291.0  0.0374       1.479     0.01043
 7.7340  1293.0  0.0376       1.481     0.01032
 7.7220  1295.0  0.0379       1.483     0.01022
 7.7101  1297.0  0.0382       1.485     0.01011
 7.6982  1299.0  0.0384       1.488     0.01001
 7.6864  1301.0  0.0387       1.490    0.009912
 7.6746  1303.0  0.0389       1.492    0.009812
 7.6628  1305.0  0.0392       1.494    0.009715
 7.6511  1307.0  0.0395       1.496    0.009619
 7.6394  1309.0  0.0397       1.498    0.009524
 7.6278  1311.0  0.0400       1.500    0.009431
 7.6161  1313.0  0.0402       1.502    0.009340
 7.6046  1315.0  0.0405       1.504    0.009249
 7.5930  1317.0  0.0407       1.505    0.009160
 7.5815  1319.0  0.0409       1.507    0.009073
 7.5700  1321.0  0.0412       1.509    0.008986
 7.5586  1323.0  0.0414       1.511    0.008901
 7.5472  1325.0  0.0417       1.513    0.008818
 7.5358  1327.0  0.0419       1.515    0.008735
 7.5245  1329.0  0.0421       1.516    0.008654
 7.5131  1331.0  0.0424       1.518    0.008573
 7.5019  1333.0  0.0426       1.520    0.008494
 7.4906  1335.0  0.0428       1.522    0.008417
 7.4794  1337.0  0.0430       1.524    0.008340
 7.4683  1339.0  0.0433       1.525    0.008264
 7.4571  1341.0  0.0435       1.527    0.008189
 7.4460  1343.0  0.0437       1.529    0.008116
 7.4349  1345.0  0.0439       1.530    0.008043
 7.4239  1347.0  0.0442       1.532    0.007971
 7.4129  1349.0  0.0444       1.534    0.007901
 7.4019  1351.0  0.0446       1.535    0.007831
 7.3910  1353.0  0.0448       1.537    0.007762
 7.3801  1355.0  0.0450       1.538    0.007695
 7.3692  1357.0  0.0452       1.540    0.007628
 7.3584  1359.0  0.0454       1.542    0.007562
 7.3475  1361.0  0.0456       1.543    0.007497
 7.3368  1363.0  0.0458       1.545    0.007432
 7.3260  1365.0  0.0460       1.546    0.007369
 7.3153  1367.0  0.0462       1.548    0.007306
 7.3046  1369.0  0.0464       1.549    0.007245
 7.2939  1371.0  0.0466       1.551    0.007184
 7.2833  1373.0  0.0468       1.552    0.007123
 7.2727  1375.0  0.0470       1.554    0.007064
 7.2622  1377.0  0.0472       1.555    0.007005
 7.2516  1379.0  0.0474       1.557    0.006947
 7.2411  1381.0  0.0476       1.558    0.006890
 7.2307  1383.0  0.0478       1.559    0.006834
 7.2202  1385.0  0.0480       1.561    0.006778
 7.2098  1387.0  0.0482       1.562    0.006723
 7.1994  1389.0  0.0483       1.564    0.006669
 7.1891  1391.0  0.0485       1.565    0.006615
 7.1788  1393.0  0.0487       1.566    0.006562
 7.1685  1395.0  0.0489       1.568    0.006509
 7.1582  1397.0  0.0491       1.569    0.006458
 7.1480  1399.0  0.0493       1.570    0.006407
 7.1378  1401.0  0.0494       1.572    0.006356
 7.1276  1403.0  0.0496       1.573    0.006306
 7.1174  1405.0  0.0498       1.574    0.006257
 7.1073  1407.0  0.0500       1.576    0.006208
 7.0972  1409.0  0.0501       1.577    0.006160
 7.0872  1411.0  0.0503       1.578    0.006112
 7.0771  1413.0  0.0505       1.579    0.006065
 7.0671  1415.0  0.0506       1.581    0.006019
 7.0572  1417.0  0.0508       1.582    0.005973
 7.0472  1419.0  0.0510       1.583    0.005927
 7.0373  1421.0  0.0511       1.584    0.005883
 7.0274  1423.0  0.0513       1.586    0.005838
 7.0175  1425.0  0.0515       1.587    0.005794
 7.0077  1427.0  0.0516       1.588    0.005751
 6.9979  1429.0  0.0518       1.589    0.005708
 6.9881  1431.0  0.0519       1.590    0.005666
 6.9784  1433.0  0.0521       1.592    0.005624
 6.9686  1435.0  0.0523       1.593    0.005582
 6.9589  1437.0  0.0524       1.594    0.005541
 6.9493  1439.0  0.0526       1.595    0.005501
 6.9396  1441.0  0.0527       1.596    0.005461
 6.9300  1443.0  0.0529       1.597    0.005421
 6.9204  1445.0  0.0530       1.598    0.005382
 6.9109  1447.0  0.0532       1.599    0.005343
 6.9013  1449.0  0.0533       1.601    0.005305
 6.8918  1451.0  0.0535       1.602    0.005267
 6.8823  1453.0  0.0536       1.603    0.005229
 6.8729  1455.0  0.0538       1.604    0.005192
 6.8634  1457.0  0.0539       1.605    0.005156
 6.8540  1459.0  0.0541       1.606    0.005119
 6.8446  1461.0  0.0542       1.607    0.005083
 6.8353  1463.0  0.0544       1.608    0.005048
 6.8259  1465.0  0.0545       1.609    0.005012
 6.8166  1467.0  0.0546       1.610    0.004978
 6.8074  1469.0  0.0548       1.611    0.004943
 6.7981  1471.0  0.0549       1.612    0.004909
 6.7889  1473.0  0.0551       1.613    0.004875
 6.7797  1475.0  0.0552       1.614    0.004842
 6.7705  1477.0  0.0553       1.615    0.004809
 6.7613  1479.0  0.0555       1.616    0.004776
 6.7522  1481.0  0.0556       1.617    0.004744
 6.7431  1483.0  0.0557       1.618    0.004712
 6.7340  1485.0  0.0559       1.619    0.004680
 6.7249  1487.0  0.0560       1.620    0.004649
 6.7159  1489.0  0.0561       1.621    0.004617
 6.7069  1491.0  0.0563       1.622    0.004587
 6.6979  1493.0  0.0564       1.623    0.004556
 6.6890  1495.0  0.0565       1.624    0.004526
 6.6800  1497.0  0.0567       1.625    0.004496
 6.6711  1499.0  0.0568       1.626    0.004466
 6.6622  1501.0  0.0569       1.627    0.004437
 6.6534  1503.0  0.0570       1.628    0.004408
 6.6445  1505.0  0.0572       1.628    0.004379
 6.6357  1507.0  0.0573       1.629    0.004351
 6.6269  1509.0  0.0574       1.630    0.004323
 6.6181  1511.0  0.0575       1.631    0.004295
 6.6094  1513.0  0.0577       1.632    0.004267
 6.6007  1515.0  0.0578       1.633    0.004240
 6.5920  1517.0  0.0579       1.634    0.004213
 6.5833  1519.0  0.0580       1.635    0.004186
 6.5746  1521.0  0.0582       1.636    0.004159
 6.5660  1523.0  0.0583       1.636    0.004133
 6.5574  1525.0  0.0584       1.637    0.004107
 6.5488  1527.0  0.0585       1.638    0.004081
 6.5402  1529.0  0.0586       1.639    0.004055
 6.5317  1531.0  0.0587       1.640    0.004030
 6.5232  1533.0  0.0589       1.641    0.004005
 6.5147  1535.0  0.0590       1.641    0.003980
 6.5062  1537.0  0.0591       1.642    0.003955
 6.4977  1539.0  0.0592       1.643    0.003931
 6.4893  1541.0  0.0593       1.644    0.003907
 6.4809  1543.0  0.0594       1.645    0.003883
 6.4725  1545.0  0.0595       1.645    0.003859
 6.4641  1547.0  0.0596       1.646    0.003835
 6.4558  1549.0  0.0598       1.647    0.003812
 6.4475  1551.0  0.0599       1.648    0.003789
 6.4392  1553.0  0.0600       1.649    0.003766
 6.4309  1555.0  0.0601       1.649    0.003743
 6.4226  1557.0  0.0602       1.650    0.003721
 6.4144  1559.0  0.0603       1.651    0.003698
 6.4061  1561.0  0.0604       1.652    0.003676
 6.3980  1563.0  0.0605       1.652    0.003654
 6.3898  1565.0  0.0606       1.653    0.003633
 6.3816  1567.0  0.0607       1.654    0.003611
 6.3735  1569.0  0.0608       1.655    0.003590
 6.3654  1571.0  0.0609       1.655    0.003569
 6.3573  1573.0  0.0610       1.656    0.003548
 6.3492  1575.0  0.0611       1.657    0.003527
 6.3412  1577.0  0.0612       1.658    0.003506
 6.3331  1579.0  0.0613       1.658    0.003486
 6.3251  1581.0  0.0614       1.659    0.003465
 6.3171  1583.0  0.0615       1.660    0.003445
 6.3091  1585.0  0.0616       1.660    0.003425
 6.3012  1587.0  0.0617       1.661    0.003406
 6.2933  1589.0  0.0618       1.662    0.003386
 6.2854  1591.0  0.0619       1.663    0.003367
 6.2775  1593.0  0.0620       1.663    0.003347
 6.2696  1595.0  0.0621       1.664    0.003328
 6.2617  1597.0  0.0622       1.665    0.003309
 6.2539  1599.0  0.0623       1.665    0.003291
 6.2461  1601.0  0.0624       1.666    0.003272
 6.2383  1603.0  0.0625       1.667    0.003254
 6.2305  1605.0  0.0626       1.667    0.003235
 6.2228  1607.0  0.0627       1.668    0.003217
 6.2150  1609.0  0.0628       1.669    0.003199
 6.2073  1611.0  0.0629       1.669    0.003181
 6.1996  1613.0  0.0630       1.670    0.003163
 6.1920  1615.0  0.0631       1.671    0.003146
 6.1843  1617.0  0.0632       1.671    0.003128
 6.1767  1619.0  0.0632       1.672    0.003111
 6.1690  1621.0  0.0633       1.673    0.003094
 6.1614  1623.0  0.0634       1.673    0.003077
 6.1538  1625.0  0.0635       1.674    0.003060
 6.1463  1627.0  0.0636       1.675    0.003043
 6.1387  1629.0  0.0637       1.675    0.003027
 6.1312  1631.0  0.0638       1.676    0.003010
 6.1237  1633.0  0.0639       1.676    0.002994
 6.1162  1635.0  0.0640       1.677    0.002978
 6.1087  1637.0  0.0640       1.678    0.002962
 6.1013  1639.0  0.0641       1.678    0.002946
 6.0938  1641.0  0.0642       1.679    0.002930
 6.0864  1643.0  0.0643       1.679    0.002914
 6.0790  1645.0  0.0644       1.680    0.002899
 6.0716  1647.0  0.0645       1.681    0.002883
 6.0643  1649.0  0.0646       1.681    0.002868
 6.0569  1651.0  0.0646       1.682    0.002853
 6.0496  1653.0  0.0647       1.682    0.002838
 6.0423  1655.0  0.0648       1.683    0.002823
 6.0350  1657.0  0.0649       1.684    0.002808
 6.0277  1659.0  0.0650       1.684    0.002793
 6.0205  1661.0  0.0650       1.685    0.002778
 6.0132  1663.0  0.0651       1.685    0.002764
 6.0060  1665.0  0.0652       1.686    0.002749
 5.9988  1667.0  0.0653       1.686    0.002735
 5.9916  1669.0  0.0654       1.687    0.002721
 5.9844  1671.0  0.0654       1.688    0.002707
 5.9773  1673.0  0.0655       1.688    0.002693
 5.9701  1675.0  0.0656       1.689    0.002679
 5.9630  1677.0  0.0657       1.689    0.002665
 5.9559  1679.0  0.0658       1.690    0.002651
 5.9488  1681.0  0.0658       1.690    0.002638
 5.9418  1683.0  0.0659       1.691    0.002624
 5.9347  1685.0  0.0660       1.691    0.002611
 5.9277  1687.0  0.0661       1.692    0.002598
 5.9207  1689.0  0.0661       1.692    0.002585
 5.9137  1691.0  0.0662       1.693    0.002571
 5.9067  1693.0  0.0663       1.694    0.002558
 5.8997  1695.0  0.0664       1.694    0.002546
 5.8928  1697.0  0.0664       1.695    0.002533
 5.8858  1699.0  0.0665       1.695    0.002520
 5.8789  1701.0  0.0666       1.696    0.002508
 5.8720  1703.0  0.0667       1.696    0.002495
 5.8651  1705.0  0.0667       1.697    0.002483
 5.8582  1707.0  0.0668       1.697    0.002470
 5.8514  1709.0  0.0669       1.698    0.002458
 5.8445  1711.0  0.0670       1.698    0.002446
 5.8377  1713.0  0.0670       1.699    0.002434
 5.8309  1715.0  0.0671       1.699    0.002422
 5.8241  1717.0  0.0672       1.700    0.002410
 5.8173  1719.0  0.0672       1.700    0.002398
 5.8106  1721.0  0.0673       1.701    0.002386
 5.8038  1723.0  0.0674       1.701    0.002375
 5.7971  1725.0  0.0675       1.702    0.002363
 5.7904  1727.0  0.0675       1.702    0.002352
 5.7837  1729.0  0.0676       1.703    0.002340
 5.7770  1731.0  0.0677       1.703    0.002329
 5.7703  1733.0  0.0677       1.704    0.002318
 5.7637  1735.0  0.0678       1.704    0.002307
 5.7571  1737.0  0.0679       1.705    0.002295
 5.7504  1739.0  0.0679       1.705    0.002284
 5.7438  1741.0  0.0680       1.706    0.002273
 5.7372  1743.0  0.0681       1.706    0.002263
 5.7307  1745.0  0.0681       1.706    0.002252
 5.7241  1747.0  0.0682       1.707    0.002241
 5.7176  1749.0  0.0683       1.707    0.002230
 5.7110  1751.0  0.0683       1.708    0.002220
 5.7045  1753.0  0.0684       1.708    0.002209
 5.6980  1755.0  0.0685       1.709    0.002199
 5.6915  1757.0  0.0685       1.709    0.002189
 5.6850  1759.0  0.0686       1.710    0.002178
 5.6786  1761.0  0.0687       1.710    0.002168
 5.6721  1763.0  0.0687       1.711    0.002158
 5.6657  1765.0  0.0688       1.711    0.002148
 5.6593  1767.0  0.0688       1.711    0.002138
 5.6529  1769.0  0.0689       1.712    0.002128
 5.6465  1771.0  0.0690       1.712    0.002118
 5.6402  1773.0  0.0690       1.713    0.002108
 5.6338  1775.0  0.0691       1.713    0.002099
 5.6275  1777.0  0.0692       1.714    0.002089
 5.6211  1779.0  0.0692       1.714    0.002079
 5.6148  1781.0  0.0693       1.714    0.002070
 5.6085  1783.0  0.0693       1.715    0.002060
 5.6022  1785.0  0.0694       1.715    0.002051
 5.5960  1787.0  0.0695       1.716    0.002042
 5.5897  1789.0  0.0695       1.716    0.002032
 5.5835  1791.0  0.0696       1.717    0.002023
 5.5772  1793.0  0.0696       1.717    0.002014
 5.5710  1795.0  0.0697       1.717    0.002005
 5.5648  1797.0  0.0698       1.718    0.001996
 5.5586  1799.0  0.0698       1.718    0.001987
 5.5525  1801.0  0.0699       1.719    0.001978
 5.5463  1803.0  0.0699       1.719    0.001969
 5.5402  1805.0  0.0700       1.719    0.001960
 5.5340  1807.0  0.0701       1.720    0.001951
 5.5279  1809.0  0.0701       1.720    0.001943
 5.5218  1811.0  0.0702       1.721    0.001934
 5.5157  1813.0  0.0702       1.721    0.001925
 5.5096  1815.0  0.0703       1.721    0.001917
 5.5036  1817.0  0.0703       1.722    0.001908
 5.4975  1819.0  0.0704       1.722    0.001900
 5.4915  1821.0  0.0704       1.723    0.001891
 5.4855  1823.0  0.0705       1.723    0.001883
 5.4795  1825.0  0.0706       1.723    0.001875
 5.4735  1827.0  0.0706       1.724    0.001867
 5.4675  1829.0  0.0707       1.724    0.001858
 5.4615  1831.0  0.0707       1.725    0.001850
 5.4555  1833.0  0.0708       1.725    0.001842
 5.4496  1835.0  0.0708       1.725    0.001834
 5.4437  1837.0  0.0709       1.726    0.001826
 5.4377  1839.0  0.0709       1.726    0.001818
 5.4318  1841.0  0.0710       1.726    0.001810
 5.4259  1843.0  0.0711       1.727    0.001803
 5.4201  1845.0  0.0711       1.727    0.001795
 5.4142  1847.0  0.0712       1.728    0.001787
 5.4083  1849.0  0.0712       1.728    0.001779
 5.4025  1851.0  0.0713       1.728    0.001772
 5.3967  1853.0  0.0713       1.729    0.001764
 5.3908  1855.0  0.0714       1.729    0.001757
 5.3850  1857.0  0.0714       1.729    0.001749
 5.3792  1859.0  0.0715       1.730    0.001742
 5.3735  1861.0  0.0715       1.730    0.001734
 5.3677  1863.0  0.0716       1.730    0.001727
 5.3619  1865.0  0.0716       1.731    0.001720
 5.3562  1867.0  0.0717       1.731    0.001712
 5.3505  1869.0  0.0717       1.732    0.001705
 5.3447  1871.0  0.0718       1.732    0.001698
 5.3390  1873.0  0.0718       1.732    0.001691
 5.3333  1875.0  0.0719       1.733    0.001684
 5.3277  1877.0  0.0719       1.733    0.001677
 5.3220  1879.0  0.0720       1.733    0.001670
 5.3163  1881.0  0.0720       1.734    0.001663
 5.3107  1883.0  0.0721       1.734    0.001656
 5.3050  1885.0  0.0721       1.734    0.001649
 5.2994  1887.0  0.0722       1.735    0.001642
 5.2938  1889.0  0.0722       1.735    0.001635
 5.2882  1891.0  0.0723       1.735    0.001628
 5.2826  1893.0  0.0723       1.736    0.001622
 5.2770  1895.0  0.0724       1.736    0.001615
 5.2715  1897.0  0.0724       1.736    0.001608
 5.2659  1899.0  0.0725       1.737    0.001602
 5.2604  1901.0  0.0725       1.737    0.001595
 5.2549  1903.0  0.0726       1.737    0.001589
 5.2493  1905.0  0.0726       1.738    0.001582
 5.2438  1907.0  0.0727       1.738    0.001576
 5.2383  1909.0  0.0727       1.738    0.001569
 5.2329  1911.0  0.0727       1.739    0.001563
 5.2274  1913.0  0.0728       1.739    0.001557
 5.2219  1915.0  0.0728       1.739    0.001550
 5.2165  1917.0  0.0729       1.740    0.001544
 5.2110  1919.0  0.0729       1.740    0.001538
 5.2056  1921.0  0.0730       1.740    0.001532
 5.2002  1923.0  0.0730       1.741    0.001525
 5.1948  1925.0  0.0731       1.741    0.001519
 5.1894  1927.0  0.0731       1.741    0.001513
 5.1840  1929.0  0.0732       1.741    0.001507
 5.1787  1931.0  0.0732       1.742    0.001501
 5.1733  1933.0  0.0732       1.742    0.001495
 5.1680  1935.0  0.0733       1.742    0.001489
 5.1626  1937.0  0.0733       1.743    0.001483
 5.1573  1939.0  0.0734       1.743    0.001477
 5.1520  1941.0  0.0734       1.743    0.001471
 5.1467  1943.0  0.0735       1.744    0.001466
 5.1414  1945.0  0.0735       1.744    0.001460
 5.1361  1947.0  0.0736       1.744    0.001454
 5.1308  1949.0  0.0736       1.745    0.001448
 5.1256  1951.0  0.0736       1.745    0.001443
 5.1203  1953.0  0.0737       1.745    0.001437
 5.1151  1955.0  0.0737       1.745    0.001431
 5.1099  1957.0  0.0738       1.746    0.001426
 5.1046  1959.0  0.0738       1.746    0.001420
 5.0994  1961.0  0.0739       1.746    0.001415
 5.0942  1963.0  0.0739       1.747    0.001409
 5.0891  1965.0  0.0739       1.747    0.001404
 5.0839  1967.0  0.0740       1.747    0.001398
 5.0787  1969.0  0.0740       1.747    0.001393
 5.0736  1971.0  0.0741       1.748    0.001387
 5.0684  1973.0  0.0741       1.748    0.001382
 5.0633  1975.0  0.0741       1.748    0.001377
 5.0582  1977.0  0.0742       1.749    0.001371
 5.0531  1979.0  0.0742       1.749    0.001366
 5.0480  1981.0  0.0743       1.749    0.001361
 5.0429  1983.0  0.0743       1.749    0.001356
 5.0378  1985.0  0.0743       1.750    0.001350
 5.0327  1987.0  0.0744       1.750    0.001345
 5.0277  1989.0  0.0744       1.750    0.001340
 5.0226  1991.0  0.0745       1.751    0.001335
 5.0176  1993.0  0.0745       1.751    0.001330
 5.0125  1995.0  0.0745       1.751    0.001325
 5.0075  1997.0  0.0746       1.751    0.001320
 5.0025  1999.0  0.0746       1.752    0.001315
 4.9975  2001.0  0.0747       1.752    0.001310
 4.9925  2003.0  0.0747       1.752    0.001305
 4.9875  2005.0  0.0747       1.752    0.001300
 4.9826  2007.0  0.0748       1.753    0.001295
 4.9776  2009.0  0.0748       1.753    0.001290
 4.9727  2011.0  0.0749       1.753    0.001286
 4.9677  2013.0  0.0749       1.754    0.001281
 4.9628  2015.0  0.0749       1.754    0.001276
 4.9579  2017.0  0.0750       1.754    0.001271
 4.9529  2019.0  0.0750       1.754    0.001266
 4.9480  2021.0  0.0750       1.755    0.001262
 4.9432  2023.0  0.0751       1.755    0.001257
 4.9383  2025.0  0.0751       1.755    0.001252
 4.9334  2027.0  0.0752       1.755    0.001248
 4.9285  2029.0  0.0752       1.756    0.001243
 4.9237  2031.0  0.0752       1.756    0.001239
 4.9188  2033.0  0.0753       1.756    0.001234
 4.9140  2035.0  0.0753       1.756    0.001229
 4.9092  2037.0  0.0753       1.757    0.001225
 4.9044  2039.0  0.0754       1.757    0.001220
 4.8996  2041.0  0.0754       1.757    0.001216
 4.8948  2043.0  0.0755       1.757    0.001212
 4.8900  2045.0  0.0755       1.758    0.001207
 4.8852  2047.0  0.0755       1.758    0.001203
 4.8804  2049.0  0.0756       1.758    0.001198
 4.8757  2051.0  0.0756       1.758    0.001194
 4.8709  2053.0  0.0756       1.759    0.001190
 4.8662  2055.0  0.0757       1.759    0.001185
 4.8614  2057.0  0.0757       1.759    0.001181
 4.8567  2059.0  0.0757       1.759    0.001177
 4.8520  2061.0  0.0758       1.760    0.001173
 4.8473  2063.0  0.0758       1.760    0.001168
 4.8426  2065.0  0.0758       1.760    0.001164
 4.8379  2067.0  0.0759       1.760    0.001160
 4.8333  2069.0  0.0759       1.761    0.001156
 4.8286  2071.0  0.0759       1.761    0.001152
 4.8239  2073.0  0.0760       1.761    0.001148
 4.8193  2075.0  0.0760       1.761    0.001143
 4.8146  2077.0  0.0760       1.762    0.001139
 4.8100  2079.0  0.0761       1.762    0.001135
 4.8054  2081.0  0.0761       1.762    0.001131
 4.8008  2083.0  0.0762       1.762    0.001127
 4.7962  2085.0  0.0762       1.762    0.001123
 4.7916  2087.0  0.0762       1.763    0.001119
 4.7870  2089.0  0.0763       1.763    0.001115
 4.7824  2091.0  0.0763       1.763    0.001111
 4.7778  2093.0  0.0763       1.763    0.001107
 4.7733  2095.0  0.0764       1.764    0.001104
 4.7687  2097.0  0.0764       1.764    0.001100
 4.7642  2099.0  0.0764       1.764    0.001096
 4.7596  2101.0  0.0764       1.764    0.001092
 4.7551  2103.0  0.0765       1.765    0.001088
 4.7506  2105.0  0.0765       1.765    0.001084
 4.7461  2107.0  0.0765       1.765    0.001081
 4.7416  2109.0  0.0766       1.765    0.001077
 4.7371  2111.0  0.0766       1.765    0.001073
 4.7326  2113.0  0.0766       1.766    0.001069
 4.7281  2115.0  0.0767       1.766    0.001066
 4.7237  2117.0  0.0767       1.766    0.001062
 4.7192  2119.0  0.0767       1.766    0.001058
 4.7148  2121.0  0.0768       1.767    0.001055
 4.7103  2123.0  0.0768       1.767    0.001051
 4.7059  2125.0  0.0768       1.767    0.001047
 4.7015  2127.0  0.0769       1.767    0.001044
 4.6970  2129.0  0.0769       1.767    0.001040
 4.6926  2131.0  0.0769       1.768    0.001037
 4.6882  2133.0  0.0770       1.768    0.001033
 4.6838  2135.0  0.0770       1.768    0.001029
 4.6795  2137.0  0.0770       1.768    0.001026
 4.6751  2139.0  0.0771       1.768    0.001022
 4.6707  2141.0  0.0771       1.769    0.001019
 4.6664  2143.0  0.0771       1.769    0.001015
 4.6620  2145.0  0.0771       1.769    0.001012
 4.6577  2147.0  0.0772       1.769    0.001009
 4.6533  2149.0  0.0772       1.770    0.001005
 4.6490  2151.0  0.0772       1.770    0.001002
 4.6447  2153.0  0.0773       1.770   0.0009984
 4.6404  2155.0  0.0773       1.770   0.0009950
 4.6361  2157.0  0.0773       1.770   0.0009916
 4.6318  2159.0  0.0774       1.771   0.0009883
 4.6275  2161.0  0.0774       1.771   0.0009850
 4.6232  2163.0  0.0774       1.771   0.0009817
 4.6189  2165.0  0.0774       1.771   0.0009784
 4.6147  2167.0  0.0775       1.771   0.0009751
 4.6104  2169.0  0.0775       1.772   0.0009718
 4.6062  2171.0  0.0775       1.772   0.0009686
 4.6019  2173.0  0.0776       1.772   0.0009654
 4.5977  2175.0  0.0776       1.772   0.0009621
 4.5935  2177.0  0.0776       1.772   0.0009589
 4.5893  2179.0  0.0776       1.773   0.0009558
 4.5851  2181.0  0.0777       1.773   0.0009526
 4.5809  2183.0  0.0777       1.773   0.0009494
 4.5767  2185.0  0.0777       1.773   0.0009463
 4.5725  2187.0  0.0778       1.773   0.0009432
 4.5683  2189.0  0.0778       1.774   0.0009400
 4.5641  2191.0  0.0778       1.774   0.0009369
 4.5600  2193.0  0.0778       1.774   0.0009339
 4.5558  2195.0  0.0779       1.774   0.0009308
 4.5517  2197.0  0.0779       1.774   0.0009277
 4.5475  2199.0  0.0779       1.775   0.0009247
 4.5434  2201.0  0.0780       1.775   0.0009217
 4.5393  2203.0  0.0780       1.775   0.0009186
 4.5351  2205.0  0.0780       1.775   0.0009156
 4.5310  2207.0  0.0780       1.775   0.0009127
 4.5269  2209.0  0.0781       1.775   0.0009097
 4.5228  2211.0  0.0781       1.776   0.0009067
 4.5188  2213.0  0.0781       1.776   0.0009038
 4.5147  2215.0  0.0781       1.776   0.0009008
 4.5106  2217.0  0.0782       1.776   0.0008979
 4.5065  2219.0  0.0782       1.776   0.0008950
 4.5025  2221.0  0.0782       1.777   0.0008921
 4.4984  2223.0  0.0783       1.777   0.0008892
 4.4944  2225.0  0.0783       1.777   0.0008864
 4.4903  2227.0  0.0783       1.777   0.0008835
 4.4863  2229.0  0.0783       1.777   0.0008807
 4.4823  2231.0  0.0784       1.777   0.0008778
 4.4783  2233.0  0.0784       1.778   0.0008750
 4.4743  2235.0  0.0784       1.778   0.0008722
 4.4703  2237.0  0.0784       1.778   0.0008694
 4.4663  2239.0  0.0785       1.778   0.0008667
 4.4623  2241.0  0.0785       1.778   0.0008639
 4.4583  2243.0  0.0785       1.779   0.0008611
 4.4543  2245.0  0.0785       1.779   0.0008584
 4.4504  2247.0  0.0786       1.779   0.0008557
 4.4464  2249.0  0.0786       1.779   0.0008529
 4.4425  2251.0  0.0786       1.779   0.0008502
 4.4385  2253.0  0.0786       1.779   0.0008475
 4.4346  2255.0  0.0787       1.780   0.0008449
 4.4307  2257.0  0.0787       1.780   0.0008422
 4.4267  2259.0  0.0787       1.780   0.0008395
 4.4228  2261.0  0.0787       1.780   0.0008369
 4.4189  2263.0  0.0788       1.780   0.0008343
 4.4150  2265.0  0.0788       1.780   0.0008316
 4.4111  2267.0  0.0788       1.781   0.0008290
 4.4072  2269.0  0.0788       1.781   0.0008264
 4.4033  2271.0  0.0789       1.781   0.0008238
 4.3995  2273.0  0.0789       1.781   0.0008212
 4.3956  2275.0  0.0789       1.781   0.0008187
 4.3917  2277.0  0.0789       1.782   0.0008161
 4.3879  2279.0  0.0790       1.782   0.0008136
 4.3840  2281.0  0.0790       1.782   0.0008110
 4.3802  2283.0  0.0790       1.782   0.0008085
 4.3764  2285.0  0.0790       1.782   0.0008060
 4.3725  2287.0  0.0791       1.782   0.0008035
 4.3687  2289.0  0.0791       1.783   0.0008010
 4.3649  2291.0  0.0791       1.783   0.0007985
 4.3611  2293.0  0.0791       1.783   0.0007961
 4.3573  2295.0  0.0792       1.783   0.0007936
 4.3535  2297.0  0.0792       1.783   0.0007912
 4.3497  2299.0  0.0792       1.783   0.0007887
 4.3459  2301.0  0.0792       1.783   0.0007863
 4.3422  2303.0  0.0793       1.784   0.0007839
 4.3384  2305.0  0.0793       1.784   0.0007815
 4.3346  2307.0  0.0793       1.784   0.0007791
 4.3309  2309.0  0.0793       1.784   0.0007767
 4.3271  2311.0  0.0793       1.784   0.0007743
 4.3234  2313.0  0.0794       1.784   0.0007720
 4.3197  2315.0  0.0794       1.785   0.0007696
 4.3159  2317.0  0.0794       1.785   0.0007673
 4.3122  2319.0  0.0794       1.785   0.0007649
 4.3085  2321.0  0.0795       1.785   0.0007626
 4.3048  2323.0  0.0795       1.785   0.0007603
 4.3011  2325.0  0.0795       1.785   0.0007580
 4.2974  2327.0  0.0795       1.786   0.0007557
 4.2937  2329.0  0.0796       1.786   0.0007534
 4.2900  2331.0  0.0796       1.786   0.0007511
 4.2863  2333.0  0.0796       1.786   0.0007489
 4.2827  2335.0  0.0796       1.786   0.0007466
 4.2790  2337.0  0.0796       1.786   0.0007444
 4.2753  2339.0  0.0797       1.787   0.0007421
 4.2717  2341.0  0.0797       1.787   0.0007399
 4.2680  2343.0  0.0797       1.787   0.0007377
 4.2644  2345.0  0.0797       1.787   0.0007355
 4.2608  2347.0  0.0798       1.787   0.0007332
 4.2571  2349.0  0.0798       1.787   0.0007311
 4.2535  2351.0  0.0798       1.787   0.0007289
 4.2499  2353.0  0.0798       1.788   0.0007267
 4.2463  2355.0  0.0798       1.788   0.0007245
 4.2427  2357.0  0.0799       1.788   0.0007224
 4.2391  2359.0  0.0799       1.788   0.0007202
 4.2355  2361.0  0.0799       1.788   0.0007181
 4.2319  2363.0  0.0799       1.788   0.0007160
 4.2283  2365.0  0.0800       1.788   0.0007138
 4.2248  2367.0  0.0800       1.789   0.0007117
 4.2212  2369.0  0.0800       1.789   0.0007096
 4.2176  2371.0  0.0800       1.789   0.0007075
 4.2141  2373.0  0.0800       1.789   0.0007054
 4.2105  2375.0  0.0801       1.789   0.0007034
 4.2070  2377.0  0.0801       1.789   0.0007013
 4.2034  2379.0  0.0801       1.789   0.0006992
 4.1999  2381.0  0.0801       1.790   0.0006972
 4.1964  2383.0  0.0801       1.790   0.0006951
 4.1929  2385.0  0.0802       1.790   0.0006931
 4.1894  2387.0  0.0802       1.790   0.0006911
 4.1859  2389.0  0.0802       1.790   0.0006890
 4.1824  2391.0  0.0802       1.790   0.0006870
 4.1789  2393.0  0.0802       1.790   0.0006850
 4.1754  2395.0  0.0803       1.791   0.0006830
 4.1719  2397.0  0.0803       1.791   0.0006811
 4.1684  2399.0  0.0803       1.791   0.0006791
 4.1649  2401.0  0.0803       1.791   0.0006771
 4.1615  2403.0  0.0803       1.791   0.0006751
 4.1580  2405.0  0.0804       1.791   0.0006732
 4.1545  2407.0  0.0804       1.791   0.0006712
 4.1511  2409.0  0.0804       1.792   0.0006693
 4.1477  2411.0  0.0804       1.792   0.0006674
 4.1442  2413.0  0.0804       1.792   0.0006654
 4.1408  2415.0  0.0805       1.792   0.0006635
 4.1374  2417.0  0.0805       1.792   0.0006616
 4.1339  2419.0  0.0805       1.792   0.0006597
 4.1305  2421.0  0.0805       1.792   0.0006578
 4.1271  2423.0  0.0805       1.793   0.0006559
 4.1237  2425.0  0.0806       1.793   0.0006541
 4.1203  2427.0  0.0806       1.793   0.0006522
 4.1169  2429.0  0.0806       1.793   0.0006503
 4.1135  2431.0  0.0806       1.793   0.0006485
 4.1102  2433.0  0.0806       1.793   0.0006466
 4.1068  2435.0  0.0807       1.793   0.0006448
 4.1034  2437.0  0.0807       1.794   0.0006429
 4.1000  2439.0  0.0807       1.794   0.0006411
 4.0967  2441.0  0.0807       1.794   0.0006393
 4.0933  2443.0  0.0807       1.794   0.0006375
 4.0900  2445.0  0.0808       1.794   0.0006357
 4.0866  2447.0  0.0808       1.794   0.0006339
 4.0833  2449.0  0.0808       1.794   0.0006321
 4.0800  2451.0  0.0808       1.794   0.0006303
 4.0766  2453.0  0.0808       1.795   0.0006285
 4.0733  2455.0  0.0809       1.795   0.0006267
 4.0700  2457.0  0.0809       1.795   0.0006250
 4.0667  2459.0  0.0809       1.795   0.0006232
 4.0634  2461.0  0.0809       1.795   0.0006215
 4.0601  2463.0  0.0809       1.795   0.0006197
 4.0568  2465.0  0.0810       1.795   0.0006180
 4.0535  2467.0  0.0810       1.795   0.0006163
 4.0502  2469.0  0.0810       1.796   0.0006145
 4.0469  2471.0  0.0810       1.796   0.0006128
 4.0437  2473.0  0.0810       1.796   0.0006111
 4.0404  2475.0  0.0810       1.796   0.0006094
 4.0371  2477.0  0.0811       1.796   0.0006077
 4.0339  2479.0  0.0811       1.796   0.0006060
 4.0306  2481.0  0.0811       1.796   0.0006043
 4.0274  2483.0  0.0811       1.796   0.0006027
 4.0241  2485.0  0.0811       1.797   0.0006010
 4.0209  2487.0  0.0812       1.797   0.0005993
 4.0177  2489.0  0.0812       1.797   0.0005977
 4.0145  2491.0  0.0812       1.797   0.0005960
 4.0112  2493.0  0.0812       1.797   0.0005944
 4.0080  2495.0  0.0812       1.797   0.0005927
 4.0048  2497.0  0.0812       1.797   0.0005911
 4.0016  2499.0  0.0813       1.797   0.0005895
 3.9984  2501.0  0.0813       1.798   0.0005878
 3.9952  2503.0  0.0813       1.798   0.0005862
 3.9920  2505.0  0.0813       1.798   0.0005846
 3.9888  2507.0  0.0813       1.798   0.0005830
 3.9857  2509.0  0.0813       1.798   0.0005814
 3.9825  2511.0  0.0814       1.798   0.0005798
 3.9793  2513.0  0.0814       1.798   0.0005782
 3.9761  2515.0  0.0814       1.798   0.0005767
 3.9730  2517.0  0.0814       1.799   0.0005751
 3.9698  2519.0  0.0814       1.799   0.0005735
 3.9667  2521.0  0.0815       1.799   0.0005720
 3.9635  2523.0  0.0815       1.799   0.0005704
 3.9604  2525.0  0.0815       1.799   0.0005689
 3.9573  2527.0  0.0815       1.799   0.0005673
 3.9541  2529.0  0.0815       1.799   0.0005658
 3.9510  2531.0  0.0815       1.799   0.0005642
 3.9479  2533.0  0.0816       1.799   0.0005627
 3.9448  2535.0  0.0816       1.800   0.0005612
 3.9417  2537.0  0.0816       1.800   0.0005597
 3.9386  2539.0  0.0816       1.800   0.0005582
 3.9355  2541.0  0.0816       1.800   0.0005567
 3.9324  2543.0  0.0816       1.800   0.0005552
 3.9293  2545.0  0.0817       1.800   0.0005537
 3.9262  2547.0  0.0817       1.800   0.0005522
 3.9231  2549.0  0.0817       1.800   0.0005507
 3.9200  2551.0  0.0817       1.801   0.0005492
 3.9170  2553.0  0.0817       1.801   0.0005478
 3.9139  2555.0  0.0817       1.801   0.0005463
 3.9108  2557.0  0.0818       1.801   0.0005448
 3.9078  2559.0  0.0818       1.801   0.0005434
 3.9047  2561.0  0.0818       1.801   0.0005419
 3.9017  2563.0  0.0818       1.801   0.0005405
 3.8986  2565.0  0.0818       1.801   0.0005391
 3.8956  2567.0  0.0818       1.801   0.0005376
 3.8926  2569.0  0.0819       1.802   0.0005362
 3.8895  2571.0  0.0819       1.802   0.0005348
 3.8865  2573.0  0.0819       1.802   0.0005334
 3.8835  2575.0  0.0819       1.802   0.0005319
 3.8805  2577.0  0.0819       1.802   0.0005305
 3.8775  2579.0  0.0819       1.802   0.0005291
 3.8745  2581.0  0.0820       1.802   0.0005277
 3.8715  2583.0  0.0820       1.802   0.0005263
 3.8685  2585.0  0.0820       1.802   0.0005250
 3.8655  2587.0  0.0820       1.803   0.0005236
 3.8625  2589.0  0.0820       1.803   0.0005222
 3.8595  2591.0  0.0820       1.803   0.0005208
 3.8565  2593.0  0.0820       1.803   0.0005195
 3.8536  2595.0  0.0821       1.803   0.0005181
 3.8506  2597.0  0.0821       1.803   0.0005167
 3.8476  2599.0  0.0821       1.803   0.0005154
 3.8447  2601.0  0.0821       1.803   0.0005140
 3.8417  2603.0  0.0821       1.803   0.0005127
 3.8388  2605.0  0.0821       1.803   0.0005114
 3.8358  2607.0  0.0822       1.804   0.0005100
 3.8329  2609.0  0.0822       1.804   0.0005087
 3.8300  2611.0  0.0822       1.804   0.0005074
 3.8270  2613.0  0.0822       1.804   0.0005061
 3.8241  2615.0  0.0822       1.804   0.0005048
 3.8212  2617.0  0.0822       1.804   0.0005034
 3.8183  2619.0  0.0822       1.804   0.0005021
 3.8153  2621.0  0.0823       1.804   0.0005008
 3.8124  2623.0  0.0823       1.804   0.0004995
 3.8095  2625.0  0.0823       1.805   0.0004983
 3.8066  2627.0  0.0823       1.805   0.0004970
 3.8037  2629.0  0.0823       1.805   0.0004957
 3.8008  2631.0  0.0823       1.805   0.0004944
 3.7979  2633.0  0.0824       1.805   0.0004931
 3.7951  2635.0  0.0824       1.805   0.0004919
 3.7922  2637.0  0.0824       1.805   0.0004906
 3.7893  2639.0  0.0824       1.805   0.0004893
 3.7864  2641.0  0.0824       1.805   0.0004881
 3.7836  2643.0  0.0824       1.805   0.0004868
 3.7807  2645.0  0.0824       1.806   0.0004856
 3.7779  2647.0  0.0825       1.806   0.0004844
 3.7750  2649.0  0.0825       1.806   0.0004831
 3.7722  2651.0  0.0825       1.806   0.0004819
 3.7693  2653.0  0.0825       1.806   0.0004807
 3.7665  2655.0  0.0825       1.806   0.0004794
 3.7636  2657.0  0.0825       1.806   0.0004782
 3.7608  2659.0  0.0825       1.806   0.0004770
 3.7580  2661.0  0.0826       1.806   0.0004758
 3.7552  2663.0  0.0826       1.806   0.0004746
 3.7523  2665.0  0.0826       1.807   0.0004734
 3.7495  2667.0  0.0826       1.807   0.0004722
 3.7467  2669.0  0.0826       1.807   0.0004710
 3.7439  2671.0  0.0826       1.807   0.0004698
 3.7411  2673.0  0.0826       1.807   0.0004686
 3.7383  2675.0  0.0827       1.807   0.0004674
 3.7355  2677.0  0.0827       1.807   0.0004663
 3.7327  2679.0  0.0827       1.807   0.0004651
 3.7300  2681.0  0.0827       1.807   0.0004639
 3.7272  2683.0  0.0827       1.807   0.0004627
 3.7244  2685.0  0.0827       1.807   0.0004616
 3.7216  2687.0  0.0827       1.808   0.0004604
 3.7189  2689.0  0.0828       1.808   0.0004593
 3.7161  2691.0  0.0828       1.808   0.0004581
 3.7133  2693.0  0.0828       1.808   0.0004570
 3.7106  2695.0  0.0828       1.808   0.0004558
 3.7078  2697.0  0.0828       1.808   0.0004547
 3.7051  2699.0  0.0828       1.808   0.0004536
 3.7023  2701.0  0.0828       1.808   0.0004524
 3.6996  2703.0  0.0828       1.808   0.0004513
 3.6969  2705.0  0.0829       1.808   0.0004502
 3.6941  2707.0  0.0829       1.809   0.0004491
 3.6914  2709.0  0.0829       1.809   0.0004480
 3.6887  2711.0  0.0829       1.809   0.0004468
 3.6860  2713.0  0.0829       1.809   0.0004457
 3.6832  2715.0  0.0829       1.809   0.0004446
 3.6805  2717.0  0.0829       1.809   0.0004435
 3.6778  2719.0  0.0830       1.809   0.0004424
 3.6751  2721.0  0.0830       1.809   0.0004413
 3.6724  2723.0  0.0830       1.809   0.0004403
 3.6697  2725.0  0.0830       1.809   0.0004392
 3.6670  2727.0  0.0830       1.809   0.0004381
 3.6643  2729.0  0.0830       1.810   0.0004370
 3.6617  2731.0  0.0830       1.810   0.0004359
 3.6590  2733.0  0.0831       1.810   0.0004349
 3.6563  2735.0  0.0831       1.810   0.0004338
 3.6536  2737.0  0.0831       1.810   0.0004327
 3.6510  2739.0  0.0831       1.810   0.0004317
 3.6483  2741.0  0.0831       1.810   0.0004306
 3.6456  2743.0  0.0831       1.810   0.0004296
 3.6430  2745.0  0.0831       1.810   0.0004285
 3.6403  2747.0  0.0831       1.810   0.0004275
 3.6377  2749.0  0.0832       1.810   0.0004264
 3.6350  2751.0  0.0832       1.811   0.0004254
 3.6324  2753.0  0.0832       1.811   0.0004244
 3.6298  2755.0  0.0832       1.811   0.0004233
 3.6271  2757.0  0.0832       1.811   0.0004223
 3.6245  2759.0  0.0832       1.811   0.0004213
 3.6219  2761.0  0.0832       1.811   0.0004203
 3.6193  2763.0  0.0832       1.811   0.0004192
 3.6166  2765.0  0.0833       1.811   0.0004182
 3.6140  2767.0  0.0833       1.811   0.0004172
 3.6114  2769.0  0.0833       1.811   0.0004162
 3.6088  2771.0  0.0833       1.811   0.0004152
 3.6062  2773.0  0.0833       1.811   0.0004142
 3.6036  2775.0  0.0833       1.812   0.0004132
 3.6010  2777.0  0.0833       1.812   0.0004122
 3.5984  2779.0  0.0833       1.812   0.0004112
 3.5958  2781.0  0.0834       1.812   0.0004102
 3.5932  2783.0  0.0834       1.812   0.0004092
 3.5907  2785.0  0.0834       1.812   0.0004083
 3.5881  2787.0  0.0834       1.812   0.0004073
 3.5855  2789.0  0.0834       1.812   0.0004063
 3.5829  2791.0  0.0834       1.812   0.0004053
 3.5804  2793.0  0.0834       1.812   0.0004044
 3.5778  2795.0  0.0834       1.812   0.0004034
 3.5753  2797.0  0.0835       1.812   0.0004024
 3.5727  2799.0  0.0835       1.813   0.0004015
 3.5702  2801.0  0.0835       1.813   0.0004005
 3.5676  2803.0  0.0835       1.813   0.0003996
 3.5651  2805.0  0.0835       1.813   0.0003986
 3.5625  2807.0  0.0835       1.813   0.0003977
 3.5600  2809.0  0.0835       1.813   0.0003967
 3.5575  2811.0  0.0835       1.813   0.0003958
 3.5549  2813.0  0.0836       1.813   0.0003949
 3.5524  2815.0  0.0836       1.813   0.0003939
 3.5499  2817.0  0.0836       1.813   0.0003930
 3.5474  2819.0  0.0836       1.813   0.0003921
 3.5448  2821.0  0.0836       1.813   0.0003911
 3.5423  2823.0  0.0836       1.814   0.0003902
 3.5398  2825.0  0.0836       1.814   0.0003893
 3.5373  2827.0  0.0836       1.814   0.0003884
 3.5348  2829.0  0.0836       1.814   0.0003875
 3.5323  2831.0  0.0837       1.814   0.0003865
 3.5298  2833.0  0.0837       1.814   0.0003856
 3.5273  2835.0  0.0837       1.814   0.0003847
 3.5249  2837.0  0.0837       1.814   0.0003838
 3.5224  2839.0  0.0837       1.814   0.0003829
 3.5199  2841.0  0.0837       1.814   0.0003820
 3.5174  2843.0  0.0837       1.814   0.0003811
 3.5149  2845.0  0.0837       1.814   0.0003803
 3.5125  2847.0  0.0838       1.815   0.0003794
 3.5100  2849.0  0.0838       1.815   0.0003785
 3.5075  2851.0  0.0838       1.815   0.0003776
 3.5051  2853.0  0.0838       1.815   0.0003767
 3.5026  2855.0  0.0838       1.815   0.0003758
 3.5002  2857.0  0.0838       1.815   0.0003750
 3.4977  2859.0  0.0838       1.815   0.0003741
 3.4953  2861.0  0.0838       1.815   0.0003732
 3.4928  2863.0  0.0838       1.815   0.0003724
 3.4904  2865.0  0.0839       1.815   0.0003715
 3.4880  2867.0  0.0839       1.815   0.0003706
 3.4855  2869.0  0.0839       1.815   0.0003698
 3.4831  2871.0  0.0839       1.815   0.0003689
 3.4807  2873.0  0.0839       1.816   0.0003681
 3.4783  2875.0  0.0839       1.816   0.0003672
 3.4758  2877.0  0.0839       1.816   0.0003664
 3.4734  2879.0  0.0839       1.816   0.0003655
 3.4710  2881.0  0.0839       1.816   0.0003647
 3.4686  2883.0  0.0840       1.816   0.0003639
 3.4662  2885.0  0.0840       1.816   0.0003630
 3.4638  2887.0  0.0840       1.816   0.0003622
 3.4614  2889.0  0.0840       1.816   0.0003614
 3.4590  2891.0  0.0840       1.816   0.0003605
 3.4566  2893.0  0.0840       1.816   0.0003597
 3.4542  2895.0  0.0840       1.816   0.0003589
 3.4518  2897.0  0.0840       1.816   0.0003581
 3.4495  2899.0  0.0840       1.816   0.0003573
 3.4471  2901.0  0.0841       1.817   0.0003564
 3.4447  2903.0  0.0841       1.817   0.0003556
 3.4423  2905.0  0.0841       1.817   0.0003548
 3.4400  2907.0  0.0841       1.817   0.0003540
 3.4376  2909.0  0.0841       1.817   0.0003532
 3.4352  2911.0  0.0841       1.817   0.0003524
 3.4329  2913.0  0.0841       1.817   0.0003516
 3.4305  2915.0  0.0841       1.817   0.0003508
 3.4282  2917.0  0.0841       1.817   0.0003500
 3.4258  2919.0  0.0841       1.817   0.0003492
 3.4235  2921.0  0.0842       1.817   0.0003484
 3.4211  2923.0  0.0842       1.817   0.0003476
 3.4188  2925.0  0.0842       1.817   0.0003469
 3.4165  2927.0  0.0842       1.818   0.0003461
 3.4141  2929.0  0.0842       1.818   0.0003453
 3.4118  2931.0  0.0842       1.818   0.0003445
 3.4095  2933.0  0.0842       1.818   0.0003437
 3.4072  2935.0  0.0842       1.818   0.0003430
 3.4048  2937.0  0.0842       1.818   0.0003422
 3.4025  2939.0  0.0843       1.818   0.0003414
 3.4002  2941.0  0.0843       1.818   0.0003407
 3.3979  2943.0  0.0843       1.818   0.0003399
 3.3956  2945.0  0.0843       1.818   0.0003391
 3.3933  2947.0  0.0843       1.818   0.0003384
 3.3910  2949.0  0.0843       1.818   0.0003376
 3.3887  2951.0  0.0843       1.818   0.0003369
 3.3864  2953.0  0.0843       1.818   0.0003361
 3.3841  2955.0  0.0843       1.818   0.0003354
 3.3818  2957.0  0.0843       1.819   0.0003346
 3.3795  2959.0  0.0844       1.819   0.0003339
 3.3772  2961.0  0.0844       1.819   0.0003331
 3.3750  2963.0  0.0844       1.819   0.0003324
 3.3727  2965.0  0.0844       1.819   0.0003317
 3.3704  2967.0  0.0844       1.819   0.0003309
 3.3681  2969.0  0.0844       1.819   0.0003302
 3.3659  2971.0  0.0844       1.819   0.0003294
 3.3636  2973.0  0.0844       1.819   0.0003287
 3.3613  2975.0  0.0844       1.819   0.0003280
 3.3591  2977.0  0.0844       1.819   0.0003273
 3.3568  2979.0  0.0845       1.819   0.0003265
 3.3546  2981.0  0.0845       1.819   0.0003258
 3.3523  2983.0  0.0845       1.819   0.0003251
 3.3501  2985.0  0.0845       1.820   0.0003244
 3.3478  2987.0  0.0845       1.820   0.0003237
 3.3456  2989.0  0.0845       1.820   0.0003230
 3.3434  2991.0  0.0845       1.820   0.0003223
 3.3411  2993.0  0.0845       1.820   0.0003215
 3.3389  2995.0  0.0845       1.820   0.0003208
 3.3367  2997.0  0.0845       1.820   0.0003201
 3.3344  2999.0  0.0846       1.820   0.0003194
 3.3322  3001.0  0.0846       1.820   0.0003187
 3.3300  3003.0  0.0846       1.820   0.0003180
 3.3278  3005.0  0.0846       1.820   0.0003173
 3.3256  3007.0  0.0846       1.820   0.0003166
 3.3234  3009.0  0.0846       1.820   0.0003160
 3.3212  3011.0  0.0846       1.820   0.0003153
 3.3190  3013.0  0.0846       1.820   0.0003146
 3.3167  3015.0  0.0846       1.821   0.0003139
 3.3146  3017.0  0.0846       1.821   0.0003132
 3.3124  3019.0  0.0846       1.821   0.0003125
 3.3102  3021.0  0.0847       1.821   0.0003119
 3.3080  3023.0  0.0847       1.821   0.0003112
 3.3058  3025.0  0.0847       1.821   0.0003105
 3.3036  3027.0  0.0847       1.821   0.0003098
 3.3014  3029.0  0.0847       1.821   0.0003092
 3.2992  3031.0  0.0847       1.821   0.0003085
 3.2971  3033.0  0.0847       1.821   0.0003078
 3.2949  3035.0  0.0847       1.821   0.0003072
 3.2927  3037.0  0.0847       1.821   0.0003065
 3.2906  3039.0  0.0847       1.821   0.0003058
 3.2884  3041.0  0.0847       1.821   0.0003052
 3.2862  3043.0  0.0848       1.821   0.0003045
 3.2841  3045.0  0.0848       1.821   0.0003039
 3.2819  3047.0  0.0848       1.822   0.0003032
 3.2798  3049.0  0.0848       1.822   0.0003026
 3.2776  3051.0  0.0848       1.822   0.0003019
 3.2755  3053.0  0.0848       1.822   0.0003013
 3.2733  3055.0  0.0848       1.822   0.0003006
 3.2712  3057.0  0.0848       1.822   0.0003000
 3.2690  3059.0  0.0848       1.822   0.0002993
 3.2669  3061.0  0.0848       1.822   0.0002987
 3.2648  3063.0  0.0848       1.822   0.0002980
 3.2626  3065.0  0.0849       1.822   0.0002974
 3.2605  3067.0  0.0849       1.822   0.0002968
 3.2584  3069.0  0.0849       1.822   0.0002961
 3.2563  3071.0  0.0849       1.822   0.0002955
 3.2541  3073.0  0.0849       1.822   0.0002949
 3.2520  3075.0  0.0849       1.822   0.0002943
 3.2499  3077.0  0.0849       1.822   0.0002936
 3.2478  3079.0  0.0849       1.823   0.0002930
 3.2457  3081.0  0.0849       1.823   0.0002924
 3.2436  3083.0  0.0849       1.823   0.0002918
 3.2415  3085.0  0.0849       1.823   0.0002911
 3.2394  3087.0  0.0850       1.823   0.0002905
 3.2373  3089.0  0.0850       1.823   0.0002899
 3.2352  3091.0  0.0850       1.823   0.0002893
 3.2331  3093.0  0.0850       1.823   0.0002887
 3.2310  3095.0  0.0850       1.823   0.0002881
 3.2289  3097.0  0.0850       1.823   0.0002875
 3.2268  3099.0  0.0850       1.823   0.0002869
 3.2248  3101.0  0.0850       1.823   0.0002863
 3.2227  3103.0  0.0850       1.823   0.0002857
 3.2206  3105.0  0.0850       1.823   0.0002851
 3.2185  3107.0  0.0850       1.823   0.0002845
 3.2165  3109.0  0.0851       1.823   0.0002839
 3.2144  3111.0  0.0851       1.823   0.0002833
 3.2123  3113.0  0.0851       1.824   0.0002827
 3.2103  3115.0  0.0851       1.824   0.0002821
 3.2082  3117.0  0.0851       1.824   0.0002815
 3.2062  3119.0  0.0851       1.824   0.0002809
 3.2041  3121.0  0.0851       1.824   0.0002803
 3.2020  3123.0  0.0851       1.824   0.0002797
 3.2000  3125.0  0.0851       1.824   0.0002792
 3.1980  3127.0  0.0851       1.824   0.0002786
 3.1959  3129.0  0.0851       1.824   0.0002780
 3.1939  3131.0  0.0851       1.824   0.0002774
 3.1918  3133.0  0.0852       1.824   0.0002768
 3.1898  3135.0  0.0852       1.824   0.0002763
 3.1878  3137.0  0.0852       1.824   0.0002757
 3.1857  3139.0  0.0852       1.824   0.0002751
 3.1837  3141.0  0.0852       1.824   0.0002745
 3.1817  3143.0  0.0852       1.824   0.0002740
 3.1797  3145.0  0.0852       1.824   0.0002734
 3.1776  3147.0  0.0852       1.825   0.0002728
 3.1756  3149.0  0.0852       1.825   0.0002723
 3.1736  3151.0  0.0852       1.825   0.0002717
 3.1716  3153.0  0.0852       1.825   0.0002712
 3.1696  3155.0  0.0852       1.825   0.0002706
 3.1676  3157.0  0.0853       1.825   0.0002700
 3.1656  3159.0  0.0853       1.825   0.0002695
 3.1636  3161.0  0.0853       1.825   0.0002689
 3.1616  3163.0  0.0853       1.825   0.0002684
 3.1596  3165.0  0.0853       1.825   0.0002678
 3.1576  3167.0  0.0853       1.825   0.0002673
 3.1556  3169.0  0.0853       1.825   0.0002667
 3.1536  3171.0  0.0853       1.825   0.0002662
 3.1516  3173.0  0.0853       1.825   0.0002656
 3.1496  3175.0  0.0853       1.825   0.0002651
 3.1476  3177.0  0.0853       1.825   0.0002645
 3.1456  3179.0  0.0853       1.825   0.0002640
 3.1437  3181.0  0.0854       1.825   0.0002635
 3.1417  3183.0  0.0854       1.826   0.0002629
 3.1397  3185.0  0.0854       1.826   0.0002624
 3.1377  3187.0  0.0854       1.826   0.0002618
 3.1358  3189.0  0.0854       1.826   0.0002613
 3.1338  3191.0  0.0854       1.826   0.0002608
 3.1319  3193.0  0.0854       1.826   0.0002603
 3.1299  3195.0  0.0854       1.826   0.0002597
 3.1279  3197.0  0.0854       1.826   0.0002592
 3.1260  3199.0  0.0854       1.826   0.0002587
 3.1240  3201.0  0.0854       1.826   0.0002581
 3.1221  3203.0  0.0854       1.826   0.0002576
 3.1201  3205.0  0.0854       1.826   0.0002571
 3.1182  3207.0  0.0855       1.826   0.0002566
 3.1162  3209.0  0.0855       1.826   0.0002561
 3.1143  3211.0  0.0855       1.826   0.0002555
 3.1124  3213.0  0.0855       1.826   0.0002550
 3.1104  3215.0  0.0855       1.826   0.0002545
 3.1085  3217.0  0.0855       1.826   0.0002540
 3.1066  3219.0  0.0855       1.826   0.0002535
 3.1046  3221.0  0.0855       1.827   0.0002530
 3.1027  3223.0  0.0855       1.827   0.0002525
 3.1008  3225.0  0.0855       1.827   0.0002520
 3.0989  3227.0  0.0855       1.827   0.0002515
 3.0969  3229.0  0.0855       1.827   0.0002509
 3.0950  3231.0  0.0855       1.827   0.0002504
 3.0931  3233.0  0.0856       1.827   0.0002499
 3.0912  3235.0  0.0856       1.827   0.0002494
 3.0893  3237.0  0.0856       1.827   0.0002489
 3.0874  3239.0  0.0856       1.827   0.0002484
 3.0855  3241.0  0.0856       1.827   0.0002479
 3.0836  3243.0  0.0856       1.827   0.0002475
 3.0817  3245.0  0.0856       1.827   0.0002470
 3.0798  3247.0  0.0856       1.827   0.0002465
 3.0779  3249.0  0.0856       1.827   0.0002460
 3.0760  3251.0  0.0856       1.827   0.0002455
 3.0741  3253.0  0.0856       1.827   0.0002450
 3.0722  3255.0  0.0856       1.827   0.0002445
 3.0703  3257.0  0.0856       1.827   0.0002440
 3.0684  3259.0  0.0856       1.827   0.0002435
 3.0665  3261.0  0.0857       1.828   0.0002431
 3.0647  3263.0  0.0857       1.828   0.0002426
 3.0628  3265.0  0.0857       1.828   0.0002421
 3.0609  3267.0  0.0857       1.828   0.0002416
 3.0590  3269.0  0.0857       1.828   0.0002411
 3.0572  3271.0  0.0857       1.828   0.0002407
 3.0553  3273.0  0.0857       1.828   0.0002402
 3.0534  3275.0  0.0857       1.828   0.0002397
 3.0516  3277.0  0.0857       1.828   0.0002392
 3.0497  3279.0  0.0857       1.828   0.0002388
 3.0479  3281.0  0.0857       1.828   0.0002383
 3.0460  3283.0  0.0857       1.828   0.0002378
 3.0441  3285.0  0.0857       1.828   0.0002374
 3.0423  3287.0  0.0858       1.828   0.0002369
 3.0404  3289.0  0.0858       1.828   0.0002364
 3.0386  3291.0  0.0858       1.828   0.0002360
 3.0367  3293.0  0.0858       1.828   0.0002355
 3.0349  3295.0  0.0858       1.828   0.0002350
 3.0331  3297.0  0.0858       1.828   0.0002346
 3.0312  3299.0  0.0858       1.828   0.0002341
 3.0294  3301.0  0.0858       1.829   0.0002337
 3.0276  3303.0  0.0858       1.829   0.0002332
 3.0257  3305.0  0.0858       1.829   0.0002327
 3.0239  3307.0  0.0858       1.829   0.0002323
 3.0221  3309.0  0.0858       1.829   0.0002318
 3.0202  3311.0  0.0858       1.829   0.0002314
 3.0184  3313.0  0.0858       1.829   0.0002309
 3.0166  3315.0  0.0859       1.829   0.0002305
 3.0148  3317.0  0.0859       1.829   0.0002300
 3.0130  3319.0  0.0859       1.829   0.0002296
 3.0111  3321.0  0.0859       1.829   0.0002291
 3.0093  3323.0  0.0859       1.829   0.0002287
 3.0075  3325.0  0.0859       1.829   0.0002282
 3.0057  3327.0  0.0859       1.829   0.0002278
 3.0039  3329.0  0.0859       1.829   0.0002274
 3.0021  3331.0  0.0859       1.829   0.0002269
 3.0003  3333.0  0.0859       1.829   0.0002265
 2.9985  3335.0  0.0859       1.829   0.0002260
 2.9967  3337.0  0.0859       1.829   0.0002256
 2.9949  3339.0  0.0859       1.829   0.0002252
 2.9931  3341.0  0.0859       1.829   0.0002247
 2.9913  3343.0  0.0859       1.830   0.0002243
 2.9895  3345.0  0.0860       1.830   0.0002239
 2.9878  3347.0  0.0860       1.830   0.0002234
 2.9860  3349.0  0.0860       1.830   0.0002230
 2.9842  3351.0  0.0860       1.830   0.0002226
 2.9824  3353.0  0.0860       1.830   0.0002222
 2.9806  3355.0  0.0860       1.830   0.0002217
 2.9789  3357.0  0.0860       1.830   0.0002213
 2.9771  3359.0  0.0860       1.830   0.0002209
 2.9753  3361.0  0.0860       1.830   0.0002205
 2.9735  3363.0  0.0860       1.830   0.0002200
 2.9718  3365.0  0.0860       1.830   0.0002196
 2.9700  3367.0  0.0860       1.830   0.0002192
 2.9682  3369.0  0.0860       1.830   0.0002188
 2.9665  3371.0  0.0860       1.830   0.0002184
 2.9647  3373.0  0.0860       1.830   0.0002179
 2.9630  3375.0  0.0861       1.830   0.0002175
 2.9612  3377.0  0.0861       1.830   0.0002171
 2.9595  3379.0  0.0861       1.830   0.0002167
 2.9577  3381.0  0.0861       1.830   0.0002163
 2.9560  3383.0  0.0861       1.830   0.0002159
 2.9542  3385.0  0.0861       1.830   0.0002155
 2.9525  3387.0  0.0861       1.831   0.0002151
 2.9507  3389.0  0.0861       1.831   0.0002146
 2.9490  3391.0  0.0861       1.831   0.0002142
 2.9472  3393.0  0.0861       1.831   0.0002138
 2.9455  3395.0  0.0861       1.831   0.0002134
 2.9438  3397.0  0.0861       1.831   0.0002130
 2.9420  3399.0  0.0861       1.831   0.0002126
 2.9403  3401.0  0.0861       1.831   0.0002122
 2.9386  3403.0  0.0861       1.831   0.0002118
 2.9369  3405.0  0.0862       1.831   0.0002114
 2.9351  3407.0  0.0862       1.831   0.0002110
 2.9334  3409.0  0.0862       1.831   0.0002106
 2.9317  3411.0  0.0862       1.831   0.0002102
 2.9300  3413.0  0.0862       1.831   0.0002098
 2.9283  3415.0  0.0862       1.831   0.0002094
 2.9265  3417.0  0.0862       1.831   0.0002090
 2.9248  3419.0  0.0862       1.831   0.0002086
 2.9231  3421.0  0.0862       1.831   0.0002083
 2.9214  3423.0  0.0862       1.831   0.0002079
 2.9197  3425.0  0.0862       1.831   0.0002075
 2.9180  3427.0  0.0862       1.831   0.0002071
 2.9163  3429.0  0.0862       1.831   0.0002067
 2.9146  3431.0  0.0862       1.831   0.0002063
 2.9129  3433.0  0.0862       1.832   0.0002059
 2.9112  3435.0  0.0862       1.832   0.0002055
 2.9095  3437.0  0.0863       1.832   0.0002052
 2.9078  3439.0  0.0863       1.832   0.0002048
 2.9061  3441.0  0.0863       1.832   0.0002044
 2.9044  3443.0  0.0863       1.832   0.0002040
 2.9028  3445.0  0.0863       1.832   0.0002036
 2.9011  3447.0  0.0863       1.832   0.0002032
 2.8994  3449.0  0.0863       1.832   0.0002029
 2.8977  3451.0  0.0863       1.832   0.0002025
 2.8960  3453.0  0.0863       1.832   0.0002021
 2.8944  3455.0  0.0863       1.832   0.0002017
 2.8927  3457.0  0.0863       1.832   0.0002014
 2.8910  3459.0  0.0863       1.832   0.0002010
 2.8893  3461.0  0.0863       1.832   0.0002006
 2.8877  3463.0  0.0863       1.832   0.0002002
 2.8860  3465.0  0.0863       1.832   0.0001999
 2.8843  3467.0  0.0863       1.832   0.0001995
 2.8827  3469.0  0.0864       1.832   0.0001991
 2.8810  3471.0  0.0864       1.832   0.0001988
 2.8794  3473.0  0.0864       1.832   0.0001984
 2.8777  3475.0  0.0864       1.832   0.0001980
 2.8760  3477.0  0.0864       1.832   0.0001977
 2.8744  3479.0  0.0864       1.832   0.0001973
 2.8727  3481.0  0.0864       1.833   0.0001969
 2.8711  3483.0  0.0864       1.833   0.0001966
 2.8694  3485.0  0.0864       1.833   0.0001962
 2.8678  3487.0  0.0864       1.833   0.0001959
 2.8662  3489.0  0.0864       1.833   0.0001955
 2.8645  3491.0  0.0864       1.833   0.0001951
 2.8629  3493.0  0.0864       1.833   0.0001948
 2.8612  3495.0  0.0864       1.833   0.0001944
 2.8596  3497.0  0.0864       1.833   0.0001941
 2.8580  3499.0  0.0864       1.833   0.0001937
 2.8563  3501.0  0.0864       1.833   0.0001934
 2.8547  3503.0  0.0865       1.833   0.0001930
 2.8531  3505.0  0.0865       1.833   0.0001927
 2.8514  3507.0  0.0865       1.833   0.0001923
 2.8498  3509.0  0.0865       1.833   0.0001920
 2.8482  3511.0  0.0865       1.833   0.0001916
 2.8466  3513.0  0.0865       1.833   0.0001913
 2.8450  3515.0  0.0865       1.833   0.0001909
 2.8433  3517.0  0.0865       1.833   0.0001906
 2.8417  3519.0  0.0865       1.833   0.0001902
 2.8401  3521.0  0.0865       1.833   0.0001899
 2.8385  3523.0  0.0865       1.833   0.0001895
 2.8369  3525.0  0.0865       1.833   0.0001892
 2.8353  3527.0  0.0865       1.833   0.0001888
 2.8337  3529.0  0.0865       1.833   0.0001885
 2.8321  3531.0  0.0865       1.834   0.0001882
 2.8305  3533.0  0.0865       1.834   0.0001878
 2.8289  3535.0  0.0865       1.834   0.0001875
 2.8273  3537.0  0.0866       1.834   0.0001871
 2.8257  3539.0  0.0866       1.834   0.0001868
 2.8241  3541.0  0.0866       1.834   0.0001865
 2.8225  3543.0  0.0866       1.834   0.0001861
 2.8209  3545.0  0.0866       1.834   0.0001858
 2.8193  3547.0  0.0866       1.834   0.0001854
 2.8177  3549.0  0.0866       1.834   0.0001851
 2.8161  3551.0  0.0866       1.834   0.0001848
 2.8145  3553.0  0.0866       1.834   0.0001844
 2.8129  3555.0  0.0866       1.834   0.0001841
 2.8114  3557.0  0.0866       1.834   0.0001838
 2.8098  3559.0  0.0866       1.834   0.0001835
 2.8082  3561.0  0.0866       1.834   0.0001831
 2.8066  3563.0  0.0866       1.834   0.0001828
 2.8050  3565.0  0.0866       1.834   0.0001825
 2.8035  3567.0  0.0866       1.834   0.0001821
 2.8019  3569.0  0.0866       1.834   0.0001818
 2.8003  3571.0  0.0866       1.834   0.0001815
 2.7988  3573.0  0.0867       1.834   0.0001812
 2.7972  3575.0  0.0867       1.834   0.0001808
 2.7956  3577.0  0.0867       1.834   0.0001805
 2.7941  3579.0  0.0867       1.834   0.0001802
 2.7925  3581.0  0.0867       1.834   0.0001799
 2.7910  3583.0  0.0867       1.835   0.0001796
 2.7894  3585.0  0.0867       1.835   0.0001792
 2.7878  3587.0  0.0867       1.835   0.0001789
 2.7863  3589.0  0.0867       1.835   0.0001786
 2.7847  3591.0  0.0867       1.835   0.0001783
 2.7832  3593.0  0.0867       1.835   0.0001780
 2.7816  3595.0  0.0867       1.835   0.0001777
 2.7801  3597.0  0.0867       1.835   0.0001773
 2.7785  3599.0  0.0867       1.835   0.0001770
 2.7770  3601.0  0.0867       1.835   0.0001767
 2.7755  3603.0  0.0867       1.835   0.0001764
 2.7739  3605.0  0.0867       1.835   0.0001761
 2.7724  3607.0  0.0867       1.835   0.0001758
 2.7709  3609.0  0.0867       1.835   0.0001755
 2.7693  3611.0  0.0868       1.835   0.0001752
 2.7678  3613.0  0.0868       1.835   0.0001748
 2.7663  3615.0  0.0868       1.835   0.0001745
 2.7647  3617.0  0.0868       1.835   0.0001742
 2.7632  3619.0  0.0868       1.835   0.0001739
 2.7617  3621.0  0.0868       1.835   0.0001736
 2.7601  3623.0  0.0868       1.835   0.0001733
 2.7586  3625.0  0.0868       1.835   0.0001730
 2.7571  3627.0  0.0868       1.835   0.0001727
 2.7556  3629.0  0.0868       1.835   0.0001724
 2.7541  3631.0  0.0868       1.835   0.0001721
 2.7525  3633.0  0.0868       1.835   0.0001718
 2.7510  3635.0  0.0868       1.835   0.0001715
 2.7495  3637.0  0.0868       1.835   0.0001712
 2.7480  3639.0  0.0868       1.836   0.0001709
 2.7465  3641.0  0.0868       1.836   0.0001706
 2.7450  3643.0  0.0868       1.836   0.0001703
 2.7435  3645.0  0.0868       1.836   0.0001700
 2.7420  3647.0  0.0868       1.836   0.0001697
 2.7405  3649.0  0.0869       1.836   0.0001694
 2.7390  3651.0  0.0869       1.836   0.0001691
 2.7375  3653.0  0.0869       1.836   0.0001688
 2.7360  3655.0  0.0869       1.836   0.0001685
 2.7345  3657.0  0.0869       1.836   0.0001682
 2.7330  3659.0  0.0869       1.836   0.0001679
 2.7315  3661.0  0.0869       1.836   0.0001676
 2.7300  3663.0  0.0869       1.836   0.0001673
 2.7285  3665.0  0.0869       1.836   0.0001671
 2.7270  3667.0  0.0869       1.836   0.0001668
 2.7255  3669.0  0.0869       1.836   0.0001665
 2.7241  3671.0  0.0869       1.836   0.0001662
 2.7226  3673.0  0.0869       1.836   0.0001659
 2.7211  3675.0  0.0869       1.836   0.0001656
 2.7196  3677.0  0.0869       1.836   0.0001653
 2.7181  3679.0  0.0869       1.836   0.0001650
 2.7167  3681.0  0.0869       1.836   0.0001648
 2.7152  3683.0  0.0869       1.836   0.0001645
 2.7137  3685.0  0.0869       1.836   0.0001642
 2.7122  3687.0  0.0869       1.836   0.0001639
 2.7108  3689.0  0.0870       1.836   0.0001636
 2.7093  3691.0  0.0870       1.836   0.0001633
 2.7078  3693.0  0.0870       1.836   0.0001631
 2.7064  3695.0  0.0870       1.836   0.0001628
 2.7049  3697.0  0.0870       1.837   0.0001625
 2.7034  3699.0  0.0870       1.837   0.0001622
 2.7020  3701.0  0.0870       1.837   0.0001619
 2.7005  3703.0  0.0870       1.837   0.0001617
 2.6991  3705.0  0.0870       1.837   0.0001614
 2.6976  3707.0  0.0870       1.837   0.0001611
 2.6961  3709.0  0.0870       1.837   0.0001608
 2.6947  3711.0  0.0870       1.837   0.0001606
 2.6932  3713.0  0.0870       1.837   0.0001603
 2.6918  3715.0  0.0870       1.837   0.0001600
 2.6903  3717.0  0.0870       1.837   0.0001597
 2.6889  3719.0  0.0870       1.837   0.0001595
 2.6874  3721.0  0.0870       1.837   0.0001592
 2.6860  3723.0  0.0870       1.837   0.0001589
 2.6846  3725.0  0.0870       1.837   0.0001586
 2.6831  3727.0  0.0870       1.837   0.0001584
 2.6817  3729.0  0.0871       1.837   0.0001581
 2.6802  3731.0  0.0871       1.837   0.0001578
 2.6788  3733.0  0.0871       1.837   0.0001576
 2.6774  3735.0  0.0871       1.837   0.0001573
 2.6759  3737.0  0.0871       1.837   0.0001570
 2.6745  3739.0  0.0871       1.837   0.0001568
 2.6731  3741.0  0.0871       1.837   0.0001565
 2.6717  3743.0  0.0871       1.837   0.0001562
 2.6702  3745.0  0.0871       1.837   0.0001560
 2.6688  3747.0  0.0871       1.837   0.0001557
 2.6674  3749.0  0.0871       1.837   0.0001554
 2.6660  3751.0  0.0871       1.837   0.0001552
 2.6645  3753.0  0.0871       1.837   0.0001549
 2.6631  3755.0  0.0871       1.837   0.0001547
 2.6617  3757.0  0.0871       1.838   0.0001544
 2.6603  3759.0  0.0871       1.838   0.0001541
 2.6589  3761.0  0.0871       1.838   0.0001539
 2.6575  3763.0  0.0871       1.838   0.0001536
 2.6560  3765.0  0.0871       1.838   0.0001534
 2.6546  3767.0  0.0871       1.838   0.0001531
 2.6532  3769.0  0.0871       1.838   0.0001528
 2.6518  3771.0  0.0872       1.838   0.0001526
 2.6504  3773.0  0.0872       1.838   0.0001523
 2.6490  3775.0  0.0872       1.838   0.0001521
 2.6476  3777.0  0.0872       1.838   0.0001518
 2.6462  3779.0  0.0872       1.838   0.0001516
 2.6448  3781.0  0.0872       1.838   0.0001513
 2.6434  3783.0  0.0872       1.838   0.0001511
 2.6420  3785.0  0.0872       1.838   0.0001508
 2.6406  3787.0  0.0872       1.838   0.0001505
 2.6392  3789.0  0.0872       1.838   0.0001503
 2.6378  3791.0  0.0872       1.838   0.0001500
 2.6364  3793.0  0.0872       1.838   0.0001498
 2.6350  3795.0  0.0872       1.838   0.0001495
 2.6337  3797.0  0.0872       1.838   0.0001493
 2.6323  3799.0  0.0872       1.838   0.0001490
 2.6309  3801.0  0.0872       1.838   0.0001488
 2.6295  3803.0  0.0872       1.838   0.0001485
 2.6281  3805.0  0.0872       1.838   0.0001483
 2.6267  3807.0  0.0872       1.838   0.0001481
 2.6254  3809.0  0.0872       1.838   0.0001478
 2.6240  3811.0  0.0872       1.838   0.0001476
 2.6226  3813.0  0.0872       1.838   0.0001473
 2.6212  3815.0  0.0873       1.838   0.0001471
 2.6199  3817.0  0.0873       1.838   0.0001468
 2.6185  3819.0  0.0873       1.838   0.0001466
 2.6171  3821.0  0.0873       1.839   0.0001463
 2.6157  3823.0  0.0873       1.839   0.0001461
 2.6144  3825.0  0.0873       1.839   0.0001459
 2.6130  3827.0  0.0873       1.839   0.0001456
 2.6116  3829.0  0.0873       1.839   0.0001454
 2.6103  3831.0  0.0873       1.839   0.0001451
 2.6089  3833.0  0.0873       1.839   0.0001449
 2.6076  3835.0  0.0873       1.839   0.0001447
 2.6062  3837.0  0.0873       1.839   0.0001444
 2.6048  3839.0  0.0873       1.839   0.0001442
 2.6035  3841.0  0.0873       1.839   0.0001439
 2.6021  3843.0  0.0873       1.839   0.0001437
 2.6008  3845.0  0.0873       1.839   0.0001435
 2.5994  3847.0  0.0873       1.839   0.0001432
 2.5981  3849.0  0.0873       1.839   0.0001430
 2.5967  3851.0  0.0873       1.839   0.0001428
 2.5954  3853.0  0.0873       1.839   0.0001425
 2.5940  3855.0  0.0873       1.839   0.0001423
 2.5927  3857.0  0.0873       1.839   0.0001421
 2.5913  3859.0  0.0873       1.839   0.0001418
 2.5900  3861.0  0.0874       1.839   0.0001416
 2.5887  3863.0  0.0874       1.839   0.0001414
 2.5873  3865.0  0.0874       1.839   0.0001411
 2.5860  3867.0  0.0874       1.839   0.0001409
 2.5846  3869.0  0.0874       1.839   0.0001407
 2.5833  3871.0  0.0874       1.839   0.0001404
 2.5820  3873.0  0.0874       1.839   0.0001402
 2.5806  3875.0  0.0874       1.839   0.0001400
 2.5793  3877.0  0.0874       1.839   0.0001398
 2.5780  3879.0  0.0874       1.839   0.0001395
 2.5767  3881.0  0.0874       1.839   0.0001393
 2.5753  3883.0  0.0874       1.839   0.0001391
 2.5740  3885.0  0.0874       1.839   0.0001388
 2.5727  3887.0  0.0874       1.839   0.0001386
 2.5714  3889.0  0.0874       1.840   0.0001384
 2.5700  3891.0  0.0874       1.840   0.0001382
 2.5687  3893.0  0.0874       1.840   0.0001379
 2.5674  3895.0  0.0874       1.840   0.0001377
 2.5661  3897.0  0.0874       1.840   0.0001375
 2.5648  3899.0  0.0874       1.840   0.0001373
 2.5634  3901.0  0.0874       1.840   0.0001371
 2.5621  3903.0  0.0874       1.840   0.0001368
 2.5608  3905.0  0.0874       1.840   0.0001366
 2.5595  3907.0  0.0874       1.840   0.0001364
 2.5582  3909.0  0.0875       1.840   0.0001362
 2.5569  3911.0  0.0875       1.840   0.0001359
 2.5556  3913.0  0.0875       1.840   0.0001357
 2.5543  3915.0  0.0875       1.840   0.0001355
 2.5530  3917.0  0.0875       1.840   0.0001353
 2.5517  3919.0  0.0875       1.840   0.0001351
 2.5504  3921.0  0.0875       1.840   0.0001349
 2.5491  3923.0  0.0875       1.840   0.0001346
 2.5478  3925.0  0.0875       1.840   0.0001344
 2.5465  3927.0  0.0875       1.840   0.0001342
 2.5452  3929.0  0.0875       1.840   0.0001340
 2.5439  3931.0  0.0875       1.840   0.0001338
 2.5426  3933.0  0.0875       1.840   0.0001336
 2.5413  3935.0  0.0875       1.840   0.0001333
 2.5400  3937.0  0.0875       1.840   0.0001331
 2.5387  3939.0  0.0875       1.840   0.0001329
 2.5374  3941.0  0.0875       1.840   0.0001327
 2.5361  3943.0  0.0875       1.840   0.0001325
 2.5349  3945.0  0.0875       1.840   0.0001323
 2.5336  3947.0  0.0875       1.840   0.0001321
 2.5323  3949.0  0.0875       1.840   0.0001319
 2.5310  3951.0  0.0875       1.840   0.0001316
 2.5297  3953.0  0.0875       1.840   0.0001314
 2.5284  3955.0  0.0875       1.840   0.0001312
 2.5272  3957.0  0.0875       1.840   0.0001310
 2.5259  3959.0  0.0876       1.840   0.0001308
 2.5246  3961.0  0.0876       1.841   0.0001306
 2.5233  3963.0  0.0876       1.841   0.0001304
 2.5221  3965.0  0.0876       1.841   0.0001302
 2.5208  3967.0  0.0876       1.841   0.0001300
 2.5195  3969.0  0.0876       1.841   0.0001298
 2.5183  3971.0  0.0876       1.841   0.0001296
 2.5170  3973.0  0.0876       1.841   0.0001294
 2.5157  3975.0  0.0876       1.841   0.0001292
 2.5145  3977.0  0.0876       1.841   0.0001290
 2.5132  3979.0  0.0876       1.841   0.0001287
 2.5119  3981.0  0.0876       1.841   0.0001285
 2.5107  3983.0  0.0876       1.841   0.0001283
 2.5094  3985.0  0.0876       1.841   0.0001281
 2.5082  3987.0  0.0876       1.841   0.0001279
 2.5069  3989.0  0.0876       1.841   0.0001277
 2.5056  3991.0  0.0876       1.841   0.0001275
 2.5044  3993.0  0.0876       1.841   0.0001273
 2.5031  3995.0  0.0876       1.841   0.0001271
 2.5019  3997.0  0.0876       1.841   0.0001269
 2.5006  3999.0  0.0876       1.841   0.0001267
