Olivine, composition not given
calculated from the oscillator parameters given
by Mukai and Koike, Icarus, 87, 180-187, 1990
 wavelength    real       imaginary
 micrometers   index        index
 7.0028E+00  1.4045E+00   9.2847E-03
 7.0126E+00  1.4034E+00   9.3543E-03
 7.0225E+00  1.4024E+00   9.4248E-03
 7.0324E+00  1.4013E+00   9.4961E-03
 7.0423E+00  1.4003E+00   9.5682E-03
 7.0522E+00  1.3992E+00   9.6412E-03
 7.0621E+00  1.3981E+00   9.7151E-03
 7.0721E+00  1.3970E+00   9.7899E-03
 7.0822E+00  1.3960E+00   9.8656E-03
 7.0922E+00  1.3949E+00   9.9422E-03
 7.1023E+00  1.3937E+00   1.0020E-02
 7.1124E+00  1.3926E+00   1.0098E-02
 7.1225E+00  1.3915E+00   1.0178E-02
 7.1327E+00  1.3904E+00   1.0258E-02
 7.1429E+00  1.3892E+00   1.0340E-02
 7.1531E+00  1.3881E+00   1.0423E-02
 7.1633E+00  1.3869E+00   1.0506E-02
 7.1736E+00  1.3857E+00   1.0591E-02
 7.1839E+00  1.3845E+00   1.0677E-02
 7.1942E+00  1.3834E+00   1.0764E-02
 7.2046E+00  1.3822E+00   1.0852E-02
 7.2150E+00  1.3809E+00   1.0941E-02
 7.2254E+00  1.3797E+00   1.1031E-02
 7.2359E+00  1.3785E+00   1.1123E-02
 7.2464E+00  1.3773E+00   1.1216E-02
 7.2569E+00  1.3760E+00   1.1310E-02
 7.2674E+00  1.3747E+00   1.1405E-02
 7.2780E+00  1.3735E+00   1.1502E-02
 7.2886E+00  1.3722E+00   1.1599E-02
 7.2993E+00  1.3709E+00   1.1699E-02
 7.3099E+00  1.3696E+00   1.1799E-02
 7.3206E+00  1.3683E+00   1.1901E-02
 7.3314E+00  1.3669E+00   1.2005E-02
 7.3421E+00  1.3656E+00   1.2110E-02
 7.3529E+00  1.3642E+00   1.2216E-02
 7.3638E+00  1.3629E+00   1.2324E-02
 7.3746E+00  1.3615E+00   1.2434E-02
 7.3855E+00  1.3601E+00   1.2545E-02
 7.3964E+00  1.3587E+00   1.2658E-02
 7.4074E+00  1.3573E+00   1.2772E-02
 7.4184E+00  1.3559E+00   1.2888E-02
 7.4294E+00  1.3544E+00   1.3006E-02
 7.4405E+00  1.3530E+00   1.3126E-02
 7.4516E+00  1.3515E+00   1.3247E-02
 7.4627E+00  1.3501E+00   1.3370E-02
 7.4738E+00  1.3486E+00   1.3495E-02
 7.4850E+00  1.3471E+00   1.3622E-02
 7.4962E+00  1.3455E+00   1.3751E-02
 7.5075E+00  1.3440E+00   1.3882E-02
 7.5188E+00  1.3425E+00   1.4015E-02
 7.5301E+00  1.3409E+00   1.4150E-02
 7.5415E+00  1.3393E+00   1.4288E-02
 7.5529E+00  1.3377E+00   1.4427E-02
 7.5643E+00  1.3361E+00   1.4569E-02
 7.5758E+00  1.3345E+00   1.4713E-02
 7.5873E+00  1.3329E+00   1.4859E-02
 7.5988E+00  1.3312E+00   1.5008E-02
 7.6104E+00  1.3295E+00   1.5160E-02
 7.6220E+00  1.3279E+00   1.5313E-02
 7.6336E+00  1.3261E+00   1.5470E-02
 7.6453E+00  1.3244E+00   1.5629E-02
 7.6570E+00  1.3227E+00   1.5791E-02
 7.6687E+00  1.3209E+00   1.5956E-02
 7.6805E+00  1.3192E+00   1.6123E-02
 7.6923E+00  1.3174E+00   1.6294E-02
 7.7042E+00  1.3156E+00   1.6467E-02
 7.7161E+00  1.3137E+00   1.6644E-02
 7.7280E+00  1.3119E+00   1.6824E-02
 7.7399E+00  1.3100E+00   1.7007E-02
 7.7519E+00  1.3081E+00   1.7193E-02
 7.7640E+00  1.3062E+00   1.7383E-02
 7.7760E+00  1.3043E+00   1.7577E-02
 7.7882E+00  1.3023E+00   1.7774E-02
 7.8003E+00  1.3004E+00   1.7975E-02
 7.8125E+00  1.2984E+00   1.8180E-02
 7.8247E+00  1.2963E+00   1.8389E-02
 7.8370E+00  1.2943E+00   1.8601E-02
 7.8493E+00  1.2922E+00   1.8818E-02
 7.8616E+00  1.2902E+00   1.9040E-02
 7.8740E+00  1.2880E+00   1.9266E-02
 7.8864E+00  1.2859E+00   1.9496E-02
 7.8989E+00  1.2838E+00   1.9731E-02
 7.9114E+00  1.2816E+00   1.9971E-02
 7.9239E+00  1.2794E+00   2.0216E-02
 7.9365E+00  1.2771E+00   2.0467E-02
 7.9491E+00  1.2749E+00   2.0722E-02
 7.9618E+00  1.2726E+00   2.0983E-02
 7.9745E+00  1.2703E+00   2.1250E-02
 7.9872E+00  1.2679E+00   2.1523E-02
 8.0000E+00  1.2656E+00   2.1802E-02
 8.0128E+00  1.2632E+00   2.2087E-02
 8.0257E+00  1.2607E+00   2.2378E-02
 8.0386E+00  1.2583E+00   2.2677E-02
 8.0515E+00  1.2558E+00   2.2982E-02
 8.0645E+00  1.2532E+00   2.3295E-02
 8.0775E+00  1.2507E+00   2.3615E-02
 8.0906E+00  1.2481E+00   2.3943E-02
 8.1037E+00  1.2455E+00   2.4278E-02
 8.1169E+00  1.2428E+00   2.4622E-02
 8.1301E+00  1.2401E+00   2.4975E-02
 8.1433E+00  1.2374E+00   2.5337E-02
 8.1566E+00  1.2346E+00   2.5708E-02
 8.1699E+00  1.2318E+00   2.6089E-02
 8.1833E+00  1.2290E+00   2.6480E-02
 8.1967E+00  1.2261E+00   2.6881E-02
 8.2102E+00  1.2231E+00   2.7293E-02
 8.2237E+00  1.2202E+00   2.7716E-02
 8.2372E+00  1.2172E+00   2.8152E-02
 8.2508E+00  1.2141E+00   2.8599E-02
 8.2645E+00  1.2110E+00   2.9060E-02
 8.2782E+00  1.2079E+00   2.9534E-02
 8.2919E+00  1.2047E+00   3.0021E-02
 8.3056E+00  1.2014E+00   3.0524E-02
 8.3195E+00  1.1982E+00   3.1042E-02
 8.3333E+00  1.1948E+00   3.1576E-02
 8.3473E+00  1.1914E+00   3.2127E-02
 8.3612E+00  1.1880E+00   3.2695E-02
 8.3752E+00  1.1845E+00   3.3282E-02
 8.3893E+00  1.1809E+00   3.3888E-02
 8.4034E+00  1.1773E+00   3.4514E-02
 8.4175E+00  1.1737E+00   3.5162E-02
 8.4317E+00  1.1699E+00   3.5832E-02
 8.4459E+00  1.1661E+00   3.6527E-02
 8.4602E+00  1.1623E+00   3.7246E-02
 8.4746E+00  1.1584E+00   3.7991E-02
 8.4890E+00  1.1544E+00   3.8764E-02
 8.5034E+00  1.1503E+00   3.9567E-02
 8.5179E+00  1.1462E+00   4.0401E-02
 8.5324E+00  1.1420E+00   4.1267E-02
 8.5470E+00  1.1377E+00   4.2169E-02
 8.5616E+00  1.1334E+00   4.3107E-02
 8.5763E+00  1.1290E+00   4.4085E-02
 8.5911E+00  1.1245E+00   4.5105E-02
 8.6059E+00  1.1199E+00   4.6168E-02
 8.6207E+00  1.1152E+00   4.7279E-02
 8.6356E+00  1.1105E+00   4.8441E-02
 8.6505E+00  1.1056E+00   4.9655E-02
 8.6655E+00  1.1007E+00   5.0927E-02
 8.6806E+00  1.0957E+00   5.2260E-02
 8.6957E+00  1.0906E+00   5.3657E-02
 8.7108E+00  1.0854E+00   5.5124E-02
 8.7260E+00  1.0800E+00   5.6665E-02
 8.7413E+00  1.0746E+00   5.8286E-02
 8.7566E+00  1.0691E+00   5.9992E-02
 8.7719E+00  1.0635E+00   6.1788E-02
 8.7873E+00  1.0578E+00   6.3682E-02
 8.8028E+00  1.0520E+00   6.5679E-02
 8.8183E+00  1.0462E+00   6.7785E-02
 8.8339E+00  1.0402E+00   7.0009E-02
 8.8496E+00  1.0341E+00   7.2359E-02
 8.8652E+00  1.0279E+00   7.4839E-02
 8.8810E+00  1.0217E+00   7.7457E-02
 8.8968E+00  1.0153E+00   8.0224E-02
 8.9127E+00  1.0089E+00   8.3141E-02
 8.9286E+00  1.0025E+00   8.6213E-02
 8.9445E+00  9.9597E-01   8.9447E-02
 8.9606E+00  9.8942E-01   9.2843E-02
 8.9767E+00  9.8286E-01   9.6401E-02
 8.9928E+00  9.7629E-01   1.0012E-01
 9.0090E+00  9.6972E-01   1.0398E-01
 9.0253E+00  9.6318E-01   1.0798E-01
 9.0416E+00  9.5668E-01   1.1209E-01
 9.0580E+00  9.5022E-01   1.1630E-01
 9.0744E+00  9.4382E-01   1.2058E-01
 9.0909E+00  9.3746E-01   1.2488E-01
 9.1075E+00  9.3114E-01   1.2918E-01
 9.1241E+00  9.2484E-01   1.3344E-01
 9.1408E+00  9.1853E-01   1.3761E-01
 9.1575E+00  9.1216E-01   1.4168E-01
 9.1743E+00  9.0567E-01   1.4560E-01
 9.1912E+00  8.9900E-01   1.4937E-01
 9.2081E+00  8.9209E-01   1.5299E-01
 9.2251E+00  8.8485E-01   1.5648E-01
 9.2421E+00  8.7720E-01   1.5986E-01
 9.2593E+00  8.6909E-01   1.6318E-01
 9.2764E+00  8.6043E-01   1.6650E-01
 9.2937E+00  8.5120E-01   1.6988E-01
 9.3110E+00  8.4132E-01   1.7341E-01
 9.3284E+00  8.3078E-01   1.7718E-01
 9.3458E+00  8.1955E-01   1.8125E-01
 9.3633E+00  8.0760E-01   1.8573E-01
 9.3809E+00  7.9493E-01   1.9071E-01
 9.3985E+00  7.8153E-01   1.9628E-01
 9.4162E+00  7.6741E-01   2.0254E-01
 9.4340E+00  7.5257E-01   2.0959E-01
 9.4518E+00  7.3702E-01   2.1756E-01
 9.4697E+00  7.2080E-01   2.2656E-01
 9.4877E+00  7.0392E-01   2.3671E-01
 9.5057E+00  6.8644E-01   2.4817E-01
 9.5238E+00  6.6842E-01   2.6109E-01
 9.5420E+00  6.4997E-01   2.7564E-01
 9.5602E+00  6.3120E-01   2.9199E-01
 9.5785E+00  6.1232E-01   3.1031E-01
 9.5969E+00  5.9353E-01   3.3077E-01
 9.6154E+00  5.7511E-01   3.5348E-01
 9.6339E+00  5.5739E-01   3.7849E-01
 9.6525E+00  5.4071E-01   4.0585E-01
 9.6712E+00  5.2543E-01   4.3545E-01
 9.6899E+00  5.1187E-01   4.6715E-01
 9.7087E+00  5.0030E-01   5.0074E-01
 9.7276E+00  4.9095E-01   5.3597E-01
 9.7466E+00  4.8395E-01   5.7257E-01
 9.7656E+00  4.7940E-01   6.1030E-01
 9.7847E+00  4.7735E-01   6.4899E-01
 9.8039E+00  4.7785E-01   6.8841E-01
 9.8232E+00  4.8095E-01   7.2845E-01
 9.8425E+00  4.8671E-01   7.6900E-01
 9.8619E+00  4.9521E-01   8.0993E-01
 9.8814E+00  5.0661E-01   8.5115E-01
 9.9010E+00  5.2106E-01   8.9254E-01
 9.9206E+00  5.3881E-01   9.3395E-01
 9.9404E+00  5.6010E-01   9.7514E-01
 9.9602E+00  5.8525E-01   1.0158E+00
 9.9800E+00  6.1463E-01   1.0557E+00
 1.0000E+01  6.4858E-01   1.0941E+00
 1.0020E+01  6.8745E-01   1.1303E+00
 1.0040E+01  7.3149E-01   1.1635E+00
 1.0060E+01  7.8079E-01   1.1924E+00
 1.0081E+01  8.3518E-01   1.2157E+00
 1.0101E+01  8.9398E-01   1.2317E+00
 1.0121E+01  9.5606E-01   1.2388E+00
 1.0142E+01  1.0195E+00   1.2357E+00
 1.0163E+01  1.0818E+00   1.2213E+00
 1.0183E+01  1.1399E+00   1.1957E+00
 1.0204E+01  1.1908E+00   1.1599E+00
 1.0225E+01  1.2319E+00   1.1160E+00
 1.0246E+01  1.2613E+00   1.0670E+00
 1.0267E+01  1.2783E+00   1.0162E+00
 1.0288E+01  1.2835E+00   9.6687E-01
 1.0309E+01  1.2780E+00   9.2182E-01
 1.0331E+01  1.2639E+00   8.8330E-01
 1.0352E+01  1.2434E+00   8.5300E-01
 1.0373E+01  1.2195E+00   8.3204E-01
 1.0395E+01  1.1953E+00   8.2079E-01
 1.0417E+01  1.1749E+00   8.1841E-01
 1.0438E+01  1.1625E+00   8.2182E-01
 1.0460E+01  1.1605E+00   8.2481E-01
 1.0482E+01  1.1667E+00   8.1909E-01
 1.0504E+01  1.1722E+00   7.9931E-01
 1.0526E+01  1.1663E+00   7.6834E-01
 1.0549E+01  1.1438E+00   7.3562E-01
 1.0571E+01  1.1070E+00   7.0994E-01
 1.0593E+01  1.0613E+00   6.9563E-01
 1.0616E+01  1.0116E+00   6.9342E-01
 1.0638E+01  9.6157E-01   7.0245E-01
 1.0661E+01  9.1334E-01   7.2141E-01
 1.0684E+01  8.6848E-01   7.4899E-01
 1.0707E+01  8.2827E-01   7.8373E-01
 1.0730E+01  7.9313E-01   8.2469E-01
 1.0753E+01  7.6376E-01   8.7050E-01
 1.0776E+01  7.4040E-01   9.1998E-01
 1.0799E+01  7.2316E-01   9.7183E-01
 1.0822E+01  7.1174E-01   1.0256E+00
 1.0846E+01  7.0601E-01   1.0802E+00
 1.0870E+01  7.0570E-01   1.1350E+00
 1.0893E+01  7.1045E-01   1.1892E+00
 1.0917E+01  7.1995E-01   1.2426E+00
 1.0941E+01  7.3377E-01   1.2944E+00
 1.0965E+01  7.5137E-01   1.3442E+00
 1.0989E+01  7.7205E-01   1.3916E+00
 1.1013E+01  7.9494E-01   1.4362E+00
 1.1037E+01  8.1897E-01   1.4781E+00
 1.1062E+01  8.4303E-01   1.5176E+00
 1.1086E+01  8.6620E-01   1.5559E+00
 1.1111E+01  8.8761E-01   1.5939E+00
 1.1136E+01  9.0735E-01   1.6339E+00
 1.1161E+01  9.2587E-01   1.6771E+00
 1.1186E+01  9.4464E-01   1.7256E+00
 1.1211E+01  9.6542E-01   1.7801E+00
 1.1236E+01  9.9038E-01   1.8412E+00
 1.1261E+01  1.0218E+00   1.9089E+00
 1.1287E+01  1.0618E+00   1.9824E+00
 1.1312E+01  1.1127E+00   2.0608E+00
 1.1338E+01  1.1768E+00   2.1430E+00
 1.1364E+01  1.2558E+00   2.2265E+00
 1.1389E+01  1.3525E+00   2.3092E+00
 1.1415E+01  1.4687E+00   2.3876E+00
 1.1442E+01  1.6063E+00   2.4569E+00
 1.1468E+01  1.7664E+00   2.5113E+00
 1.1494E+01  1.9476E+00   2.5428E+00
 1.1521E+01  2.1448E+00   2.5432E+00
 1.1547E+01  2.3513E+00   2.5048E+00
 1.1574E+01  2.5548E+00   2.4227E+00
 1.1601E+01  2.7391E+00   2.2986E+00
 1.1628E+01  2.8923E+00   2.1393E+00
 1.1655E+01  3.0049E+00   1.9583E+00
 1.1682E+01  3.0749E+00   1.7698E+00
 1.1710E+01  3.1061E+00   1.5859E+00
 1.1737E+01  3.1050E+00   1.4158E+00
 1.1765E+01  3.0793E+00   1.2643E+00
 1.1793E+01  3.0358E+00   1.1328E+00
 1.1820E+01  2.9799E+00   1.0226E+00
 1.1848E+01  2.9149E+00   9.3316E-01
 1.1877E+01  2.8432E+00   8.6612E-01
 1.1905E+01  2.7678E+00   8.2706E-01
 1.1933E+01  2.6978E+00   8.2865E-01
 1.1962E+01  2.6724E+00   8.8668E-01
 1.1990E+01  2.7790E+00   9.3847E-01
 1.2019E+01  2.9195E+00   8.0755E-01
 1.2048E+01  2.9066E+00   6.2376E-01
 1.2077E+01  2.8308E+00   5.0832E-01
 1.2107E+01  2.7542E+00   4.3892E-01
 1.2136E+01  2.6868E+00   3.9220E-01
 1.2165E+01  2.6279E+00   3.5744E-01
 1.2195E+01  2.5760E+00   3.2995E-01
 1.2225E+01  2.5292E+00   3.0707E-01
 1.2255E+01  2.4864E+00   2.8749E-01
 1.2285E+01  2.4470E+00   2.7047E-01
 1.2315E+01  2.4104E+00   2.5544E-01
 1.2346E+01  2.3762E+00   2.4207E-01
 1.2376E+01  2.3441E+00   2.3009E-01
 1.2407E+01  2.3137E+00   2.1927E-01
 1.2438E+01  2.2849E+00   2.0945E-01
 1.2469E+01  2.2575E+00   2.0053E-01
 1.2500E+01  2.2313E+00   1.9238E-01
 1.2531E+01  2.2064E+00   1.8494E-01
 1.2563E+01  2.1824E+00   1.7810E-01
 1.2595E+01  2.1594E+00   1.7181E-01
 1.2626E+01  2.1373E+00   1.6603E-01
 1.2658E+01  2.1160E+00   1.6071E-01
 1.2690E+01  2.0954E+00   1.5578E-01
 1.2723E+01  2.0756E+00   1.5125E-01
 1.2755E+01  2.0563E+00   1.4704E-01
 1.2788E+01  2.0376E+00   1.4315E-01
 1.2820E+01  2.0194E+00   1.3955E-01
 1.2854E+01  2.0017E+00   1.3621E-01
 1.2887E+01  1.9846E+00   1.3313E-01
 1.2920E+01  1.9678E+00   1.3027E-01
 1.2953E+01  1.9514E+00   1.2763E-01
 1.2987E+01  1.9355E+00   1.2519E-01
 1.3021E+01  1.9198E+00   1.2293E-01
 1.3055E+01  1.9045E+00   1.2085E-01
 1.3089E+01  1.8895E+00   1.1894E-01
 1.3123E+01  1.8747E+00   1.1718E-01
 1.3158E+01  1.8603E+00   1.1557E-01
 1.3193E+01  1.8461E+00   1.1410E-01
 1.3227E+01  1.8320E+00   1.1277E-01
 1.3263E+01  1.8182E+00   1.1157E-01
 1.3298E+01  1.8046E+00   1.1049E-01
 1.3333E+01  1.7911E+00   1.0953E-01
 1.3369E+01  1.7778E+00   1.0869E-01
 1.3405E+01  1.7647E+00   1.0796E-01
 1.3441E+01  1.7516E+00   1.0734E-01
 1.3477E+01  1.7387E+00   1.0683E-01
 1.3514E+01  1.7259E+00   1.0643E-01
 1.3550E+01  1.7132E+00   1.0614E-01
 1.3587E+01  1.7006E+00   1.0595E-01
 1.3624E+01  1.6880E+00   1.0587E-01
 1.3661E+01  1.6755E+00   1.0589E-01
 1.3699E+01  1.6630E+00   1.0603E-01
 1.3736E+01  1.6506E+00   1.0628E-01
 1.3774E+01  1.6382E+00   1.0664E-01
 1.3812E+01  1.6257E+00   1.0712E-01
 1.3850E+01  1.6133E+00   1.0773E-01
 1.3889E+01  1.6009E+00   1.0847E-01
 1.3928E+01  1.5885E+00   1.0934E-01
 1.3966E+01  1.5760E+00   1.1036E-01
 1.4006E+01  1.5635E+00   1.1154E-01
 1.4045E+01  1.5510E+00   1.1289E-01
 1.4085E+01  1.5384E+00   1.1442E-01
 1.4124E+01  1.5258E+00   1.1616E-01
 1.4164E+01  1.5131E+00   1.1810E-01
 1.4204E+01  1.5004E+00   1.2029E-01
 1.4245E+01  1.4877E+00   1.2274E-01
 1.4286E+01  1.4750E+00   1.2546E-01
 1.4327E+01  1.4623E+00   1.2847E-01
 1.4368E+01  1.4496E+00   1.3178E-01
 1.4409E+01  1.4371E+00   1.3539E-01
 1.4451E+01  1.4248E+00   1.3926E-01
 1.4493E+01  1.4127E+00   1.4334E-01
 1.4535E+01  1.4009E+00   1.4751E-01
 1.4577E+01  1.3894E+00   1.5166E-01
 1.4620E+01  1.3782E+00   1.5563E-01
 1.4663E+01  1.3671E+00   1.5926E-01
 1.4706E+01  1.3559E+00   1.6246E-01
 1.4749E+01  1.3444E+00   1.6521E-01
 1.4793E+01  1.3325E+00   1.6759E-01
 1.4837E+01  1.3198E+00   1.6974E-01
 1.4881E+01  1.3063E+00   1.7187E-01
 1.4925E+01  1.2919E+00   1.7417E-01
 1.4970E+01  1.2767E+00   1.7682E-01
 1.5015E+01  1.2606E+00   1.7996E-01
 1.5060E+01  1.2438E+00   1.8369E-01
 1.5106E+01  1.2263E+00   1.8812E-01
 1.5152E+01  1.2080E+00   1.9333E-01
 1.5198E+01  1.1891E+00   1.9938E-01
 1.5244E+01  1.1695E+00   2.0636E-01
 1.5290E+01  1.1493E+00   2.1435E-01
 1.5337E+01  1.1283E+00   2.2349E-01
 1.5385E+01  1.1067E+00   2.3391E-01
 1.5432E+01  1.0844E+00   2.4578E-01
 1.5480E+01  1.0615E+00   2.5929E-01
 1.5528E+01  1.0379E+00   2.7470E-01
 1.5576E+01  1.0138E+00   2.9225E-01
 1.5625E+01  9.8935E-01   3.1235E-01
 1.5674E+01  9.6469E-01   3.3533E-01
 1.5723E+01  9.4017E-01   3.6162E-01
 1.5773E+01  9.1629E-01   3.9163E-01
 1.5823E+01  8.9369E-01   4.2575E-01
 1.5873E+01  8.7322E-01   4.6429E-01
 1.5924E+01  8.5591E-01   5.0747E-01
 1.5974E+01  8.4301E-01   5.5498E-01
 1.6026E+01  8.3577E-01   6.0657E-01
 1.6077E+01  8.3550E-01   6.6148E-01
 1.6129E+01  8.4342E-01   7.1837E-01
 1.6181E+01  8.6066E-01   7.7598E-01
 1.6234E+01  8.8821E-01   8.3243E-01
 1.6287E+01  9.2660E-01   8.8514E-01
 1.6340E+01  9.7624E-01   9.3146E-01
 1.6393E+01  1.0362E+00   9.6762E-01
 1.6447E+01  1.1047E+00   9.8998E-01
 1.6502E+01  1.1774E+00   9.9500E-01
 1.6556E+01  1.2491E+00   9.8079E-01
 1.6611E+01  1.3130E+00   9.4806E-01
 1.6667E+01  1.3633E+00   9.0045E-01
 1.6722E+01  1.3963E+00   8.4385E-01
 1.6779E+01  1.4116E+00   7.8440E-01
 1.6835E+01  1.4109E+00   7.2731E-01
 1.6892E+01  1.3972E+00   6.7599E-01
 1.6949E+01  1.3740E+00   6.3219E-01
 1.7007E+01  1.3440E+00   5.9649E-01
 1.7065E+01  1.3095E+00   5.6859E-01
 1.7123E+01  1.2720E+00   5.4793E-01
 1.7182E+01  1.2329E+00   5.3393E-01
 1.7241E+01  1.1929E+00   5.2593E-01
 1.7301E+01  1.1526E+00   5.2344E-01
 1.7361E+01  1.1123E+00   5.2602E-01
 1.7422E+01  1.0723E+00   5.3338E-01
 1.7483E+01  1.0331E+00   5.4528E-01
 1.7544E+01  9.9470E-01   5.6160E-01
 1.7606E+01  9.5769E-01   5.8214E-01
 1.7668E+01  9.2228E-01   6.0683E-01
 1.7730E+01  8.8889E-01   6.3553E-01
 1.7794E+01  8.5798E-01   6.6796E-01
 1.7857E+01  8.2999E-01   7.0382E-01
 1.7921E+01  8.0524E-01   7.4278E-01
 1.7986E+01  7.8407E-01   7.8442E-01
 1.8050E+01  7.6673E-01   8.2819E-01
 1.8116E+01  7.5337E-01   8.7365E-01
 1.8182E+01  7.4408E-01   9.2035E-01
 1.8248E+01  7.3891E-01   9.6781E-01
 1.8315E+01  7.3787E-01   1.0155E+00
 1.8382E+01  7.4095E-01   1.0632E+00
 1.8450E+01  7.4812E-01   1.1102E+00
 1.8518E+01  7.5931E-01   1.1561E+00
 1.8587E+01  7.7439E-01   1.2004E+00
 1.8657E+01  7.9302E-01   1.2424E+00
 1.8727E+01  8.1476E-01   1.2816E+00
 1.8797E+01  8.3887E-01   1.3174E+00
 1.8868E+01  8.6440E-01   1.3496E+00
 1.8939E+01  8.9032E-01   1.3784E+00
 1.9011E+01  9.1567E-01   1.4044E+00
 1.9084E+01  9.3992E-01   1.4285E+00
 1.9157E+01  9.6304E-01   1.4521E+00
 1.9231E+01  9.8562E-01   1.4760E+00
 1.9305E+01  1.0086E+00   1.5009E+00
 1.9380E+01  1.0333E+00   1.5270E+00
 1.9455E+01  1.0607E+00   1.5537E+00
 1.9531E+01  1.0917E+00   1.5802E+00
 1.9608E+01  1.1267E+00   1.6055E+00
 1.9685E+01  1.1661E+00   1.6283E+00
 1.9763E+01  1.2096E+00   1.6474E+00
 1.9841E+01  1.2566E+00   1.6615E+00
 1.9920E+01  1.3063E+00   1.6694E+00
 2.0000E+01  1.3575E+00   1.6703E+00
 2.0080E+01  1.4087E+00   1.6634E+00
 2.0161E+01  1.4581E+00   1.6486E+00
 2.0243E+01  1.5038E+00   1.6260E+00
 2.0325E+01  1.5442E+00   1.5966E+00
 2.0408E+01  1.5778E+00   1.5614E+00
 2.0492E+01  1.6033E+00   1.5222E+00
 2.0576E+01  1.6202E+00   1.4811E+00
 2.0661E+01  1.6288E+00   1.4398E+00
 2.0747E+01  1.6298E+00   1.4003E+00
 2.0833E+01  1.6248E+00   1.3635E+00
 2.0921E+01  1.6152E+00   1.3285E+00
 2.1008E+01  1.5998E+00   1.2943E+00
 2.1097E+01  1.5758E+00   1.2624E+00
 2.1186E+01  1.5433E+00   1.2372E+00
 2.1277E+01  1.5056E+00   1.2218E+00
 2.1367E+01  1.4664E+00   1.2169E+00
 2.1459E+01  1.4289E+00   1.2216E+00
 2.1552E+01  1.3959E+00   1.2347E+00
 2.1645E+01  1.3700E+00   1.2537E+00
 2.1739E+01  1.3530E+00   1.2746E+00
 2.1834E+01  1.3445E+00   1.2919E+00
 2.1930E+01  1.3403E+00   1.3005E+00
 2.2026E+01  1.3327E+00   1.2988E+00
 2.2124E+01  1.3143E+00   1.2909E+00
 2.2222E+01  1.2824E+00   1.2848E+00
 2.2321E+01  1.2399E+00   1.2877E+00
 2.2422E+01  1.1921E+00   1.3027E+00
 2.2523E+01  1.1439E+00   1.3302E+00
 2.2624E+01  1.0987E+00   1.3685E+00
 2.2727E+01  1.0586E+00   1.4155E+00
 2.2831E+01  1.0246E+00   1.4693E+00
 2.2936E+01  9.9705E-01   1.5281E+00
 2.3041E+01  9.7579E-01   1.5906E+00
 2.3148E+01  9.6067E-01   1.6560E+00
 2.3256E+01  9.5136E-01   1.7235E+00
 2.3364E+01  9.4764E-01   1.7926E+00
 2.3474E+01  9.4930E-01   1.8630E+00
 2.3585E+01  9.5619E-01   1.9345E+00
 2.3697E+01  9.6825E-01   2.0068E+00
 2.3809E+01  9.8552E-01   2.0798E+00
 2.3923E+01  1.0081E+00   2.1534E+00
 2.4038E+01  1.0362E+00   2.2275E+00
 2.4155E+01  1.0700E+00   2.3018E+00
 2.4272E+01  1.1100E+00   2.3761E+00
 2.4390E+01  1.1565E+00   2.4501E+00
 2.4510E+01  1.2101E+00   2.5233E+00
 2.4631E+01  1.2712E+00   2.5950E+00
 2.4753E+01  1.3404E+00   2.6646E+00
 2.4876E+01  1.4182E+00   2.7307E+00
 2.5000E+01  1.5051E+00   2.7922E+00
 2.5031E+01  1.5283E+00   2.8066E+00
 2.5063E+01  1.5520E+00   2.8207E+00
 2.5094E+01  1.5763E+00   2.8342E+00
 2.5126E+01  1.6012E+00   2.8473E+00
 2.5157E+01  1.6267E+00   2.8598E+00
 2.5189E+01  1.6528E+00   2.8718E+00
 2.5221E+01  1.6794E+00   2.8832E+00
 2.5253E+01  1.7065E+00   2.8940E+00
 2.5285E+01  1.7343E+00   2.9041E+00
 2.5317E+01  1.7625E+00   2.9135E+00
 2.5349E+01  1.7912E+00   2.9221E+00
 2.5381E+01  1.8204E+00   2.9299E+00
 2.5413E+01  1.8501E+00   2.9369E+00
 2.5445E+01  1.8802E+00   2.9431E+00
 2.5478E+01  1.9107E+00   2.9483E+00
 2.5510E+01  1.9416E+00   2.9526E+00
 2.5543E+01  1.9728E+00   2.9559E+00
 2.5575E+01  2.0043E+00   2.9582E+00
 2.5608E+01  2.0361E+00   2.9594E+00
 2.5641E+01  2.0680E+00   2.9595E+00
 2.5674E+01  2.1000E+00   2.9585E+00
 2.5707E+01  2.1321E+00   2.9564E+00
 2.5740E+01  2.1643E+00   2.9530E+00
 2.5773E+01  2.1964E+00   2.9485E+00
 2.5806E+01  2.2284E+00   2.9427E+00
 2.5840E+01  2.2602E+00   2.9358E+00
 2.5873E+01  2.2916E+00   2.9276E+00
 2.5907E+01  2.3228E+00   2.9181E+00
 2.5940E+01  2.3535E+00   2.9074E+00
 2.5974E+01  2.3838E+00   2.8955E+00
 2.6008E+01  2.4134E+00   2.8823E+00
 2.6042E+01  2.4425E+00   2.8680E+00
 2.6076E+01  2.4706E+00   2.8525E+00
 2.6110E+01  2.4981E+00   2.8359E+00
 2.6144E+01  2.5246E+00   2.8182E+00
 2.6178E+01  2.5501E+00   2.7995E+00
 2.6212E+01  2.5745E+00   2.7798E+00
 2.6247E+01  2.5979E+00   2.7592E+00
 2.6281E+01  2.6200E+00   2.7377E+00
 2.6316E+01  2.6409E+00   2.7155E+00
 2.6351E+01  2.6605E+00   2.6925E+00
 2.6385E+01  2.6787E+00   2.6690E+00
 2.6420E+01  2.6956E+00   2.6448E+00
 2.6455E+01  2.7109E+00   2.6203E+00
 2.6490E+01  2.7249E+00   2.5953E+00
 2.6525E+01  2.7373E+00   2.5702E+00
 2.6560E+01  2.7481E+00   2.5448E+00
 2.6596E+01  2.7575E+00   2.5194E+00
 2.6631E+01  2.7653E+00   2.4939E+00
 2.6667E+01  2.7716E+00   2.4686E+00
 2.6702E+01  2.7763E+00   2.4436E+00
 2.6738E+01  2.7794E+00   2.4188E+00
 2.6774E+01  2.7811E+00   2.3944E+00
 2.6810E+01  2.7812E+00   2.3705E+00
 2.6846E+01  2.7799E+00   2.3473E+00
 2.6882E+01  2.7771E+00   2.3246E+00
 2.6918E+01  2.7728E+00   2.3028E+00
 2.6954E+01  2.7672E+00   2.2818E+00
 2.6991E+01  2.7602E+00   2.2617E+00
 2.7027E+01  2.7519E+00   2.2428E+00
 2.7064E+01  2.7423E+00   2.2249E+00
 2.7100E+01  2.7314E+00   2.2082E+00
 2.7137E+01  2.7194E+00   2.1929E+00
 2.7174E+01  2.7063E+00   2.1789E+00
 2.7211E+01  2.6921E+00   2.1664E+00
 2.7248E+01  2.6768E+00   2.1555E+00
 2.7285E+01  2.6607E+00   2.1463E+00
 2.7322E+01  2.6436E+00   2.1389E+00
 2.7360E+01  2.6257E+00   2.1333E+00
 2.7397E+01  2.6071E+00   2.1297E+00
 2.7435E+01  2.5879E+00   2.1282E+00
 2.7473E+01  2.5681E+00   2.1289E+00
 2.7510E+01  2.5479E+00   2.1319E+00
 2.7548E+01  2.5274E+00   2.1373E+00
 2.7586E+01  2.5068E+00   2.1454E+00
 2.7624E+01  2.4861E+00   2.1561E+00
 2.7663E+01  2.4657E+00   2.1696E+00
 2.7701E+01  2.4456E+00   2.1861E+00
 2.7739E+01  2.4260E+00   2.2057E+00
 2.7778E+01  2.4074E+00   2.2285E+00
 2.7816E+01  2.3899E+00   2.2546E+00
 2.7855E+01  2.3738E+00   2.2842E+00
 2.7894E+01  2.3596E+00   2.3172E+00
 2.7933E+01  2.3475E+00   2.3539E+00
 2.7972E+01  2.3380E+00   2.3941E+00
 2.8011E+01  2.3316E+00   2.4381E+00
 2.8050E+01  2.3289E+00   2.4858E+00
 2.8090E+01  2.3303E+00   2.5369E+00
 2.8129E+01  2.3364E+00   2.5915E+00
 2.8169E+01  2.3480E+00   2.6492E+00
 2.8209E+01  2.3657E+00   2.7098E+00
 2.8249E+01  2.3903E+00   2.7731E+00
 2.8288E+01  2.4224E+00   2.8381E+00
 2.8329E+01  2.4630E+00   2.9046E+00
 2.8369E+01  2.5129E+00   2.9716E+00
 2.8409E+01  2.5728E+00   3.0379E+00
 2.8450E+01  2.6434E+00   3.1022E+00
 2.8490E+01  2.7254E+00   3.1630E+00
 2.8531E+01  2.8193E+00   3.2185E+00
 2.8571E+01  2.9248E+00   3.2661E+00
 2.8612E+01  3.0420E+00   3.3037E+00
 2.8653E+01  3.1697E+00   3.3285E+00
 2.8694E+01  3.3062E+00   3.3376E+00
 2.8736E+01  3.4490E+00   3.3288E+00
 2.8777E+01  3.5951E+00   3.2999E+00
 2.8818E+01  3.7397E+00   3.2498E+00
 2.8860E+01  3.8789E+00   3.1785E+00
 2.8902E+01  4.0080E+00   3.0873E+00
 2.8944E+01  4.1232E+00   2.9784E+00
 2.8985E+01  4.2208E+00   2.8562E+00
 2.9028E+01  4.2995E+00   2.7241E+00
 2.9070E+01  4.3585E+00   2.5869E+00
 2.9112E+01  4.3982E+00   2.4486E+00
 2.9154E+01  4.4202E+00   2.3127E+00
 2.9197E+01  4.4266E+00   2.1814E+00
 2.9240E+01  4.4196E+00   2.0570E+00
 2.9283E+01  4.4015E+00   1.9406E+00
 2.9326E+01  4.3747E+00   1.8328E+00
 2.9369E+01  4.3409E+00   1.7335E+00
 2.9412E+01  4.3019E+00   1.6428E+00
 2.9455E+01  4.2592E+00   1.5601E+00
 2.9498E+01  4.2139E+00   1.4851E+00
 2.9542E+01  4.1667E+00   1.4169E+00
 2.9586E+01  4.1186E+00   1.3552E+00
 2.9630E+01  4.0701E+00   1.2993E+00
 2.9674E+01  4.0215E+00   1.2486E+00
 2.9718E+01  3.9731E+00   1.2027E+00
 2.9762E+01  3.9254E+00   1.1611E+00
 2.9806E+01  3.8782E+00   1.1233E+00
 2.9851E+01  3.8320E+00   1.0891E+00
 2.9895E+01  3.7865E+00   1.0579E+00
 2.9940E+01  3.7421E+00   1.0296E+00
 2.9985E+01  3.6986E+00   1.0039E+00
 3.0030E+01  3.6560E+00   9.8049E-01
 3.0075E+01  3.6143E+00   9.5917E-01
 3.0120E+01  3.5736E+00   9.3981E-01
 3.0166E+01  3.5339E+00   9.2221E-01
 3.0212E+01  3.4949E+00   9.0620E-01
 3.0257E+01  3.4568E+00   8.9168E-01
 3.0303E+01  3.4196E+00   8.7854E-01
 3.0349E+01  3.3831E+00   8.6663E-01
 3.0395E+01  3.3473E+00   8.5591E-01
 3.0441E+01  3.3123E+00   8.4626E-01
 3.0488E+01  3.2779E+00   8.3763E-01
 3.0534E+01  3.2440E+00   8.2994E-01
 3.0581E+01  3.2109E+00   8.2317E-01
 3.0628E+01  3.1783E+00   8.1723E-01
 3.0675E+01  3.1462E+00   8.1210E-01
 3.0722E+01  3.1146E+00   8.0771E-01
 3.0769E+01  3.0835E+00   8.0407E-01
 3.0817E+01  3.0529E+00   8.0111E-01
 3.0864E+01  3.0226E+00   7.9883E-01
 3.0912E+01  2.9927E+00   7.9719E-01
 3.0960E+01  2.9632E+00   7.9618E-01
 3.1008E+01  2.9341E+00   7.9578E-01
 3.1056E+01  2.9053E+00   7.9598E-01
 3.1104E+01  2.8767E+00   7.9677E-01
 3.1153E+01  2.8485E+00   7.9812E-01
 3.1201E+01  2.8205E+00   8.0005E-01
 3.1250E+01  2.7927E+00   8.0254E-01
 3.1299E+01  2.7652E+00   8.0559E-01
 3.1348E+01  2.7379E+00   8.0921E-01
 3.1397E+01  2.7108E+00   8.1338E-01
 3.1447E+01  2.6840E+00   8.1810E-01
 3.1496E+01  2.6572E+00   8.2340E-01
 3.1546E+01  2.6307E+00   8.2925E-01
 3.1596E+01  2.6043E+00   8.3570E-01
 3.1646E+01  2.5780E+00   8.4273E-01
 3.1696E+01  2.5519E+00   8.5033E-01
 3.1746E+01  2.5260E+00   8.5855E-01
 3.1797E+01  2.5001E+00   8.6739E-01
 3.1847E+01  2.4744E+00   8.7684E-01
 3.1898E+01  2.4488E+00   8.8695E-01
 3.1949E+01  2.4234E+00   8.9772E-01
 3.2000E+01  2.3980E+00   9.0915E-01
 3.2051E+01  2.3729E+00   9.2128E-01
 3.2103E+01  2.3478E+00   9.3410E-01
 3.2154E+01  2.3229E+00   9.4766E-01
 3.2206E+01  2.2982E+00   9.6197E-01
 3.2258E+01  2.2736E+00   9.7706E-01
 3.2310E+01  2.2492E+00   9.9292E-01
 3.2362E+01  2.2251E+00   1.0096E+00
 3.2415E+01  2.2011E+00   1.0271E+00
 3.2468E+01  2.1774E+00   1.0454E+00
 3.2520E+01  2.1540E+00   1.0646E+00
 3.2573E+01  2.1308E+00   1.0848E+00
 3.2626E+01  2.1080E+00   1.1057E+00
 3.2680E+01  2.0855E+00   1.1277E+00
 3.2733E+01  2.0634E+00   1.1506E+00
 3.2787E+01  2.0418E+00   1.1744E+00
 3.2841E+01  2.0206E+00   1.1992E+00
 3.2895E+01  2.0000E+00   1.2249E+00
 3.2949E+01  1.9798E+00   1.2516E+00
 3.3003E+01  1.9603E+00   1.2794E+00
 3.3058E+01  1.9415E+00   1.3080E+00
 3.3113E+01  1.9233E+00   1.3378E+00
 3.3167E+01  1.9059E+00   1.3684E+00
 3.3223E+01  1.8893E+00   1.4000E+00
 3.3278E+01  1.8735E+00   1.4326E+00
 3.3333E+01  1.8586E+00   1.4660E+00
 3.3389E+01  1.8446E+00   1.5004E+00
 3.3445E+01  1.8317E+00   1.5357E+00
 3.3501E+01  1.8197E+00   1.5718E+00
 3.3557E+01  1.8088E+00   1.6087E+00
 3.3613E+01  1.7990E+00   1.6465E+00
 3.3670E+01  1.7904E+00   1.6850E+00
 3.3727E+01  1.7829E+00   1.7243E+00
 3.3784E+01  1.7767E+00   1.7643E+00
 3.3841E+01  1.7717E+00   1.8049E+00
 3.3898E+01  1.7679E+00   1.8463E+00
 3.3956E+01  1.7655E+00   1.8882E+00
 3.4014E+01  1.7643E+00   1.9307E+00
 3.4072E+01  1.7646E+00   1.9737E+00
 3.4130E+01  1.7662E+00   2.0174E+00
 3.4188E+01  1.7692E+00   2.0614E+00
 3.4247E+01  1.7737E+00   2.1060E+00
 3.4305E+01  1.7796E+00   2.1509E+00
 3.4364E+01  1.7870E+00   2.1963E+00
 3.4423E+01  1.7959E+00   2.2421E+00
 3.4483E+01  1.8064E+00   2.2882E+00
 3.4542E+01  1.8184E+00   2.3346E+00
 3.4602E+01  1.8321E+00   2.3814E+00
 3.4662E+01  1.8475E+00   2.4283E+00
 3.4722E+01  1.8645E+00   2.4756E+00
 3.4783E+01  1.8834E+00   2.5230E+00
 3.4843E+01  1.9040E+00   2.5706E+00
 3.4904E+01  1.9265E+00   2.6184E+00
 3.4965E+01  1.9508E+00   2.6662E+00
 3.5026E+01  1.9772E+00   2.7141E+00
 3.5088E+01  2.0056E+00   2.7619E+00
 3.5149E+01  2.0361E+00   2.8097E+00
 3.5211E+01  2.0688E+00   2.8573E+00
 3.5273E+01  2.1037E+00   2.9048E+00
 3.5336E+01  2.1408E+00   2.9519E+00
 3.5398E+01  2.1804E+00   2.9986E+00
 3.5461E+01  2.2225E+00   3.0448E+00
 3.5524E+01  2.2671E+00   3.0905E+00
 3.5587E+01  2.3143E+00   3.1354E+00
 3.5651E+01  2.3642E+00   3.1794E+00
 3.5714E+01  2.4169E+00   3.2224E+00
 3.5778E+01  2.4724E+00   3.2642E+00
 3.5842E+01  2.5307E+00   3.3046E+00
 3.5907E+01  2.5919E+00   3.3433E+00
 3.5971E+01  2.6562E+00   3.3802E+00
 3.6036E+01  2.7234E+00   3.4151E+00
 3.6101E+01  2.7936E+00   3.4476E+00
 3.6166E+01  2.8668E+00   3.4775E+00
 3.6232E+01  2.9428E+00   3.5044E+00
 3.6298E+01  3.0215E+00   3.5280E+00
 3.6364E+01  3.1029E+00   3.5481E+00
 3.6430E+01  3.1870E+00   3.5644E+00
 3.6496E+01  3.2731E+00   3.5763E+00
 3.6563E+01  3.3614E+00   3.5838E+00
 3.6630E+01  3.4513E+00   3.5864E+00
 3.6697E+01  3.5426E+00   3.5839E+00
 3.6765E+01  3.6348E+00   3.5760E+00
 3.6832E+01  3.7275E+00   3.5625E+00
 3.6900E+01  3.8202E+00   3.5433E+00
 3.6969E+01  3.9123E+00   3.5183E+00
 3.7037E+01  4.0031E+00   3.4874E+00
 3.7106E+01  4.0925E+00   3.4506E+00
 3.7175E+01  4.1793E+00   3.4083E+00
 3.7244E+01  4.2634E+00   3.3605E+00
 3.7313E+01  4.3441E+00   3.3074E+00
 3.7383E+01  4.4209E+00   3.2495E+00
 3.7453E+01  4.4934E+00   3.1873E+00
 3.7523E+01  4.5612E+00   3.1212E+00
 3.7594E+01  4.6239E+00   3.0517E+00
 3.7665E+01  4.6815E+00   2.9794E+00
 3.7736E+01  4.7336E+00   2.9049E+00
 3.7807E+01  4.7804E+00   2.8285E+00
 3.7879E+01  4.8216E+00   2.7511E+00
 3.7951E+01  4.8576E+00   2.6730E+00
 3.8023E+01  4.8882E+00   2.5948E+00
 3.8095E+01  4.9139E+00   2.5170E+00
 3.8168E+01  4.9347E+00   2.4399E+00
 3.8241E+01  4.9510E+00   2.3638E+00
 3.8314E+01  4.9631E+00   2.2891E+00
 3.8388E+01  4.9712E+00   2.2161E+00
 3.8462E+01  4.9756E+00   2.1450E+00
 3.8536E+01  4.9766E+00   2.0759E+00
 3.8610E+01  4.9747E+00   2.0090E+00
 3.8685E+01  4.9699E+00   1.9442E+00
 3.8760E+01  4.9627E+00   1.8819E+00
 3.8835E+01  4.9533E+00   1.8218E+00
 3.8910E+01  4.9420E+00   1.7642E+00
 3.8986E+01  4.9289E+00   1.7088E+00
 3.9062E+01  4.9143E+00   1.6559E+00
 3.9139E+01  4.8985E+00   1.6052E+00
 3.9216E+01  4.8815E+00   1.5567E+00
 3.9293E+01  4.8635E+00   1.5104E+00
 3.9370E+01  4.8448E+00   1.4661E+00
 3.9448E+01  4.8254E+00   1.4240E+00
 3.9526E+01  4.8054E+00   1.3837E+00
 3.9604E+01  4.7850E+00   1.3454E+00
 3.9682E+01  4.7643E+00   1.3089E+00
 3.9761E+01  4.7433E+00   1.2740E+00
 3.9841E+01  4.7222E+00   1.2409E+00
 3.9920E+01  4.7009E+00   1.2093E+00
 4.0000E+01  4.6796E+00   1.1792E+00
 4.0080E+01  4.6583E+00   1.1505E+00
 4.0161E+01  4.6371E+00   1.1233E+00
 4.0241E+01  4.6160E+00   1.0973E+00
 4.0323E+01  4.5950E+00   1.0725E+00
 4.0404E+01  4.5742E+00   1.0490E+00
 4.0486E+01  4.5536E+00   1.0266E+00
 4.0568E+01  4.5332E+00   1.0052E+00
 4.0650E+01  4.5130E+00   9.8483E-01
 4.0733E+01  4.4931E+00   9.6543E-01
 4.0816E+01  4.4735E+00   9.4696E-01
 4.0900E+01  4.4541E+00   9.2934E-01
 4.0984E+01  4.4350E+00   9.1256E-01
 4.1068E+01  4.4162E+00   8.9656E-01
 4.1152E+01  4.3977E+00   8.8132E-01
 4.1237E+01  4.3796E+00   8.6679E-01
 4.1322E+01  4.3617E+00   8.5293E-01
 4.1408E+01  4.3442E+00   8.3971E-01
 4.1494E+01  4.3270E+00   8.2711E-01
 4.1580E+01  4.3101E+00   8.1509E-01
 4.1667E+01  4.2935E+00   8.0361E-01
 4.1754E+01  4.2773E+00   7.9267E-01
 4.1841E+01  4.2614E+00   7.8223E-01
 4.1929E+01  4.2458E+00   7.7227E-01
 4.2017E+01  4.2305E+00   7.6275E-01
 4.2105E+01  4.2155E+00   7.5366E-01
 4.2194E+01  4.2008E+00   7.4499E-01
 4.2283E+01  4.1865E+00   7.3670E-01
 4.2373E+01  4.1724E+00   7.2879E-01
 4.2463E+01  4.1587E+00   7.2123E-01
 4.2553E+01  4.1453E+00   7.1399E-01
 4.2644E+01  4.1321E+00   7.0708E-01
 4.2735E+01  4.1193E+00   7.0048E-01
 4.2827E+01  4.1067E+00   6.9415E-01
 4.2919E+01  4.0945E+00   6.8810E-01
 4.3011E+01  4.0825E+00   6.8230E-01
 4.3103E+01  4.0708E+00   6.7676E-01
 4.3197E+01  4.0594E+00   6.7144E-01
 4.3290E+01  4.0482E+00   6.6635E-01
 4.3384E+01  4.0373E+00   6.6146E-01
 4.3478E+01  4.0267E+00   6.5676E-01
 4.3573E+01  4.0163E+00   6.5225E-01
 4.3668E+01  4.0062E+00   6.4792E-01
 4.3764E+01  3.9963E+00   6.4375E-01
 4.3860E+01  3.9867E+00   6.3974E-01
 4.3956E+01  3.9773E+00   6.3587E-01
 4.4053E+01  3.9682E+00   6.3213E-01
 4.4150E+01  3.9592E+00   6.2853E-01
 4.4248E+01  3.9506E+00   6.2505E-01
 4.4346E+01  3.9421E+00   6.2167E-01
 4.4444E+01  3.9339E+00   6.1841E-01
 4.4543E+01  3.9258E+00   6.1523E-01
 4.4643E+01  3.9180E+00   6.1215E-01
 4.4743E+01  3.9104E+00   6.0914E-01
 4.4843E+01  3.9030E+00   6.0622E-01
 4.4944E+01  3.8958E+00   6.0336E-01
 4.5045E+01  3.8888E+00   6.0057E-01
 4.5147E+01  3.8819E+00   5.9783E-01
 4.5249E+01  3.8753E+00   5.9514E-01
 4.5352E+01  3.8688E+00   5.9250E-01
 4.5455E+01  3.8625E+00   5.8990E-01
 4.5558E+01  3.8564E+00   5.8733E-01
 4.5662E+01  3.8504E+00   5.8480E-01
 4.5767E+01  3.8446E+00   5.8229E-01
 4.5872E+01  3.8390E+00   5.7980E-01
 4.5977E+01  3.8335E+00   5.7734E-01
 4.6083E+01  3.8281E+00   5.7488E-01
 4.6189E+01  3.8229E+00   5.7244E-01
 4.6296E+01  3.8179E+00   5.7001E-01
 4.6404E+01  3.8129E+00   5.6758E-01
 4.6512E+01  3.8081E+00   5.6514E-01
 4.6620E+01  3.8034E+00   5.6271E-01
 4.6729E+01  3.7989E+00   5.6027E-01
 4.6838E+01  3.7944E+00   5.5783E-01
 4.6948E+01  3.7900E+00   5.5537E-01
 4.7059E+01  3.7858E+00   5.5291E-01
 4.7170E+01  3.7817E+00   5.5042E-01
 4.7281E+01  3.7776E+00   5.4793E-01
 4.7393E+01  3.7737E+00   5.4542E-01
 4.7506E+01  3.7698E+00   5.4289E-01
 4.7619E+01  3.7660E+00   5.4033E-01
 4.7733E+01  3.7624E+00   5.3776E-01
 4.7847E+01  3.7587E+00   5.3517E-01
 4.7962E+01  3.7552E+00   5.3255E-01
 4.8077E+01  3.7517E+00   5.2991E-01
 4.8193E+01  3.7483E+00   5.2725E-01
 4.8309E+01  3.7449E+00   5.2456E-01
 4.8426E+01  3.7417E+00   5.2185E-01
 4.8544E+01  3.7384E+00   5.1912E-01
 4.8662E+01  3.7352E+00   5.1636E-01
 4.8781E+01  3.7321E+00   5.1358E-01
 4.8900E+01  3.7290E+00   5.1077E-01
 4.9020E+01  3.7259E+00   5.0794E-01
 4.9140E+01  3.7229E+00   5.0509E-01
 4.9261E+01  3.7200E+00   5.0221E-01
 4.9383E+01  3.7170E+00   4.9931E-01
 4.9505E+01  3.7141E+00   4.9639E-01
 4.9628E+01  3.7112E+00   4.9345E-01
 4.9751E+01  3.7083E+00   4.9049E-01
 4.9875E+01  3.7055E+00   4.8751E-01
 5.0000E+01  3.7027E+00   4.8451E-01
 5.0125E+01  3.6999E+00   4.8150E-01
 5.0251E+01  3.6971E+00   4.7846E-01
 5.0378E+01  3.6943E+00   4.7542E-01
 5.0505E+01  3.6916E+00   4.7236E-01
 5.0633E+01  3.6888E+00   4.6928E-01
 5.0761E+01  3.6861E+00   4.6620E-01
 5.0891E+01  3.6834E+00   4.6310E-01
 5.1020E+01  3.6807E+00   4.6000E-01
 5.1151E+01  3.6780E+00   4.5689E-01
 5.1282E+01  3.6753E+00   4.5377E-01
 5.1414E+01  3.6726E+00   4.5064E-01
 5.1546E+01  3.6699E+00   4.4751E-01
 5.1680E+01  3.6672E+00   4.4438E-01
 5.1813E+01  3.6645E+00   4.4124E-01
 5.1948E+01  3.6618E+00   4.3810E-01
 5.2083E+01  3.6591E+00   4.3497E-01
 5.2219E+01  3.6564E+00   4.3183E-01
 5.2356E+01  3.6537E+00   4.2870E-01
 5.2493E+01  3.6509E+00   4.2557E-01
 5.2632E+01  3.6482E+00   4.2244E-01
 5.2770E+01  3.6455E+00   4.1933E-01
 5.2910E+01  3.6428E+00   4.1621E-01
 5.3050E+01  3.6401E+00   4.1311E-01
 5.3191E+01  3.6374E+00   4.1001E-01
 5.3333E+01  3.6346E+00   4.0693E-01
 5.3476E+01  3.6319E+00   4.0385E-01
 5.3619E+01  3.6292E+00   4.0079E-01
 5.3763E+01  3.6264E+00   3.9774E-01
 5.3908E+01  3.6237E+00   3.9470E-01
 5.4054E+01  3.6209E+00   3.9168E-01
 5.4200E+01  3.6181E+00   3.8867E-01
 5.4348E+01  3.6154E+00   3.8568E-01
 5.4496E+01  3.6126E+00   3.8270E-01
 5.4645E+01  3.6098E+00   3.7974E-01
 5.4794E+01  3.6071E+00   3.7680E-01
 5.4945E+01  3.6043E+00   3.7387E-01
 5.5096E+01  3.6015E+00   3.7097E-01
 5.5249E+01  3.5987E+00   3.6809E-01
 5.5402E+01  3.5959E+00   3.6522E-01
 5.5556E+01  3.5931E+00   3.6238E-01
 5.5710E+01  3.5904E+00   3.5955E-01
 5.5866E+01  3.5876E+00   3.5675E-01
 5.6022E+01  3.5848E+00   3.5397E-01
 5.6180E+01  3.5820E+00   3.5121E-01
 5.6338E+01  3.5792E+00   3.4848E-01
 5.6497E+01  3.5764E+00   3.4577E-01
 5.6657E+01  3.5736E+00   3.4308E-01
 5.6818E+01  3.5708E+00   3.4041E-01
 5.6980E+01  3.5680E+00   3.3777E-01
 5.7143E+01  3.5652E+00   3.3515E-01
 5.7307E+01  3.5624E+00   3.3256E-01
 5.7471E+01  3.5596E+00   3.2999E-01
 5.7637E+01  3.5568E+00   3.2745E-01
 5.7803E+01  3.5540E+00   3.2493E-01
 5.7971E+01  3.5512E+00   3.2243E-01
 5.8139E+01  3.5484E+00   3.1996E-01
 5.8309E+01  3.5457E+00   3.1752E-01
 5.8480E+01  3.5429E+00   3.1510E-01
 5.8651E+01  3.5401E+00   3.1270E-01
 5.8824E+01  3.5373E+00   3.1033E-01
 5.8997E+01  3.5346E+00   3.0798E-01
 5.9172E+01  3.5318E+00   3.0566E-01
 5.9347E+01  3.5291E+00   3.0337E-01
 5.9524E+01  3.5263E+00   3.0109E-01
 5.9702E+01  3.5236E+00   2.9885E-01
 5.9880E+01  3.5209E+00   2.9663E-01
 6.0060E+01  3.5182E+00   2.9443E-01
 6.0241E+01  3.5154E+00   2.9226E-01
 6.0423E+01  3.5127E+00   2.9011E-01
 6.0606E+01  3.5100E+00   2.8798E-01
 6.0790E+01  3.5074E+00   2.8588E-01
 6.0976E+01  3.5047E+00   2.8381E-01
 6.1162E+01  3.5020E+00   2.8176E-01
 6.1350E+01  3.4994E+00   2.7973E-01
 6.1538E+01  3.4967E+00   2.7772E-01
 6.1728E+01  3.4941E+00   2.7574E-01
 6.1919E+01  3.4914E+00   2.7379E-01
 6.2112E+01  3.4888E+00   2.7185E-01
 6.2305E+01  3.4862E+00   2.6994E-01
 6.2500E+01  3.4836E+00   2.6805E-01
 6.2696E+01  3.4810E+00   2.6618E-01
 6.2893E+01  3.4785E+00   2.6434E-01
 6.3092E+01  3.4759E+00   2.6251E-01
 6.3291E+01  3.4734E+00   2.6071E-01
 6.3492E+01  3.4708E+00   2.5893E-01
 6.3694E+01  3.4683E+00   2.5717E-01
 6.3898E+01  3.4658E+00   2.5544E-01
 6.4103E+01  3.4633E+00   2.5372E-01
 6.4309E+01  3.4608E+00   2.5203E-01
 6.4516E+01  3.4583E+00   2.5035E-01
 6.4725E+01  3.4559E+00   2.4869E-01
 6.4935E+01  3.4534E+00   2.4706E-01
 6.5147E+01  3.4510E+00   2.4544E-01
 6.5359E+01  3.4486E+00   2.4385E-01
 6.5574E+01  3.4462E+00   2.4227E-01
 6.5790E+01  3.4438E+00   2.4071E-01
 6.6007E+01  3.4414E+00   2.3917E-01
 6.6225E+01  3.4390E+00   2.3765E-01
 6.6445E+01  3.4367E+00   2.3614E-01
 6.6667E+01  3.4344E+00   2.3466E-01
 6.6890E+01  3.4320E+00   2.3319E-01
 6.7114E+01  3.4297E+00   2.3174E-01
 6.7340E+01  3.4275E+00   2.3030E-01
 6.7568E+01  3.4252E+00   2.2889E-01
 6.7797E+01  3.4229E+00   2.2748E-01
 6.8027E+01  3.4207E+00   2.2610E-01
 6.8259E+01  3.4185E+00   2.2473E-01
 6.8493E+01  3.4162E+00   2.2338E-01
 6.8728E+01  3.4140E+00   2.2204E-01
 6.8966E+01  3.4119E+00   2.2072E-01
 6.9204E+01  3.4097E+00   2.1941E-01
 6.9444E+01  3.4075E+00   2.1812E-01
 6.9686E+01  3.4054E+00   2.1684E-01
 6.9930E+01  3.4033E+00   2.1558E-01
 7.0175E+01  3.4012E+00   2.1433E-01
 7.0422E+01  3.3991E+00   2.1309E-01
 7.0671E+01  3.3970E+00   2.1187E-01
 7.0922E+01  3.3950E+00   2.1066E-01
 7.1174E+01  3.3929E+00   2.0946E-01
 7.1429E+01  3.3909E+00   2.0828E-01
 7.1685E+01  3.3889E+00   2.0711E-01
 7.1942E+01  3.3869E+00   2.0595E-01
 7.2202E+01  3.3849E+00   2.0480E-01
 7.2464E+01  3.3829E+00   2.0366E-01
 7.2727E+01  3.3810E+00   2.0254E-01
 7.2993E+01  3.3791E+00   2.0143E-01
 7.3260E+01  3.3771E+00   2.0033E-01
 7.3529E+01  3.3752E+00   1.9923E-01
 7.3801E+01  3.3733E+00   1.9815E-01
 7.4074E+01  3.3715E+00   1.9708E-01
 7.4349E+01  3.3696E+00   1.9602E-01
 7.4627E+01  3.3678E+00   1.9497E-01
 7.4906E+01  3.3659E+00   1.9393E-01
 7.5188E+01  3.3641E+00   1.9290E-01
 7.5472E+01  3.3623E+00   1.9188E-01
 7.5758E+01  3.3606E+00   1.9087E-01
 7.6046E+01  3.3588E+00   1.8987E-01
 7.6336E+01  3.3570E+00   1.8887E-01
 7.6628E+01  3.3553E+00   1.8789E-01
 7.6923E+01  3.3536E+00   1.8691E-01
 7.7220E+01  3.3519E+00   1.8594E-01
 7.7519E+01  3.3502E+00   1.8497E-01
 7.7821E+01  3.3485E+00   1.8402E-01
 7.8125E+01  3.3469E+00   1.8307E-01
 7.8431E+01  3.3452E+00   1.8213E-01
 7.8740E+01  3.3436E+00   1.8120E-01
 7.9051E+01  3.3420E+00   1.8027E-01
 7.9365E+01  3.3404E+00   1.7935E-01
 7.9681E+01  3.3388E+00   1.7844E-01
 8.0000E+01  3.3372E+00   1.7753E-01
 8.0321E+01  3.3356E+00   1.7663E-01
 8.0645E+01  3.3341E+00   1.7574E-01
 8.0972E+01  3.3326E+00   1.7485E-01
 8.1301E+01  3.3310E+00   1.7396E-01
 8.1633E+01  3.3295E+00   1.7309E-01
 8.1967E+01  3.3280E+00   1.7221E-01
 8.2305E+01  3.3266E+00   1.7135E-01
 8.2645E+01  3.3251E+00   1.7048E-01
 8.2987E+01  3.3236E+00   1.6962E-01
 8.3333E+01  3.3222E+00   1.6877E-01
 8.3682E+01  3.3208E+00   1.6792E-01
 8.4034E+01  3.3194E+00   1.6708E-01
 8.4388E+01  3.3180E+00   1.6624E-01
 8.4746E+01  3.3166E+00   1.6540E-01
 8.5106E+01  3.3152E+00   1.6457E-01
 8.5470E+01  3.3139E+00   1.6374E-01
 8.5837E+01  3.3125E+00   1.6292E-01
 8.6207E+01  3.3112E+00   1.6210E-01
 8.6580E+01  3.3099E+00   1.6128E-01
 8.6957E+01  3.3085E+00   1.6046E-01
 8.7336E+01  3.3072E+00   1.5965E-01
 8.7719E+01  3.3060E+00   1.5884E-01
 8.8106E+01  3.3047E+00   1.5804E-01
 8.8496E+01  3.3034E+00   1.5724E-01
 8.8889E+01  3.3022E+00   1.5644E-01
 8.9286E+01  3.3009E+00   1.5564E-01
 8.9686E+01  3.2997E+00   1.5485E-01
 9.0090E+01  3.2985E+00   1.5405E-01
 9.0498E+01  3.2973E+00   1.5326E-01
 9.0909E+01  3.2961E+00   1.5248E-01
 9.1324E+01  3.2949E+00   1.5169E-01
 9.1743E+01  3.2937E+00   1.5091E-01
 9.2166E+01  3.2926E+00   1.5013E-01
 9.2593E+01  3.2914E+00   1.4935E-01
 9.3023E+01  3.2903E+00   1.4857E-01
 9.3458E+01  3.2892E+00   1.4779E-01
 9.3897E+01  3.2880E+00   1.4702E-01
 9.4340E+01  3.2869E+00   1.4624E-01
 9.4787E+01  3.2858E+00   1.4547E-01
 9.5238E+01  3.2847E+00   1.4470E-01
 9.5694E+01  3.2837E+00   1.4393E-01
 9.6154E+01  3.2826E+00   1.4316E-01
 9.6618E+01  3.2815E+00   1.4240E-01
 9.7087E+01  3.2805E+00   1.4163E-01
 9.7561E+01  3.2794E+00   1.4087E-01
 9.8039E+01  3.2784E+00   1.4011E-01
 9.8522E+01  3.2774E+00   1.3934E-01
 9.9010E+01  3.2764E+00   1.3858E-01
 9.9502E+01  3.2754E+00   1.3782E-01
 1.0000E+02  3.2744E+00   1.3706E-01
 1.0050E+02  3.2734E+00   1.3630E-01
 1.0101E+02  3.2724E+00   1.3554E-01
 1.0152E+02  3.2714E+00   1.3479E-01
 1.0204E+02  3.2705E+00   1.3403E-01
 1.0256E+02  3.2695E+00   1.3327E-01
 1.0309E+02  3.2686E+00   1.3252E-01
 1.0363E+02  3.2677E+00   1.3176E-01
 1.0417E+02  3.2667E+00   1.3101E-01
 1.0471E+02  3.2658E+00   1.3026E-01
 1.0526E+02  3.2649E+00   1.2950E-01
 1.0582E+02  3.2640E+00   1.2875E-01
 1.0638E+02  3.2631E+00   1.2800E-01
 1.0695E+02  3.2622E+00   1.2725E-01
 1.0753E+02  3.2613E+00   1.2650E-01
 1.0811E+02  3.2604E+00   1.2574E-01
 1.0870E+02  3.2596E+00   1.2499E-01
 1.0929E+02  3.2587E+00   1.2424E-01
 1.0989E+02  3.2579E+00   1.2349E-01
 1.1050E+02  3.2570E+00   1.2274E-01
 1.1111E+02  3.2562E+00   1.2200E-01
 1.1173E+02  3.2553E+00   1.2125E-01
 1.1236E+02  3.2545E+00   1.2050E-01
 1.1299E+02  3.2537E+00   1.1975E-01
 1.1364E+02  3.2529E+00   1.1900E-01
 1.1429E+02  3.2521E+00   1.1825E-01
 1.1494E+02  3.2513E+00   1.1751E-01
 1.1561E+02  3.2505E+00   1.1676E-01
 1.1628E+02  3.2497E+00   1.1601E-01
 1.1696E+02  3.2489E+00   1.1527E-01
 1.1765E+02  3.2482E+00   1.1452E-01
 1.1834E+02  3.2474E+00   1.1378E-01
 1.1905E+02  3.2466E+00   1.1303E-01
 1.1976E+02  3.2459E+00   1.1229E-01
 1.2048E+02  3.2451E+00   1.1154E-01
 1.2121E+02  3.2444E+00   1.1080E-01
 1.2195E+02  3.2436E+00   1.1006E-01
 1.2270E+02  3.2429E+00   1.0931E-01
 1.2346E+02  3.2422E+00   1.0857E-01
 1.2422E+02  3.2414E+00   1.0783E-01
 1.2500E+02  3.2407E+00   1.0709E-01
 1.2579E+02  3.2400E+00   1.0635E-01
 1.2658E+02  3.2393E+00   1.0560E-01
 1.2739E+02  3.2386E+00   1.0486E-01
 1.2821E+02  3.2379E+00   1.0412E-01
 1.2903E+02  3.2372E+00   1.0339E-01
 1.2987E+02  3.2365E+00   1.0265E-01
 1.3072E+02  3.2359E+00   1.0191E-01
 1.3158E+02  3.2352E+00   1.0117E-01
 1.3245E+02  3.2345E+00   1.0043E-01
 1.3333E+02  3.2339E+00   9.9696E-02
 1.3423E+02  3.2332E+00   9.8960E-02
 1.3513E+02  3.2325E+00   9.8224E-02
 1.3605E+02  3.2319E+00   9.7490E-02
 1.3699E+02  3.2312E+00   9.6756E-02
 1.3793E+02  3.2306E+00   9.6022E-02
 1.3889E+02  3.2300E+00   9.5289E-02
 1.3986E+02  3.2293E+00   9.4557E-02
 1.4084E+02  3.2287E+00   9.3825E-02
 1.4184E+02  3.2281E+00   9.3094E-02
 1.4286E+02  3.2275E+00   9.2365E-02
 1.4388E+02  3.2269E+00   9.1635E-02
 1.4493E+02  3.2263E+00   9.0906E-02
 1.4599E+02  3.2257E+00   9.0179E-02
 1.4706E+02  3.2251E+00   8.9452E-02
 1.4815E+02  3.2245E+00   8.8726E-02
 1.4925E+02  3.2239E+00   8.8001E-02
 1.5038E+02  3.2233E+00   8.7276E-02
 1.5151E+02  3.2227E+00   8.6553E-02
 1.5267E+02  3.2221E+00   8.5830E-02
 1.5385E+02  3.2216E+00   8.5109E-02
 1.5504E+02  3.2210E+00   8.4388E-02
 1.5625E+02  3.2204E+00   8.3668E-02
 1.5748E+02  3.2199E+00   8.2949E-02
 1.5873E+02  3.2193E+00   8.2231E-02
 1.6000E+02  3.2188E+00   8.1514E-02
 1.6129E+02  3.2182E+00   8.0798E-02
 1.6260E+02  3.2177E+00   8.0083E-02
 1.6393E+02  3.2172E+00   7.9369E-02
 1.6529E+02  3.2166E+00   7.8656E-02
 1.6667E+02  3.2161E+00   7.7944E-02
 1.6807E+02  3.2156E+00   7.7233E-02
 1.6949E+02  3.2151E+00   7.6523E-02
 1.7094E+02  3.2145E+00   7.5815E-02
 1.7241E+02  3.2140E+00   7.5107E-02
 1.7391E+02  3.2135E+00   7.4400E-02
 1.7544E+02  3.2130E+00   7.3695E-02
 1.7699E+02  3.2125E+00   7.2990E-02
 1.7857E+02  3.2120E+00   7.2287E-02
 1.8018E+02  3.2115E+00   7.1585E-02
 1.8182E+02  3.2111E+00   7.0884E-02
 1.8349E+02  3.2106E+00   7.0184E-02
 1.8519E+02  3.2101E+00   6.9485E-02
 1.8692E+02  3.2096E+00   6.8787E-02
 1.8868E+02  3.2092E+00   6.8091E-02
 1.9048E+02  3.2087E+00   6.7396E-02
 1.9231E+02  3.2082E+00   6.6701E-02
 1.9418E+02  3.2078E+00   6.6008E-02
 1.9608E+02  3.2073E+00   6.5317E-02
 1.9802E+02  3.2069E+00   6.4626E-02
 2.0000E+02  3.2064E+00   6.3937E-02
