Orthopyroxene powder pellet
from Roush, Pollack, and Orenberg, Icarus, 94, 191-208, 1991
  Wave.   real   imag.
  (um)   index  index
  5.000  1.277  0.001
  5.010  1.277  0.001
  5.020  1.277  0.001
  5.030  1.276  0.001
  5.040  1.276  0.001
  5.050  1.276  0.001
  5.061  1.276  0.001
  5.071  1.276  0.001
  5.081  1.275  0.001
  5.092  1.275  0.001
  5.102  1.275  0.001
  5.113  1.275  0.001
  5.123  1.274  0.001
  5.134  1.274  0.001
  5.144  1.274  0.001
  5.155  1.274  0.001
  5.165  1.273  0.001
  5.176  1.273  0.001
  5.187  1.273  0.001
  5.198  1.273  0.001
  5.208  1.272  0.001
  5.219  1.272  0.001
  5.230  1.272  0.001
  5.241  1.272  0.001
  5.252  1.271  0.001
  5.263  1.271  0.001
  5.274  1.271  0.001
  5.285  1.270  0.001
  5.297  1.270  0.001
  5.308  1.270  0.001
  5.319  1.270  0.001
  5.331  1.269  0.001
  5.342  1.269  0.002
  5.353  1.269  0.002
  5.365  1.268  0.002
  5.376  1.268  0.002
  5.388  1.268  0.002
  5.400  1.268  0.002
  5.411  1.267  0.002
  5.423  1.267  0.002
  5.435  1.267  0.002
  5.447  1.266  0.002
  5.458  1.266  0.002
  5.470  1.266  0.002
  5.483  1.265  0.002
  5.495  1.265  0.002
  5.507  1.265  0.002
  5.519  1.265  0.002
  5.531  1.264  0.002
  5.543  1.264  0.002
  5.556  1.263  0.002
  5.568  1.263  0.002
  5.580  1.263  0.002
  5.593  1.262  0.002
  5.605  1.262  0.002
  5.618  1.262  0.002
  5.631  1.261  0.002
  5.643  1.261  0.002
  5.656  1.261  0.002
  5.669  1.260  0.002
  5.682  1.260  0.002
  5.695  1.259  0.002
  5.708  1.259  0.002
  5.721  1.259  0.002
  5.734  1.258  0.002
  5.747  1.258  0.002
  5.760  1.258  0.002
  5.774  1.257  0.002
  5.787  1.257  0.002
  5.800  1.256  0.002
  5.814  1.256  0.002
  5.827  1.255  0.002
  5.841  1.255  0.002
  5.855  1.255  0.002
  5.869  1.254  0.002
  5.882  1.254  0.002
  5.896  1.253  0.002
  5.910  1.253  0.003
  5.924  1.252  0.003
  5.938  1.252  0.003
  5.952  1.251  0.003
  5.967  1.251  0.003
  5.981  1.250  0.003
  5.995  1.250  0.003
  6.010  1.249  0.003
  6.024  1.249  0.003
  6.039  1.248  0.003
  6.053  1.248  0.003
  6.068  1.247  0.003
  6.083  1.247  0.003
  6.098  1.246  0.003
  6.113  1.246  0.003
  6.128  1.245  0.003
  6.142  1.245  0.003
  6.158  1.244  0.003
  6.173  1.243  0.003
  6.188  1.243  0.003
  6.203  1.242  0.003
  6.219  1.242  0.003
  6.234  1.241  0.003
  6.250  1.240  0.003
  6.266  1.240  0.003
  6.281  1.239  0.004
  6.297  1.238  0.004
  6.313  1.238  0.004
  6.329  1.237  0.004
  6.345  1.236  0.004
  6.361  1.236  0.004
  6.378  1.235  0.004
  6.394  1.234  0.004
  6.410  1.234  0.004
  6.427  1.233  0.004
  6.443  1.232  0.004
  6.460  1.231  0.004
  6.477  1.231  0.004
  6.494  1.230  0.004
  6.510  1.229  0.004
  6.527  1.228  0.005
  6.544  1.227  0.005
  6.562  1.227  0.005
  6.579  1.226  0.005
  6.596  1.225  0.005
  6.614  1.224  0.005
  6.631  1.223  0.005
  6.649  1.222  0.005
  6.667  1.222  0.005
  6.685  1.221  0.005
  6.702  1.220  0.005
  6.720  1.219  0.006
  6.739  1.218  0.006
  6.757  1.217  0.006
  6.775  1.216  0.006
  6.793  1.215  0.006
  6.812  1.214  0.006
  6.831  1.213  0.006
  6.849  1.212  0.006
  6.868  1.211  0.006
  6.887  1.209  0.007
  6.906  1.208  0.007
  6.925  1.207  0.007
  6.944  1.206  0.007
  6.964  1.205  0.007
  6.983  1.204  0.007
  7.003  1.202  0.007
  7.023  1.201  0.008
  7.042  1.200  0.008
  7.062  1.198  0.008
  7.082  1.197  0.008
  7.102  1.196  0.008
  7.122  1.194  0.009
  7.143  1.193  0.009
  7.163  1.191  0.009
  7.184  1.190  0.009
  7.205  1.188  0.009
  7.225  1.187  0.010
  7.246  1.185  0.010
  7.267  1.183  0.010
  7.289  1.182  0.011
  7.310  1.180  0.011
  7.331  1.178  0.011
  7.353  1.176  0.011
  7.375  1.174  0.012
  7.396  1.173  0.012
  7.418  1.171  0.012
  7.440  1.168  0.013
  7.463  1.166  0.013
  7.485  1.164  0.014
  7.508  1.162  0.014
  7.530  1.160  0.014
  7.553  1.158  0.015
  7.576  1.155  0.015
  7.599  1.153  0.016
  7.622  1.150  0.016
  7.645  1.148  0.017
  7.669  1.145  0.018
  7.692  1.142  0.018
  7.716  1.140  0.019
  7.740  1.137  0.020
  7.764  1.134  0.020
  7.788  1.130  0.021
  7.813  1.127  0.022
  7.837  1.124  0.023
  7.862  1.120  0.024
  7.886  1.117  0.025
  7.911  1.113  0.026
  7.937  1.110  0.027
  7.962  1.105  0.028
  7.987  1.101  0.030
  8.013  1.097  0.031
  8.039  1.093  0.033
  8.064  1.088  0.034
  8.091  1.083  0.036
  8.117  1.078  0.038
  8.143  1.073  0.040
  8.170  1.068  0.042
  8.197  1.062  0.045
  8.224  1.056  0.048
  8.251  1.050  0.050
  8.278  1.043  0.054
  8.306  1.037  0.057
  8.333  1.030  0.061
  8.361  1.022  0.065
  8.389  1.014  0.070
  8.417  1.006  0.076
  8.446  0.998  0.081
  8.475  0.989  0.088
  8.503  0.980  0.095
  8.532  0.970  0.104
  8.562  0.961  0.113
  8.591  0.951  0.124
  8.621  0.941  0.136
  8.651  0.930  0.149
  8.681  0.920  0.165
  8.711  0.911  0.182
  8.741  0.902  0.201
  8.772  0.895  0.223
  8.803  0.889  0.247
  8.834  0.886  0.273
  8.865  0.886  0.300
  8.897  0.889  0.329
  8.929  0.896  0.358
  8.961  0.907  0.386
  8.993  0.921  0.413
  9.025  0.939  0.439
  9.058  0.959  0.462
  9.091  0.981  0.484
  9.124  1.007  0.503
  9.158  1.034  0.520
  9.191  1.065  0.533
  9.225  1.099  0.542
  9.259  1.134  0.544
  9.294  1.168  0.539
  9.328  1.198  0.527
  9.363  1.222  0.510
  9.399  1.239  0.491
  9.434  1.248  0.473
  9.470  1.251  0.460
  9.506  1.253  0.452
  9.542  1.256  0.451
  9.578  1.266  0.451
  9.615  1.281  0.448
  9.653  1.299  0.436
  9.690  1.309  0.414
  9.728  1.307  0.390
  9.766  1.293  0.372
  9.804  1.271  0.367
  9.842  1.252  0.377
  9.881  1.249  0.399
  9.921  1.265  0.409
  9.960  1.277  0.395
 10.000  1.260  0.376
 10.040  1.224  0.378
 10.081  1.185  0.411
 10.121  1.166  0.475
 10.163  1.190  0.557
 10.204  1.268  0.614
 10.246  1.360  0.607
 10.288  1.408  0.561
 10.331  1.413  0.529
 10.373  1.414  0.528
 10.417  1.435  0.542
 10.460  1.479  0.545
 10.504  1.526  0.522
 10.549  1.556  0.481
 10.593  1.562  0.441
 10.638  1.556  0.418
 10.684  1.558  0.415
 10.730  1.587  0.409
 10.776  1.624  0.369
 10.823  1.630  0.306
 10.870  1.605  0.252
 10.917  1.566  0.218
 10.965  1.520  0.201
 11.013  1.469  0.204
 11.062  1.408  0.273
 11.111  1.462  0.240
 11.161  1.416  0.253
 11.211  1.391  0.303
 11.261  1.406  0.368
 11.312  1.461  0.415
 11.364  1.531  0.426
 11.416  1.598  0.406
 11.468  1.644  0.360
 11.521  1.666  0.315
 11.574  1.689  0.273
 11.628  1.698  0.213
 11.682  1.681  0.160
 11.737  1.653  0.123
 11.792  1.626  0.100
 11.848  1.601  0.084
 11.905  1.579  0.073
 11.962  1.559  0.065
 12.019  1.542  0.058
 12.077  1.526  0.054
 12.136  1.511  0.050
 12.195  1.498  0.047
 12.255  1.485  0.045
 12.315  1.473  0.043
 12.376  1.461  0.041
 12.438  1.451  0.040
 12.500  1.440  0.039
 12.563  1.430  0.039
 12.626  1.420  0.039
 12.690  1.410  0.039
 12.755  1.400  0.039
 12.821  1.391  0.040
 12.887  1.381  0.041
 12.953  1.371  0.043
 13.021  1.362  0.045
 13.089  1.352  0.047
 13.158  1.343  0.051
 13.228  1.334  0.055
 13.298  1.325  0.061
 13.369  1.317  0.067
 13.441  1.310  0.075
 13.514  1.306  0.083
 13.587  1.304  0.091
 13.661  1.305  0.096
 13.736  1.306  0.096
 13.812  1.304  0.094
 13.889  1.297  0.090
 13.966  1.286  0.088
 14.045  1.272  0.089
 14.124  1.255  0.094
 14.205  1.236  0.108
 14.286  1.219  0.133
 14.368  1.216  0.174
 14.451  1.252  0.215
 14.535  1.309  0.207
 14.620  1.330  0.163
 14.706  1.317  0.127
 14.793  1.293  0.108
 14.881  1.266  0.101
 14.970  1.239  0.102
 15.060  1.212  0.112
 15.152  1.187  0.134
 15.244  1.174  0.169
 15.337  1.190  0.208
 15.432  1.231  0.212
 15.528  1.245  0.179
 15.625  1.228  0.151
 15.723  1.199  0.139
 15.823  1.167  0.137
 15.924  1.134  0.144
 16.026  1.101  0.157
 16.129  1.068  0.177
 16.234  1.035  0.205
 16.340  1.003  0.241
 16.447  0.975  0.288
 16.556  0.956  0.345
 16.667  0.951  0.408
 16.779  0.962  0.470
 16.892  0.985  0.524
 17.007  1.010  0.566
 17.123  1.031  0.606
 17.241  1.052  0.651
 17.361  1.084  0.703
 17.483  1.131  0.749
 17.606  1.184  0.780
 17.731  1.231  0.801
 17.857  1.272  0.830
 17.986  1.329  0.869
 18.116  1.416  0.896
 18.248  1.520  0.881
 18.382  1.597  0.816
 18.519  1.618  0.738
 18.657  1.588  0.687
 18.797  1.534  0.693
 18.939  1.502  0.773
 19.084  1.559  0.903
 19.231  1.739  0.976
 19.380  1.926  0.906
 19.531  2.026  0.783
 19.685  2.077  0.661
 19.841  2.089  0.548
 20.000  2.080  0.451
 20.161  2.054  0.365
 20.325  2.010  0.293
 20.492  1.955  0.244
 20.661  1.899  0.215
 20.833  1.844  0.204
 21.008  1.793  0.211
 21.186  1.753  0.238
 21.368  1.736  0.283
 21.552  1.755  0.328
 21.739  1.794  0.347
 21.930  1.838  0.357
 22.124  1.914  0.340
 22.321  1.961  0.253
 22.523  1.943  0.173
 22.727  1.906  0.125
 22.936  1.868  0.097
 23.148  1.833  0.080
 23.364  1.796  0.069
 23.585  1.747  0.066
 23.810  1.508  0.507
 24.038  1.791  0.060
 24.272  1.727  0.069
 24.510  1.668  0.122
 24.752  1.770  0.282
 25.000  1.875  0.115
