0.20 1.639 0.253000
0.22 1.646 0.267000
0.24 1.674 0.306000
0.26 1.699 0.298000
0.28 1.720 0.284000
0.30 1.739 0.268000
0.32 1.756 0.249000
0.34 1.770 0.227000
0.36 1.778 0.204000
0.38 1.782 0.182000
0.40 1.783 0.163000
0.42 1.782 0.146000
0.45 1.777 0.126000
0.50 1.768 0.126000
0.55 1.758 0.101000
0.60 1.750 0.073400
0.65 1.743 0.066000
0.70 1.737 0.061600
0.75 1.732 0.059400
0.80 1.728 0.058900
0.90 1.724 0.062400
1.00 1.726 0.068700
1.10 1.734 0.073900
1.20 1.745 0.075300
1.30 1.756 0.072700
1.40 1.766 0.067300
1.50 1.773 0.060600
1.60 1.777 0.053800
1.70 1.781 0.047300
1.80 1.784 0.041400
1.90 1.785 0.036300
2.00 1.786 0.031500
2.20 1.785 0.022800
2.40 1.780 0.016400
2.60 1.777 0.013900
2.80 1.774 0.012500
3.00 1.770 0.011800
3.50 1.757 0.010200
4.00 1.747 0.009100
4.50 1.735 0.008600
5.00 1.713 0.008900
