0.20 1.718 0.279000
0.22 1.727 0.321000
0.24 1.755 0.326000
0.26 1.778 0.314000
0.28 1.797 0.298000
0.30 1.815 0.279000
0.32 1.832 0.257000
0.34 1.843 0.232000
0.36 1.849 0.206000
0.38 1.850 0.183000
0.40 1.847 0.163000
0.42 1.843 0.147000
0.45 1.835 0.127000
0.50 1.823 0.104000
0.55 1.811 0.089200
0.60 1.801 0.079600
0.65 1.793 0.073700
0.70 1.786 0.070500
0.75 1.780 0.069600
0.80 1.775 0.070500
0.90 1.769 0.077000
1.00 1.770 0.086900
1.10 1.778 0.096700
1.20 1.790 0.103000
1.30 1.805 0.105000
1.40 1.818 0.102000
1.50 1.830 0.096600
1.60 1.839 0.089700
1.70 1.846 0.082500
1.80 1.850 0.075400
1.90 1.853 0.069100
2.00 1.856 0.062900
2.20 1.866 0.051700
2.40 1.859 0.043000
2.60 1.858 0.036400
2.80 1.853 0.032000
3.00 1.846 0.029400
3.50 1.836 0.026100
4.00 1.828 0.023300
4.50 1.819 0.021700
5.00 1.805 0.021300
