 0.40 1.68 0.0035
 0.45 1.67 0.0029
 0.50 1.66 0.0028
 0.60 1.64 0.0028
 0.70 1.64 0.0031
 0.80 1.63 0.0036
 0.90 1.63 0.0044
 1.00 1.62 0.0050
 1.10 1.62 0.0053
 1.20 1.62 0.0054
 1.30 1.62 0.0052
 1.40 1.62 0.0050
 1.50 1.62 0.0049
 1.60 1.62 0.0050
 1.70 1.62 0.0053
 1.80 1.62 0.0055
 1.90 1.62 0.0058
 2.00 1.62 0.0058
 2.10 1.62 0.0058
 2.20 1.62 0.0057
 2.30 1.62 0.0058
 2.40 1.62 0.0057
 2.60 1.62 0.0055
 2.80 1.61 0.0055
 3.00 1.61 0.0055
 3.50 1.60 0.0057
 4.00 1.59 0.0056
 4.50 1.56 0.0058
 5.00 1.54 0.0073
