0.32 1.598 0.000120
0.34 1.592 0.000056
0.36 1.591 0.000032
0.38 1.590 0.000023
0.40 1.587 0.000020
0.42 1.586 0.000020
0.45 1.583 0.000020
0.50 1.577 0.000021
0.55 1.576 0.000022
0.60 1.573 0.000024
0.65 1.569 0.000026
0.70 1.566 0.000027
0.75 1.567 0.000029
0.80 1.564 0.000031
0.90 1.562 0.000034
1.00 1.559 0.000037
1.10 1.555 0.000039
1.20 1.551 0.000041
1.30 1.546 0.000043
1.40 1.549 0.000045
1.50 1.540 0.000046
1.60 1.540 0.000046
1.70 1.539 0.000049
1.80 1.537 0.000051
1.90 1.531 0.000053
2.00 1.528 0.000055
2.20 1.533 0.000058
2.40 1.524 0.000059
2.60 1.524 0.000062
2.80 1.523 0.000065
3.00 1.518 0.000069
3.50 1.512 0.000077
4.00 1.508 0.000098
4.50 1.499 0.000254
5.00 1.483 0.001720
