0.20 1.723 0.129000
0.22 1.707 0.166000
0.24 1.703 0.170000
0.26 1.705 0.167000
0.28 1.710 0.159000
0.30 1.714 0.147000
0.32 1.719 0.131000
0.34 1.718 0.114000
0.36 1.714 0.098800
0.38 1.709 0.082100
0.40 1.703 0.069800
0.42 1.698 0.060600
0.45 1.690 0.046700
0.50 1.678 0.029100
0.55 1.675 0.021100
0.60 1.668 0.015800
0.65 1.663 0.012100
0.70 1.660 0.010100
0.75 1.658 0.008800
0.80 1.655 0.007900
0.90 1.656 0.007100
1.00 1.645 0.006500
1.10 1.641 0.005700
1.20 1.640 0.004400
1.30 1.635 0.003600
1.40 1.638 0.003100
1.50 1.629 0.002700
1.60 1.631 0.002600
1.70 1.628 0.002700
1.80 1.622 0.002700
1.90 1.622 0.002700
2.00 1.620 0.002500
2.20 1.620 0.002300
2.40 1.618 0.002000
2.60 1.618 0.001900
2.80 1.613 0.002000
3.00 1.607 0.001900
3.50 1.601 0.001900
4.00 1.593 0.002000
4.50 1.584 0.002100
5.00 1.565 0.003600
