0.20 1.696 0.127000
0.22 1.693 0.165000
0.24 1.698 0.173000
0.26 1.707 0.174000
0.28 1.717 0.165000
0.30 1.724 0.155000
0.32 1.731 0.145000
0.34 1.739 0.130000
0.36 1.742 0.112000
0.38 1.739 0.095800
0.40 1.734 0.083400
0.42 1.729 0.074100
0.45 1.721 0.063700
0.50 1.709 0.051500
0.55 1.704 0.040800
0.60 1.699 0.033200
0.65 1.693 0.027000
0.70 1.690 0.023700
0.75 1.689 0.020900
0.80 1.688 0.018800
0.90 1.687 0.017400
1.00 1.681 0.017500
1.10 1.685 0.016100
1.20 1.677 0.013800
1.30 1.674 0.011200
1.40 1.686 0.009100
1.50 1.670 0.008200
1.60 1.664 0.007900
1.70 1.666 0.007800
1.80 1.663 0.008000
1.90 1.648 0.007800
2.00 1.649 0.007400
2.20 1.646 0.006500
2.40 1.644 0.006100
2.60 1.642 0.005800
2.80 1.638 0.005700
3.00 1.635 0.005600
3.50 1.627 0.005500
4.00 1.615 0.005500
4.50 1.601 0.005500
5.00 1.582 0.007200
