  0.0228     0.912
   0.025     0.899
    0.03     0.868
   0.035     0.843
    0.04     0.825
    0.05     0.776
    0.06      0.89
    0.07      1.08
    0.08      1.29
  0.0912       1.4
     0.1       1.6
    0.11      1.79
    0.12      1.86
    0.13       1.9
    0.14      1.91
    0.15      2.26
    0.16      2.17
    0.17      2.08
    0.18      2.02
    0.19      1.97
     0.2      1.92
    0.21      1.89
    0.22      1.86
    0.23      1.84
    0.24      1.82
    0.26      1.79
    0.28      1.78
     0.3      1.76
    0.33      1.75
   0.365      1.74
     0.4      1.73
   0.434      1.73
    0.44      1.73
   0.486      1.72
    0.55      1.72
   0.656      1.71
     0.7      1.71
     0.8      1.71
     0.9      1.71
       1      1.71
     1.1      1.71
    1.25      1.71
     1.4      1.71
     1.5      1.71
    1.65      1.71
     1.8      1.71
       2      1.71
     2.2      1.71
     2.4      1.71
     2.6       1.7
     2.8       1.7
       3       1.7
     3.1       1.7
     3.2      1.69
     3.4      1.69
     3.6      1.69
     3.8      1.68
       4      1.68
     4.5      1.66
       5      1.63
     5.5      1.61
       6      1.57
     6.5      1.53
       7      1.47
     7.5      1.36
       8      1.21
     8.5      1.14
       9      1.11
     9.5      1.22
     9.7       1.3
      10      1.39
    10.5      1.56
      11      1.75
    11.5      1.89
      12         2
      13      2.09
      14      1.99
      15      1.82
      16      1.73
      17      1.69
      18      1.71
      19      1.78
      20      1.89
      21      1.98
      22      2.06
      23      2.13
      24       2.2
      25      2.26
    27.5      2.39
      30       2.5
      40       2.8
      50      3.02
      60      3.15
      70      3.24
      80      3.28
      90      3.32
     100      3.34
     150      3.39
     200      3.41
     300      3.42
     400      3.42
     500      3.44
     700      3.44
    1000      3.44
    1500      3.44
    2000      3.44
