2.5000 1.525 0.00268
2.5063 1.525 0.00270
2.5126 1.525 0.00280
2.5189 1.526 0.00292
2.5253 1.526 0.00298
2.5316 1.525 0.00303
2.5381 1.524 0.00308
2.5445 1.525 0.00314
2.5510 1.527 0.00327
2.5575 1.528 0.00343
2.5641 1.529 0.00353
2.5707 1.530 0.00367
2.5773 1.533 0.00384
2.5840 1.534 0.00398
2.5907 1.536 0.00408
2.5974 1.537 0.00424
2.6042 1.537 0.00442
2.6110 1.536 0.00455
2.6178 1.535 0.00477
2.6247 1.534 0.00513
2.6316 1.532 0.00552
2.6385 1.530 0.00585
2.6455 1.529 0.00610
2.6525 1.529 0.00626
2.6596 1.530 0.00638
2.6667 1.533 0.00654
2.6738 1.534 0.00687
2.6810 1.534 0.00724
2.6882 1.534 0.00753
2.6954 1.533 0.00763
2.7027 1.534 0.00833
2.7100 1.536 0.00857
2.7174 1.537 0.00903
2.7248 1.534 0.01010
2.7322 1.529 0.01100
2.7397 1.526 0.01180
2.7473 1.525 0.01310
2.7548 1.527 0.01390
2.7624 1.527 0.01410
2.7701 1.523 0.01450
2.7778 1.516 0.01500
2.7855 1.508 0.01590
2.7933 1.502 0.01830
2.8011 1.499 0.02200
2.8090 1.501 0.02470
2.8169 1.506 0.02600
2.8249 1.512 0.02650
2.8329 1.519 0.02660
2.8409 1.524 0.02650
2.8490 1.526 0.02600
2.8571 1.527 0.02550
2.8653 1.528 0.02480
2.8736 1.527 0.02390
2.8818 1.527 0.02310
2.8902 1.528 0.02340
2.8986 1.531 0.02530
2.9155 1.537 0.02700
2.9155 1.544 0.02770
2.9240 1.549 0.02850
2.9326 1.554 0.03050
2.9412 1.558 0.03250
2.9499 1.562 0.03370
2.9586 1.566 0.03440
2.9674 1.570 0.03490
2.9762 1.573 0.03530
2.9851 1.576 0.03530
2.9940 1.578 0.03510
3.0030 1.580 0.03480
3.0120 1.580 0.03360
3.0211 1.580 0.03190
3.0303 1.581 0.03040
3.0395 1.582 0.02870
3.0488 1.580 0.02700
3.0581 1.579 0.02610
3.0675 1.578 0.02580
3.0769 1.578 0.02570
3.0864 1.578 0.02530
3.0960 1.579 0.02430
3.1056 1.580 0.02310
3.1153 1.579 0.02250
3.1250 1.578 0.02160
3.1348 1.577 0.02040
3.1447 1.576 0.01990
3.1546 1.576 0.02020
3.1646 1.574 0.01980
3.1746 1.574 0.01860
3.1847 1.573 0.01730
3.1949 1.572 0.01570
3.2051 1.570 0.01460
3.2154 1.560 0.01430
3.2258 1.568 0.01430
3.2362 1.567 0.01410
3.2468 1.566 0.01380
3.2573 1.565 0.01350
3.2680 1.565 0.01300
3.2787 1.564 0.01230
3.2895 1.563 0.01150
3.3003 1.563 0.01060
3.3113 1.564 0.01020
3.3223 1.564 0.01020
3.3333 1.563 0.01010
3.3445 1.562 0.00962
3.3557 1.561 0.00991
3.3670 1.561 0.00954
3.3784 1.561 0.00933
3.3898 1.561 0.00911
3.4014 1.561 0.00890
3.4130 1.562 0.00869
3.4247 1.562 0.00847
3.4364 1.563 0.00826
3.4483 1.563 0.00804
3.4602 1.562 0.00783
3.4722 1.562 0.00762
3.4843 1.561 0.00740
3.4965 1.560 0.00719
3.5088 1.560 0.00698
3.5211 1.562 0.00676
3.5336 1.564 0.00655
3.5461 1.565 0.00633
3.5587 1.565 0.00612
3.5714 1.564 0.00591
3.5842 1.565 0.00569
3.5971 1.566 0.00548
3.6101 1.566 0.00518
3.6232 1.565 0.00521
3.6364 1.564 0.00521
3.6496 1.564 0.00510
3.6630 1.565 0.00498
3.6765 1.565 0.00495
3.6900 1.565 0.00487
3.7037 1.565 0.00479
3.7175 1.566 0.00478
3.7313 1.565 0.00479
3.7453 1.564 0.00474
3.7594 1.563 0.00461
3.7736 1.563 0.00449
3.7879 1.563 0.00444
3.8023 1.562 0.00436
3.8168 1.563 0.00420
3.8314 1.564 0.00394
3.8462 1.564 0.00366
3.8610 1.563 0.00342
3.8760 1.561 0.00322
3.8911 1.562 0.00306
3.9063 1.562 0.00292
3.9216 1.561 0.00278
3.9370 1.560 0.00269
3.9526 1.558 0.00272
3.9683 1.558 0.00276
3.9841 1.560 0.00276
4.0000 1.561 0.00280
4.0161 1.560 0.00278
4.0323 1.559 0.00268
4.0486 1.558 0.00263
4.0650 1.559 0.00262
4.0816 1.561 0.00261
4.0984 1.546 0.00262
4.1152 1.566 0.00261
4.1322 1.566 0.00254
4.1494 1.563 0.00253
