2.5000 1.479 0.00297
2.5063 1.479 0.00297
2.5126 1.480 0.00297
2.5189 1.482 0.00294
2.5253 1.482 0.00292
2.5316 1.479 0.00295
2.5381 1.478 0.00300
2.5445 1.481 0.00304
2.5510 1.486 0.00306
2.5575 1.491 0.00307
2.5641 1.494 0.00309
2.5707 1.495 0.00308
2.5773 1.495 0.00311
2.5840 1.495 0.00320
2.5907 1.497 0.00325
2.5974 1.500 0.00326
2.6042 1.502 0.00331
2.6110 1.503 0.00340
2.6178 1.504 0.00347
2.6247 1.503 0.00353
2.6316 1.497 0.00365
2.6385 1.489 0.00385
2.6455 1.485 0.00409
2.6525 1.484 0.00438
2.6596 1.493 0.00482
2.6667 1.505 0.00533
2.6738 1.505 0.00625
2.6810 1.497 0.00893
2.6882 1.485 0.01630
2.6954 1.467 0.03370
2.7027 1.462 0.05880
2.7100 1.488 0.08130
2.7174 1.521 0.10100
2.7248 1.535 0.07520
2.7322 1.539 0.05640
2.7397 1.537 0.04720
2.7473 1.531 0.03980
2.7548 1.528 0.03090
2.7624 1.527 0.02570
2.7701 1.527 0.02460
2.7778 1.525 0.02430
2.7855 1.522 0.02350
2.7933 1.519 0.02280
2.8011 1.517 0.02350
2.8090 1.516 0.02490
2.8169 1.514 0.02460
2.8249 1.511 0.02280
2.8329 1.512 0.02060
2.8409 1.513 0.01810
2.8490 1.513 0.01580
2.8571 1.511 0.01410
2.8653 1.511 0.01280
2.8736 1.511 0.01230
2.8818 1.511 0.01290
2.8902 1.512 0.01340
2.8986 1.512 0.01290
2.9155 1.512 0.01270
2.9155 1.511 0.01280
2.9240 1.509 0.01240
2.9326 1.507 0.01220
2.9412 1.506 0.01280
2.9499 1.506 0.01330
2.9586 1.507 0.01290
2.9674 1.505 0.01200
2.9762 1.503 0.01100
2.9851 1.504 0.01030
2.9940 1.506 0.00966
3.0030 1.507 0.00901
3.0120 1.506 0.00843
3.0211 1.505 0.00797
3.0303 1.504 0.00741
3.0395 1.505 0.00627
3.0488 1.508 0.00538
3.0581 1.509 0.00526
3.0675 1.508 0.00530
3.0769 1.505 0.00488
3.0864 1.503 0.00459
3.0960 1.503 0.00509
3.1056 1.504 0.00496
3.1153 1.504 0.00420
3.1250 1.504 0.00404
3.1348 1.502 0.00438
3.1447 1.500 0.00479
3.1546 1.500 0.00482
3.1646 1.501 0.00470
3.1746 1.502 0.00480
3.1847 1.503 0.00476
3.1949 1.504 0.00468
3.2051 1.506 0.00481
3.2154 1.506 0.00502
3.2258 1.506 0.00504
3.2362 1.503 0.00495
3.2468 1.499 0.00496
3.2573 1.498 0.00516
3.2680 1.497 0.00524
3.2787 1.496 0.00495
3.2895 1.495 0.00449
3.3003 1.495 0.00448
3.3113 1.494 0.00447
3.3223 1.495 0.00446
3.3333 1.496 0.00445
3.3445 1.495 0.00444
3.3557 1.494 0.00443
3.3670 1.493 0.00442
3.3784 1.494 0.00441
3.3898 1.495 0.00440
3.4014 1.495 0.00439
3.4130 1.493 0.00438
3.4247 1.493 0.00437
3.4364 1.493 0.00436
3.4483 1.493 0.00435
3.4602 1.496 0.00435
3.4722 1.498 0.00434
3.4843 1.498 0.00433
3.4965 1.498 0.00432
3.5088 1.495 0.00431
3.5211 1.492 0.00430
3.5336 1.493 0.00429
3.5461 1.494 0.00428
3.5587 1.495 0.00427
3.5714 1.495 0.00426
3.5842 1.493 0.00425
3.5971 1.493 0.00424
3.6101 1.493 0.00423
3.6232 1.495 0.00422
3.6364 1.497 0.00421
3.6496 1.498 0.00464
3.6630 1.497 0.00436
3.6765 1.496 0.00376
3.6900 1.497 0.00337
3.7037 1.499 0.00328
3.7175 1.500 0.00350
3.7313 1.500 0.00356
3.7453 1.499 0.00323
3.7594 1.500 0.00282
3.7736 1.501 0.00287
3.7879 1.500 0.00321
3.8023 1.496 0.00342
3.8168 1.492 0.00370
3.8314 1.491 0.00416
3.8462 1.491 0.00456
3.8610 1.490 0.00470
3.8760 1.490 0.00464
3.8911 1.491 0.00460
3.9063 1.492 0.00469
3.9216 1.493 0.00476
3.9370 1.494 0.00472
3.9526 1.495 0.00462
3.9683 1.495 0.00457
3.9841 1.497 0.00454
4.0000 1.500 0.00462
4.0161 1.500 0.00455
4.0323 1.501 0.00410
4.0486 1.503 0.00379
4.0650 1.505 0.00370
4.0816 1.502 0.00369
4.0984 1.500 0.00373
4.1152 1.500 0.00369
4.1322 1.500 0.00371
4.1494 1.499 0.00399
