Sodium Chloride from Handbook of optical constants of solids, edited by
E.D. Palik (1985) Academic Press.  Values set to -1.e+32 where data is
not provided
Wavel.    real imag.
microns  index index
--------------------
0.04769 0.83 0.15
0.04842 0.82 0.17
0.04880 0.83 0.17
0.04919 0.83 0.18
0.04959 0.83 0.18
0.04979 0.82 0.18
0.05019 0.82 0.18
0.05101 0.81 0.21
0.05144 0.81 0.22
0.05166 0.82 0.23
0.05187 0.82 0.23
0.05209 0.83 0.24
0.05298 0.85 0.23
0.05320 0.85 0.22
0.05343 0.85 0.21
0.05366 0.83 0.21
0.05391 0.82 0.21
0.05437 0.80 0.23
0.05485 0.79 0.26
0.05510 0.80 0.27
0.05534 0.80 0.28
0.05559 0.81 0.29
0.05584 0.82 0.30
0.05636 0.83 0.31
0.05661 0.84 0.32
0.05687 0.85 0.32
0.05766 0.87 0.32
0.05875 0.88 0.31
0.05931 0.88 0.30
0.05960 0.88 0.30
0.06018 0.88 0.30
0.06048 0.87 0.31
0.06137 0.87 0.33
0.06168 0.88 0.33
0.06199 0.88 0.34
0.06230 0.89 0.34
0.06261 0.91 0.34
0.06325 0.92 0.32
0.06358 0.92 0.31
0.06390 0.91 0.30
0.06423 0.90 0.29
0.06457 0.88 0.29
0.06490 0.87 0.30
0.06559 0.86 0.33
0.06594 0.86 0.34
0.06629 0.87 0.35
0.06666 0.88 0.35
0.06702 0.89 0.35
0.06737 0.90 0.35
0.06774 0.90 0.34
0.06811 0.90 0.33
0.06888 0.89 0.33
0.07085 0.85 0.33
0.07166 0.84 0.34
0.07250 0.82 0.36
0.07293 0.82 0.37
0.07335 0.82 0.38
0.07379 0.82 0.38
0.07423 0.82 0.38
0.07514 0.80 0.38
0.07559 0.79 0.39
0.07601 0.77 0.40
0.07652 0.74 0.43
0.07700 0.74 0.45
0.07797 0.74 0.49
0.07896 0.74 0.53
0.07999 0.75 0.57
0.08050 0.76 0.59
0.08103 0.76 0.60
0.08156 0.77 0.62
0.08320 0.77 0.67
0.08376 0.76 0.71
0.08433 0.78 0.75
0.08460 0.79 0.77
0.08491 0.81 0.78
0.08520 0.82 0.79
0.08551 0.84 0.80
0.08570 0.85 0.81
0.08609 0.86 0.82
0.08669 0.88 0.84
0.08700 0.89 0.85
0.08730 0.91 0.86
0.08792 0.94 0.88
0.08856 0.98 0.89
0.08919 1.02 0.90
0.08983 1.06 0.90
0.09049 1.10 0.89
0.09184 1.16 0.85
0.09255 1.096 0.916
0.09322 1.20 0.81
0.09390 1.197 0.868
0.09464 1.21 0.74
0.09500 1.169 0.759
0.09537 1.19 0.71
0.09574 1.17 0.70
0.09587 1.104 0.765
0.09611 1.16 0.70
0.09626 1.088 0.794
0.09648 1.14 0.71
0.09686 1.12 0.71
0.09712 1.083 0.834
0.09762 1.10 0.75
0.09802 1.082 0.896
0.09840 1.10 0.81
0.09879 1.14 0.83
0.09907 1.119 0.967
0.09958 1.15 0.84
0.09998 1.17 0.85
0.1003 1.197 1.02
0.1004 1.19 0.85
0.1007 1.230 1.02
0.1008 1.21 0.85
0.1016 1.24 0.83
0.1025 1.24 0.79
0.1025 1.320 0.940
0.1033 1.22 0.79
0.1034 1.290 0.921
0.1040 1.272 0.931
0.1042 1.20 0.79
0.1047 1.234 0.937
0.1051 1.16 0.80
0.1052 1.209 0.987
0.1058 1.204 1.05
0.1060 1.12 0.86
0.1064 1.10 0.89
0.1065 1.219 1.14
0.1069 1.07 0.96
0.1071 1.255 1.205
0.1073 1.09 1.06
0.1077 1.338 1.28
0.1078 1.15 1.14
0.1082 1.422 1.34
0.1083 1.24 1.19
0.1085 1.491 1.36
0.1088 1.32 1.21
0.1090 1.588 1.35
0.1092 1.40 1.23
0.1095 1.682 1.34
0.1097 1.49 1.22
0.1102 1.57 1.19
0.1104 1.864 1.27
0.1107 1.64 1.15
0.1117 1.75 1.04
0.1119 2.002 1.02
0.1124 2.003 0.938
0.1127 1.82 0.93
0.1133 1.990 0.834
0.1137 1.82 0.78
0.1146 1.975 0.706
0.1151 1.947 0.650
0.1161 1.873 0.569
0.1166 1.821 0.543
0.1170 1.67 0.56
0.1175 1.730 0.546
0.1181 1.58 0.53
0.1186 1.54 0.54
0.1189 1.654 0.575
0.1192 1.51 0.56
0.1198 1.49 0.59
0.1205 1.637 0.645
0.1216 1.640 0.673
0.1221 1.50 0.70
0.1224 1.664 0.694
0.1227 1.52 0.71
0.1230 1.673 0.687
0.1232 1.54 0.71
0.1240 1.55 0.71
0.1251 1.711 0.715
0.1262 1.742 0.700
0.1265 1.59 0.70
0.1271 1.751 0.681
0.1283 1.764 0.670
0.1291 1.63 0.68
0.1293 1.770 0.658
0.1297 1.779 0.655
0.1300 1.776 0.647
0.1313 1.787 0.623
0.1319 1.65 0.65
0.1325 1.780 0.617
0.1345 1.792 0.597
0.1348 1.66 0.63
0.1363 1.791 0.585
0.1378 1.67 0.60
0.1386 1.804 0.564
0.1393 1.66 0.59
0.1394 1.792 0.549
0.1402 1.789 0.552
0.1409 1.66 0.60
0.1413 1.789 0.546
0.1417 1.66 0.59
0.1425 1.66 0.59
0.1433 1.776 0.529
0.1442 1.65 0.58
0.1450 1.749 0.534
0.1459 1.64 0.58
0.1460 1.745 0.539
0.1467 1.64 0.58
0.1474 1.735 0.531
0.1476 1.63 0.58
0.1482 1.719 0.531
0.1485 1.61 0.57
0.1489 1.695 0.534
0.1494 1.59 0.58
0.1496 1.682 0.542
0.1500 1.665 0.542
0.1503 1.55 0.58
0.1505 1.638 0.550
0.1512 1.50 0.60
0.1517 1.547 0.598
0.1521 1.44 0.65
0.1525 1.483 0.691
0.1531 1.38 0.74
0.1532 1.461 0.784
0.1534 1.36 0.80
0.1538 1.446 0.878
0.1540 1.33 0.89
0.1542 1.470 0.974
0.1544 1.34 0.99
0.1545 1.490 1.01
0.1550 1.38 1.10
0.1554 1.42 1.18
0.1560 1.51 1.29
0.1563 1.60 1.36
0.1566 1.809 1.45
0.1569 1.74 1.43
0.1572 2.025 1.53
0.1573 1.84 1.46
0.1577 2.206 1.52
0.1579 2.00 1.49
0.1583 2.12 1.49
0.1589 2.563 1.45
0.1594 2.42 1.41
0.1596 2.778 1.37
0.1600 2.59 1.33
0.1602 3.019 1.21
0.1604 2.72 1.26
0.1608 3.161 0.991
0.1610 2.91 1.05
0.1613 3.252 0.737
0.1621 2.90 0.59
0.1628 3.019 0.151
0.1631 2.974 0.126
0.1634 2.902 8.67e-2
0.1638 2.827 2.76e-2
0.1722 2.17 2.02e-6
0.1743 2.081 4.43e-7
0.1771 2.03 -1.e-32
0.1837 1.91 -1.e-32
0.1907 1.84 -1.e-32
0.20 1.7899 -1.e-32
0.2066 1.75 -1.e-32
0.21 1.74676 -1.e-32
0.22 1.71499 -1.e-32
0.2254 1.69  -1.e-32
0.23 1.69056 -1.e-32
0.24 1.67118 -1.e-32
0.2480 1.65 -1.e-32
0.25 1.65537 -1.e-32
0.26 1.64227 -1.e-32
0.27 1.63124 -1.e-32
0.28 1.62184 -1.e-32
0.29 1.61374 -1.e-32
0.30 1.60669 -1.e-32
0.32 1.59506 -1.e-32
0.34 1.58590 -1.e-32
0.3511  -1.e-32 6.4e-10
0.36 1.57852 -1.e-32
0.3638 -1.e-32 4.3e-32
0.38 1.57248 -1.e-32
0.40 1.56746 -1.e-32
0.42 1.56324 -1.e-32
0.44 1.55965 -1.e-32
0.4579 -1.e-32 2.9e-10
0.46 1.55657 -1.e-32
0.48 1.55390 -1.e-32
0.4880 -1.e-32 1.1e-10
0.50 1.55157 -1.e-32
0.5145 -1.e-32 4.9e-11
0.52 1.54953 -1.e-32
0.54 1.54773 -1.e-32
0.56 1.54613 -1.e-32
0.58 1.54471 -1.e-32
0.60 1.54343 -1.e-32
0.62 1.54228 -1.e-32
0.64 1.54124 -1.e-32
0.66 1.54030 -1.e-32
0.68 1.53944 -1.e-32
0.70 1.53865 -1.e-32
0.72 1.53794 -1.e-32
0.74 1.53728 -1.e-32
0.76 1.53667 -1.e-32
0.78 1.53611 -1.e-32
0.80 1.53560 -1.e-32
0.82 1.53512 -1.e-32
0.84 1.53467 -1.e-32
0.86 1.53426 -1.e-32
0.88 1.53387 -1.e-32
0.90 1.53351 -1.e-32
0.92 1.53317 -1.e-32
0.94 1.53285 -1.e-32
0.96 1.53255 -1.e-32
0.98 1.53227 -1.e-32
1.0 1.53200 -1.e-32
1.1 1.53088 -1.e-32
1.2 1.53000 -1.e-32
1.3 1.52930 -1.e-32
1.4 1.52873 -1.e-32
1.5 1.52824 -1.e-32
1.6 1.52782 -1.e-32
1.7 1.52745 -1.e-32
1.8 1.52712 -1.e-32
1.9 1.52682 -1.e-32
2.0 1.52654 -1.e-32
2.1 1.52627 -1.e-32
2.2 1.52602 -1.e-32
2.3 1.52578 -1.e-32
2.4 1.52554 -1.e-32
2.5 1.52531 -1.e-32
2.6 1.52509 -1.e-32
2.7 1.52486 -1.e-32
2.8 1.52463 1.3e-9
2.9 1.52441 -1.e-32
3.0 1.52418 -1.e-32
3.1 1.52395 -1.e-32
3.2 1.52372 -1.e-32
3.3 1.52349 -1.e-32
3.4 1.52325 -1.e-32
3.5 1.52301 -1.e-32
3.6 1.52277 -1.e-32
3.7 1.52252 -1.e-32
3.8 1.52226 1.8e-9
3.9 1.52201 -1.e-32
4.0 1.52174 -1.e-32
4.1 1.52148 -1.e-32
4.2 1.52121 -1.e-32
4.3 1.52093 -1.e-32
4.4 1.52065 -1.e-32
4.5 1.52036 -1.e-32
4.6 1.52006 -1.e-32
4.7 1.51977 -1.e-32
4.8 1.51946 -1.e-32
4.9 1.51915 -1.e-32
5.0 1.51883 -1.e-32
5.1 1.51851 -1.e-32
5.2 1.51818 -1.e-32
5.3 1.51785 1.7e-9
5.4 1.51751 -1.e-32
5.5 1.51716 -1.e-32
5.6 1.51681 -1.e-32
5.7 1.51645 -1.e-32
5.8 1.51609 -1.e-32
5.9 1.51572 -1.e-32
6.0 1.51534 -1.e-32
6.2 1.51457 -1.e-32
6.4 1.51377 -1.e-32
6.6 1.51294 -1.e-32
6.8 1.51209 -1.e-32
7.0 1.51122 -1.e-32
7.2 1.51031 -1.e-32
7.4 1.50938 -1.e-32
7.6 1.50842 -1.e-32
7.8 1.50744 -1.e-32
8.0 1.50643 -1.e-32
8.2 1.50539 -1.e-32
8.4 1.50432 -1.e-32
8.6 1.50322 -1.e-32
8.8 1.50210 -1.e-32
9.0 1.50094 -1.e-32
9.2 1.49996 -1.e-32
9.27 -1.e-32 2.e-8
9.4 1.49855 -1.e-32
9.6 1.49731 -1.e-32
9.8 1.49604 -1.e-32
10.0 1.49473 -1.e-32
10.2 1.49340 -1.e-32
10.4 1.49204 -1.e-32
10.6 1.49065 8.e-8
10.8 1.48922 -1.e-32
11.0 1.48776 -1.e-32
11.11 -1.e-32 1.5e-7
11.2 1.48628 -1.e-32
11.4 1.48476 -1.e-32
11.6 1.48320 -1.e-32
11.76 -1.e-32 4.5e-7
11.8 1.48162 -1.e-32
12.0 1.48000 -1.e-32
12.2 1.47834 -1.e-32
12.4 1.47665 -1.e-32
12.50 -1.e-32 1.4e-6
12.6 1.47493 -1.e-32
12.8 1.47318 -1.e-32
13.0 1.47138 -1.e-32
13.2 1.46956 -1.e-32
13.33 -1.e-32 3.8e-6
13.4 1.46769 -1.e-32
13.6 1.46579 -1.e-32
13.8 1.46385 -1.e-32
14.0 1.46188 -1.e-32
14.2 1.45986 -1.e-32
14.29 -1.e-32 1.1e-5
14.4 1.45781 -1.e-32
14.6 1.45572 -1.e-32
14.8 1.45359 -1.e-32
15.0 1.4514 -1.e-32
15.2 1.4492 -1.e-32
15.38 -1.e-32 3.6e-5
15.4 1.4469 -1.e-32
15.6 1.4446 -1.e-32
15.8 1.4423 -1.e-32
16.0 1.4399 -1.e-32
16.2 1.4375 -1.e-32
16.4 1.4351 -1.e-32
16.6 1.4325 -1.e-32
16.67 -1.e-32 8.6e-5
16.8 1.4300 -1.e-32
17.0 1.4274 -1.e-32
17.2 1.4247 -1.e-32
17.4 1.4220 -1.e-32
17.6 1.4193 -1.e-32
17.8 1.41649 -1.e-32
18.0 1.41364 -1.e-32
18.18 -1.e-32 2.2e-4
18.2 1.41074 -1.e-32
18.4 1.40779 -1.e-32
18.6 1.40478 -1.e-32
18.8 1.40173 -1.e-32
19.0 1.39861 -1.e-32
19.2 1.39544 -1.e-32
19.4 1.39222 -1.e-32
19.6 1.38893 -1.e-32
19.8 1.38559 -1.e-32
20.0 1.41 6.2e-4
20.83 1.38 8.7e-4
21.74 1.35 1.1e-3
22.73 1.33 1.5e-3
23.81 1.32 2.3e-3
25.00 1.27 3.5e-3
26.32 1.23 5.3e-3
27.78 1.17 9.8e-3
29.41 1.12 1.7e-2
31.25 1.01 4.5e-2
33.33 0.85 0.11
33.90 0.83 0.13
34.48 0.80 0.13
35.09 0.78 0.14
35.71 0.69 0.17
36.36 0.59 0.22
37.04 0.49 0.31
37.74 0.42 0.50
38.46 0.45 0.66
39.22 0.57 0.71
39.68 0.59 0.67
40.00 0.58 0.66
40.82 0.51 0.69
41.67 0.46 0.81
42.19 0.44 0.87
42.55 0.46 0.87
42.92 0.49 0.87
43.48 0.43 0.87
44.44 0.30 1.00
45.45 0.25 1.15
46.51 0.20 1.36
47.62 0.18 1.56
48.78 0.16 1.74
50.00 0.14 1.99
51.28 0.15 2.29
52.63 0.19 2.63
54.05 0.24 3.02
55.56 0.35 3.72
57.14 0.59 4.57
58.82 1.35 6.03
60.61 6.17 7.41
61.35 7.76 6.03
62.50 6.92 2.14
64.52 5.50 0.87
66.67 4.52 0.380
68.97 4.07 0.309
71.43 3.72 0.219
74.07 3.47 0.145
76.92 3.31 0.135
83.33 3.02 0.110
90.91 2.85 0.095
100.0 2.74 0.087
111.1 2.63 0.078
125.0 2.57 0.077
142.9 2.52 0.068
166.7 2.48 0.055
200.0 2.45 0.047
222.2 2.44 0.045
250.0 2.44 0.041
285.7 2.43 0.036
300.0 -1.e-32 0.030
333.3 2.43 0.032
400.0 2.43 0.027
500.0 2.43 0.024
666.7 2.43 0.014
1000. 2.43 0.006
1020.  -1.e-32 8.1e-3
1100. -1.e-32 9.5e-3
1200. -1.e-32 8.8e-3
1400. -1.e-32 6.5e-3
1575. -1.e-32 5.76e-3
1800. -1.e-32 5.4e-3
2000. 2.43 -1.e-32
2100. -1.e-32 4.3e-3
2500. -1.e-32 4.4e-3
2584. 2.43 2.1e-3
3200. -1.e-32 3.3e-3
8469. 2.43 5.8e-4
30590. 2.43 2.5e-4
