data provided by Paul Lucey in 2006
derived using techniques of Lucey 1998
Forsterite, Fo= 84.0000
minimum grain size (microns)= 0.000000
maximum grain size=(microns) 45.0000
column 1= wavelength, micrometers
column 2= real index
column 3= imaginary index
 
     0.450000      1.66572 1.84812e-005
     0.455000      1.66572 1.82912e-005
     0.460000      1.66572 1.79221e-005
     0.465000      1.66572 1.73115e-005
     0.470000      1.66572 1.70334e-005
     0.475000      1.66572 1.66293e-005
     0.480000      1.66572 1.58022e-005
     0.485000      1.66572 1.54911e-005
     0.490000      1.66572 1.54111e-005
     0.495000      1.66572 1.52040e-005
     0.500000      1.66572 1.48690e-005
     0.505000      1.66572 1.42789e-005
     0.510000      1.66572 1.37998e-005
     0.515000      1.66572 1.36847e-005
     0.520000      1.66572 1.34387e-005
     0.525000      1.66572 1.33137e-005
     0.530000      1.66572 1.32476e-005
     0.535000      1.66572 1.30486e-005
     0.540000      1.66572 1.27786e-005
     0.545000      1.66572 1.25015e-005
     0.550000      1.66572 1.24830e-005
     0.555000      1.66572 1.20609e-005
     0.560000      1.66572 1.21029e-005
     0.565000      1.66572 1.18699e-005
     0.570000      1.66572 1.18379e-005
     0.575000      1.66572 1.18039e-005
     0.580000      1.66572 1.17669e-005
     0.585000      1.66572 1.18679e-005
     0.590000      1.66572 1.18279e-005
     0.595000      1.66572 1.17849e-005
     0.600000      1.66572 1.19559e-005
     0.605000      1.66572 1.17649e-005
     0.610000      1.66572 1.19349e-005
     0.615000      1.66572 1.19589e-005
     0.620000      1.66572 1.22049e-005
     0.625000      1.66572 1.23790e-005
     0.630000      1.66572 1.24020e-005
     0.635000      1.66572 1.25005e-005
     0.640000      1.66572 1.25215e-005
     0.645000      1.66572 1.24650e-005
     0.650000      1.66572 1.24830e-005
     0.655000      1.66572 1.23430e-005
     0.660000      1.66572 1.24380e-005
     0.665000      1.66572 1.23720e-005
     0.670000      1.66572 1.25455e-005
     0.675000      1.66572 1.25585e-005
     0.680000      1.66572 1.26515e-005
     0.685000      1.66572 1.27445e-005
     0.690000      1.66572 1.30026e-005
     0.695000      1.66572 1.31806e-005
     0.700000      1.66572 1.33597e-005
     0.705000      1.66572 1.35397e-005
     0.710000      1.66572 1.38918e-005
     0.715000      1.66572 1.41608e-005
     0.720000      1.66572 1.45199e-005
     0.725000      1.66572 1.48820e-005
     0.730000      1.66572 1.53371e-005
     0.735000      1.66572 1.57962e-005
     0.740000      1.66572 1.61712e-005
     0.745000      1.66572 1.66393e-005
     0.750000      1.66572 1.72044e-005
     0.755000      1.66572 1.77751e-005
     0.760000      1.66572 1.83522e-005
     0.765000      1.66572 1.92143e-005
     0.770000      1.66572 1.98065e-005
     0.775000      1.66572 2.04996e-005
     0.780000      1.66572 2.12007e-005
     0.785000      1.66572 2.19099e-005
     0.790000      1.66572 2.28186e-005
     0.795000      1.66572 2.35457e-005
     0.800000      1.66572 2.44749e-005
     0.805000      1.66572 2.51200e-005
     0.810000      1.66572 2.61692e-005
     0.815000      1.66572 2.67303e-005
     0.820000      1.66572 2.75990e-005
     0.825000      1.66572 2.84772e-005
     0.830000      1.66572 2.91603e-005
     0.835000      1.66572 2.97465e-005
     0.840000      1.66572 3.07537e-005
     0.845000      1.66572 3.14578e-005
     0.850000      1.66572 3.22750e-005
     0.855000      1.66572 3.28876e-005
     0.860000      1.66572 3.36127e-005
     0.865000      1.66572 3.42368e-005
     0.870000      1.66572 3.49740e-005
     0.875000      1.66572 3.56091e-005
     0.880000      1.66572 3.64683e-005
     0.885000      1.66572 3.71164e-005
     0.890000      1.66572 3.75470e-005
     0.895000      1.66572 3.79811e-005
     0.900000      1.66572 3.89783e-005
     0.905000      1.66572 3.97595e-005
     0.910000      1.66572 4.10017e-005
     0.915000      1.66572 4.15708e-005
     0.920000      1.66572 4.28346e-005
     0.925000      1.66572 4.44599e-005
     0.930000      1.66572 4.54011e-005
     0.935000      1.66572 4.64693e-005
     0.940000      1.66572 4.77841e-005
     0.945000      1.66572 4.95894e-005
     0.950000      1.66572 5.14158e-005
     0.955000      1.66572 5.31416e-005
     0.960000      1.66572 5.56191e-005
     0.965000      1.66572 5.75110e-005
     0.970000      1.66572 5.92994e-005
     0.975000      1.66572 6.16078e-005
     0.980000      1.66572 6.36897e-005
     0.985000      1.66572 6.54141e-005
     0.990000      1.66572 6.81811e-005
     0.995000      1.66572 7.08527e-005
      1.00000      1.66572 7.25115e-005
      1.00500      1.66572 7.45799e-005
      1.01000      1.66572 7.62743e-005
      1.01500      1.66572 7.91833e-005
      1.02000      1.66572 8.07817e-005
      1.02500      1.66572 8.21239e-005
      1.03000      1.66572 8.42939e-005
      1.03500      1.66572 8.52510e-005
      1.04000      1.66572 8.70414e-005
      1.04500      1.66572 8.81531e-005
      1.05000      1.66572 8.88533e-005
      1.05500      1.66572 8.99775e-005
      1.06000      1.66572 9.05456e-005
      1.06500      1.66572 9.11147e-005
      1.07000      1.66572 9.12567e-005
      1.07500      1.66572 9.08267e-005
      1.08000      1.66572 9.11057e-005
      1.08500      1.66572 9.02315e-005
      1.09000      1.66572 8.93484e-005
      1.09500      1.66572 8.84552e-005
      1.10000      1.66572 8.72625e-005
      1.10500      1.66572 8.64953e-005
      1.11000      1.66572 8.45529e-005
      1.11500      1.66572 8.28896e-005
      1.12000      1.66572 8.29686e-005
      1.12500      1.66572 8.06956e-005
      1.13000      1.66572 7.95834e-005
      1.13500      1.66572 7.80201e-005
      1.14000      1.66572 7.73295e-005
      1.14500      1.66572 7.66313e-005
      1.15000      1.66572 7.57772e-005
      1.15500      1.66572 7.55101e-005
      1.16000      1.66572 7.41928e-005
      1.16500      1.66572 7.39128e-005
      1.17000      1.66572 7.19759e-005
      1.17500      1.66572 7.15308e-005
      1.18000      1.66572 7.13818e-005
      1.18500      1.66572 7.10777e-005
      1.19000      1.66572 7.10727e-005
      1.19500      1.66572 7.10657e-005
      1.20000      1.66572 7.04436e-005
      1.20500      1.66572 7.02756e-005
      1.21000      1.66572 6.99495e-005
      1.21500      1.66572 6.91543e-005
      1.22000      1.66572 6.86632e-005
      1.22500      1.66572 6.86332e-005
      1.23000      1.66572 6.84442e-005
      1.23500      1.66572 6.80941e-005
      1.24000      1.66572 6.78981e-005
      1.24500      1.66572 6.75400e-005
      1.25000      1.66572 6.68604e-005
      1.25500      1.66572 6.66513e-005
      1.26000      1.66572 6.59602e-005
      1.26500      1.66572 6.54231e-005
      1.27000      1.66572 6.47189e-005
      1.27500      1.66572 6.43309e-005
      1.28000      1.66572 6.39378e-005
      1.28500      1.66572 6.30556e-005
      1.29000      1.66572 6.24890e-005
      1.29500      1.66572 6.17559e-005
      1.30000      1.66572 6.08527e-005
      1.30500      1.66572 6.01055e-005
      1.31000      1.66572 5.95164e-005
      1.31500      1.66572 5.87573e-005
      1.32000      1.66572 5.79911e-005
      1.32500      1.66572 5.70544e-005
      1.33000      1.66572 5.61102e-005
      1.33500      1.66572 5.51590e-005
      1.34000      1.66572 5.43669e-005
      1.34500      1.66572 5.34017e-005
      1.35000      1.66572 5.25965e-005
      1.35500      1.66572 5.16168e-005
      1.36000      1.66572 5.04626e-005
      1.36500      1.66572 4.96374e-005
      1.37000      1.66572 4.88063e-005
      1.37500      1.66572 4.79691e-005
      1.38000      1.66572 4.66163e-005
      1.38500      1.66572 4.57652e-005
      1.39000      1.66572 4.47369e-005
      1.39500      1.66572 4.37027e-005
      1.40000      1.66572 4.30026e-005
      1.40500      1.66572 4.17829e-005
      1.41000      1.66572 4.08997e-005
      1.41500      1.66572 3.98375e-005
      1.42000      1.66572 3.91143e-005
      1.42500      1.66572 3.82121e-005
      1.43000      1.66572 3.73045e-005
      1.43500      1.66572 3.63903e-005
      1.44000      1.66572 3.54701e-005
      1.44500      1.66572 3.47189e-005
      1.45000      1.66572 3.39618e-005
      1.45500      1.66572 3.30246e-005
      1.46000      1.66572 3.22570e-005
      1.46500      1.66572 3.16608e-005
      1.47000      1.66572 3.08837e-005
      1.47500      1.66572 3.01005e-005
      1.48000      1.66572 2.93124e-005
      1.48500      1.66572 2.85202e-005
      1.49000      1.66572 2.79001e-005
      1.49500      1.66572 2.72765e-005
      1.50000      1.66572 2.68284e-005
      1.50500      1.66572 2.60162e-005
      1.51000      1.66572 2.55611e-005
      1.51500      1.66572 2.51020e-005
      1.52000      1.66572 2.46389e-005
      1.52500      1.66572 2.39908e-005
      1.53000      1.66572 2.35217e-005
      1.53500      1.66572 2.30486e-005
      1.54000      1.66572 2.25725e-005
      1.54500      1.66572 2.22780e-005
      1.55000      1.66572 2.17959e-005
      1.55500      1.66572 2.13098e-005
      1.56000      1.66572 2.08217e-005
      1.56500      1.66572 2.05156e-005
      1.57000      1.66572 2.00215e-005
      1.57500      1.66572 1.98975e-005
      1.58000      1.66572 1.95844e-005
      1.58500      1.66572 1.90823e-005
      1.59000      1.66572 1.89533e-005
      1.59500      1.66572 1.86342e-005
      1.60000      1.66572 1.83132e-005
      1.60500      1.66572 1.81791e-005
      1.61000      1.66572 1.78541e-005
      1.61500      1.66572 1.77180e-005
      1.62000      1.66572 1.73885e-005
      1.62500      1.66572 1.72494e-005
      1.63000      1.66572 1.71094e-005
      1.63500      1.66572 1.69684e-005
      1.64000      1.66572 1.66313e-005
      1.64500      1.66572 1.64873e-005
      1.65000      1.66572 1.65373e-005
      1.65500      1.66572 1.63913e-005
      1.66000      1.66572 1.64413e-005
      1.66500      1.66572 1.62943e-005
      1.67000      1.66572 1.61452e-005
      1.67500      1.66572 1.61932e-005
      1.68000      1.66572 1.58442e-005
      1.68500      1.66572 1.58912e-005
      1.69000      1.66572 1.57381e-005
      1.69500      1.66572 1.57842e-005
      1.70000      1.66572 1.56301e-005
      1.70500      1.66572 1.56761e-005
      1.71000      1.66572 1.53181e-005
      1.71500      1.66572 1.53621e-005
      1.72000      1.66572 1.54071e-005
      1.72500      1.66572 1.54521e-005
      1.73000      1.66572 1.52921e-005
      1.73500      1.66572 1.53361e-005
      1.74000      1.66572 1.51750e-005
      1.74500      1.66572 1.52190e-005
      1.75000      1.66572 1.52621e-005
      1.75500      1.66572 1.50980e-005
      1.76000      1.66572 1.51410e-005
      1.76500      1.66572 1.51840e-005
      1.77000      1.66572 1.52270e-005
      1.77500      1.66572 1.50600e-005
      1.78000      1.66572 1.51030e-005
      1.78500      1.66572 1.49350e-005
      1.79000      1.66572 1.49760e-005
      1.79500      1.66572 1.50180e-005
      1.80000      1.66572 1.50600e-005
      1.80500      1.66572 1.48890e-005
      1.81000      1.66572 1.49300e-005
      1.81500      1.66572 1.51850e-005
      1.82000      1.66572 1.50120e-005
      1.82500      1.66572 1.50530e-005
      1.83000      1.66572 1.48790e-005
      1.83500      1.66572 1.51360e-005
      1.84000      1.66572 1.51770e-005
      1.84500      1.66572 1.47830e-005
      1.85000      1.66572 1.50410e-005
      1.85500      1.66572 1.50820e-005
      1.86000      1.66572 1.49030e-005
      1.86500      1.66572 1.49430e-005
      1.87000      1.66572 1.54251e-005
      1.87500      1.66572 1.50230e-005
      1.88000      1.66572 1.46189e-005
      1.88500      1.66572 1.51030e-005
      1.89000      1.66572 1.53661e-005
      1.89500      1.66572 1.54071e-005
      1.90000      1.66572 1.56721e-005
      1.90500      1.66572 1.54881e-005
      1.91000      1.66572 1.53031e-005
      1.91500      1.66572 1.53431e-005
      1.92000      1.66572 1.56101e-005
      1.92500      1.66572 1.54231e-005
      1.93000      1.66572 1.54641e-005
      1.93500      1.66572 1.55041e-005
      1.94000      1.66572 1.57732e-005
      1.94500      1.66572 1.58132e-005
      1.95000      1.66572 1.56241e-005
      1.95500      1.66572 1.58942e-005
      1.96000      1.66572 1.59352e-005
      1.96500      1.66572 1.57442e-005
      1.97000      1.66572 1.57842e-005
      1.97500      1.66572 1.58242e-005
      1.98000      1.66572 1.58642e-005
      1.98500      1.66572 1.59042e-005
      1.99000      1.66572 1.57091e-005
      1.99500      1.66572 1.59842e-005
      2.00000      1.66572 1.60242e-005
      2.00500      1.66572 1.58282e-005
      2.01000      1.66572 1.58672e-005
      2.01500      1.66572 1.59062e-005
      2.02000      1.66572 1.57081e-005
      2.02500      1.66572 1.57461e-005
      2.03000      1.66572 1.57852e-005
      2.03500      1.66572 1.58242e-005
      2.04000      1.66572 1.58632e-005
      2.04500      1.66572 1.59022e-005
      2.05000      1.66572 1.59412e-005
      2.05500      1.66572 1.57371e-005
      2.06000      1.66572 1.57762e-005
      2.06500      1.66572 1.58142e-005
      2.07000      1.66572 1.58522e-005
      2.07500      1.66572 1.58902e-005
      2.08000      1.66572 1.59282e-005
      2.08500      1.66572 1.59662e-005
      2.09000      1.66572 1.57592e-005
      2.09500      1.66572 1.57972e-005
      2.10000      1.66572 1.58342e-005
      2.10500      1.66572 1.58722e-005
      2.11000      1.66572 1.59092e-005
      2.11500      1.66572 1.59472e-005
      2.12000      1.66572 1.59852e-005
      2.12500      1.66572 1.60222e-005
      2.13000      1.66572 1.58092e-005
      2.13500      1.66572 1.58462e-005
      2.14000      1.66572 1.61352e-005
      2.14500      1.66572 1.61732e-005
      2.15000      1.66572 1.62102e-005
      2.15500      1.66572 1.62483e-005
      2.16000      1.66572 1.62863e-005
      2.16500      1.66572 1.63233e-005
      2.17000      1.66572 1.63623e-005
      2.17500      1.66572 1.63993e-005
      2.18000      1.66572 1.64373e-005
      2.18500      1.66572 1.64743e-005
      2.19000      1.66572 1.65133e-005
      2.19500      1.66572 1.65513e-005
      2.20000      1.66572 1.65883e-005
      2.20500      1.66572 1.66253e-005
      2.21000      1.66572 1.66633e-005
      2.21500      1.66572 1.67003e-005
      2.22000      1.66572 1.67383e-005
      2.22500      1.66572 1.65143e-005
      2.23000      1.66572 1.68144e-005
      2.23500      1.66572 1.65873e-005
      2.24000      1.66572 1.66253e-005
      2.24500      1.66572 1.66633e-005
      2.25000      1.66572 1.66993e-005
      2.25500      1.66572 1.67363e-005
      2.26000      1.66572 1.67744e-005
      2.26500      1.66572 1.68114e-005
      2.27000      1.66572 1.68484e-005
      2.27500      1.66572 1.68854e-005
      2.28000      1.66572 1.69224e-005
      2.28500      1.66572 1.69594e-005
      2.29000      1.66572 1.69964e-005
      2.29500      1.66572 1.70334e-005
      2.30000      1.66572 1.70704e-005
      2.30500      1.66572 1.68354e-005
      2.31000      1.66572 1.68724e-005
      2.31500      1.66572 1.69094e-005
      2.32000      1.66572 1.72194e-005
      2.32500      1.66572 1.72565e-005
      2.33000      1.66572 1.72935e-005
      2.33500      1.66572 1.73305e-005
      2.34000      1.66572 1.73675e-005
      2.34500      1.66572 1.71284e-005
      2.35000      1.66572 1.71644e-005
      2.35500      1.66572 1.72004e-005
      2.36000      1.66572 1.72374e-005
      2.36500      1.66572 1.72735e-005
      2.37000      1.66572 1.73105e-005
      2.37500      1.66572 1.73475e-005
      2.38000      1.66572 1.76640e-005
      2.38500      1.66572 1.77010e-005
      2.39000      1.66572 1.77380e-005
      2.39500      1.66572 1.77761e-005
      2.40000      1.66572 1.78121e-005
      2.40500      1.66572 1.78501e-005
      2.41000      1.66572 1.78871e-005
      2.41500      1.66572 1.79241e-005
      2.42000      1.66572 1.79611e-005
      2.42500      1.66572 1.77120e-005
      2.43000      1.66572 1.77490e-005
      2.43500      1.66572 1.80731e-005
      2.44000      1.66572 1.81091e-005
      2.44500      1.66572 1.81461e-005
      2.45000      1.66572 1.81841e-005
      2.45500      1.66572 1.82211e-005
      2.46000      1.66572 1.82592e-005
      2.46500      1.66572 1.85852e-005
      2.47000      1.66572 1.86232e-005
      2.47500      1.66572 1.80771e-005
      2.48000      1.66572 1.81141e-005
      2.48500      1.66572 1.81511e-005
      2.49000      1.66572 1.81871e-005
      2.49500      1.66572 1.82231e-005
      2.50000      1.66572 1.82602e-005
      2.50500      1.66572 1.85922e-005
      2.51000      1.66572 1.83332e-005
      2.51500      1.66572 1.83702e-005
      2.52000      1.66572 1.84062e-005
      2.52500      1.66572 1.87402e-005
      2.53000      1.66572 1.87783e-005
      2.53500      1.66572 1.85152e-005
      2.54000      1.66572 1.79531e-005
      2.54500      1.66572 1.85892e-005
      2.55000      1.66572 1.80241e-005
      2.55500      1.66572 1.68544e-005
      2.56000      1.66572 1.83972e-005
      2.56500      1.66572 1.87342e-005
      2.57000      1.66572 1.69534e-005
      2.57500      1.66572 1.82001e-005
      2.58000      1.66572 1.79311e-005
      2.58500      1.66572 1.85762e-005
      2.59000      1.66572 1.73895e-005
      2.59500      1.66572 1.80361e-005
      2.60000      1.66572 1.71514e-005
