data provided by Paul Lucey in 2006
derived using techniques of Lucey 1998
Forsterite, Fo= 90.0000
minimum grain size (microns)= 0.000000
maximum grain size=(microns) 45.0000
column 1= wavelength, micrometers
column 2= real index
column 3= imaginary index
 
     0.450000      1.65420 8.33217e-006
     0.455000      1.65420 8.31316e-006
     0.460000      1.65420 8.01110e-006
     0.465000      1.65420 7.75705e-006
     0.470000      1.65420 7.55301e-006
     0.475000      1.65420 7.40248e-006
     0.480000      1.65420 7.01240e-006
     0.485000      1.65420 6.84937e-006
     0.490000      1.65420 6.86037e-006
     0.495000      1.65420 6.74935e-006
     0.500000      1.65420 6.51430e-006
     0.505000      1.65420 6.08822e-006
     0.510000      1.65420 5.83917e-006
     0.515000      1.65420 5.70914e-006
     0.520000      1.65420 5.57612e-006
     0.525000      1.65420 5.43909e-006
     0.530000      1.65420 5.36207e-006
     0.535000      1.65420 5.21904e-006
     0.540000      1.65420 5.13703e-006
     0.545000      1.65420 4.98700e-006
     0.550000      1.65420 4.89998e-006
     0.555000      1.65420 4.81096e-006
     0.560000      1.65420 4.71894e-006
     0.565000      1.65420 4.76095e-006
     0.570000      1.65420 4.80296e-006
     0.575000      1.65420 4.84497e-006
     0.580000      1.65420 4.95699e-006
     0.585000      1.65420 4.92999e-006
     0.590000      1.65420 5.04301e-006
     0.595000      1.65420 5.08602e-006
     0.600000      1.65420 5.20104e-006
     0.605000      1.65420 5.31706e-006
     0.610000      1.65420 5.43509e-006
     0.615000      1.65420 5.62813e-006
     0.620000      1.65420 5.67414e-006
     0.625000      1.65420 5.87017e-006
     0.630000      1.65420 6.06921e-006
     0.635000      1.65420 6.11822e-006
     0.640000      1.65420 6.24325e-006
     0.645000      1.65420 6.21424e-006
     0.650000      1.65420 6.26225e-006
     0.655000      1.65420 6.15223e-006
     0.660000      1.65420 6.19924e-006
     0.665000      1.65420 6.16623e-006
     0.670000      1.65420 6.21224e-006
     0.675000      1.65420 6.25825e-006
     0.680000      1.65420 6.38728e-006
     0.685000      1.65420 6.43429e-006
     0.690000      1.65420 6.64733e-006
     0.695000      1.65420 6.78036e-006
     0.700000      1.65420 6.99840e-006
     0.705000      1.65420 7.21844e-006
     0.710000      1.65420 7.44149e-006
     0.715000      1.65420 7.66703e-006
     0.720000      1.65420 8.06911e-006
     0.725000      1.65420 8.38918e-006
     0.730000      1.65420 8.62422e-006
     0.735000      1.65420 9.03931e-006
     0.740000      1.65420 9.37037e-006
     0.745000      1.65420 9.79646e-006
     0.750000      1.65420 1.00445e-005
     0.755000      1.65420 1.07537e-005
     0.760000      1.65420 1.12878e-005
     0.765000      1.65420 1.18279e-005
     0.770000      1.65420 1.23750e-005
     0.775000      1.65420 1.29286e-005
     0.780000      1.65420 1.36787e-005
     0.785000      1.65420 1.42468e-005
     0.790000      1.65420 1.49180e-005
     0.795000      1.65420 1.54991e-005
     0.800000      1.65420 1.60882e-005
     0.805000      1.65420 1.68804e-005
     0.810000      1.65420 1.74835e-005
     0.815000      1.65420 1.79931e-005
     0.820000      1.65420 1.87092e-005
     0.825000      1.65420 1.94334e-005
     0.830000      1.65420 1.99615e-005
     0.835000      1.65420 2.05976e-005
     0.840000      1.65420 2.10327e-005
     0.845000      1.65420 2.16808e-005
     0.850000      1.65420 2.22299e-005
     0.855000      1.65420 2.24660e-005
     0.860000      1.65420 2.31306e-005
     0.865000      1.65420 2.38018e-005
     0.870000      1.65420 2.42639e-005
     0.875000      1.65420 2.46199e-005
     0.880000      1.65420 2.53081e-005
     0.885000      1.65420 2.57822e-005
     0.890000      1.65420 2.61492e-005
     0.895000      1.65420 2.69654e-005
     0.900000      1.65420 2.77891e-005
     0.905000      1.65420 2.83952e-005
     0.910000      1.65420 2.91213e-005
     0.915000      1.65420 3.01965e-005
     0.920000      1.65420 3.11677e-005
     0.925000      1.65420 3.21499e-005
     0.930000      1.65420 3.33747e-005
     0.935000      1.65420 3.46129e-005
     0.940000      1.65420 3.56281e-005
     0.945000      1.65420 3.74885e-005
     0.950000      1.65420 3.90093e-005
     0.955000      1.65420 4.04256e-005
     0.960000      1.65420 4.23460e-005
     0.965000      1.65420 4.41658e-005
     0.970000      1.65420 4.61302e-005
     0.975000      1.65420 4.79921e-005
     0.980000      1.65420 5.01265e-005
     0.985000      1.65420 5.22870e-005
     0.990000      1.65420 5.39588e-005
     0.995000      1.65420 5.59062e-005
      1.00000      1.65420 5.83952e-005
      1.00500      1.65420 6.01265e-005
      1.01000      1.65420 6.20079e-005
      1.01500      1.65420 6.36417e-005
      1.02000      1.65420 6.51590e-005
      1.02500      1.65420 6.69584e-005
      1.03000      1.65420 6.83692e-005
      1.03500      1.65420 6.95194e-005
      1.04000      1.65420 7.08157e-005
      1.04500      1.65420 7.17078e-005
      1.05000      1.65420 7.21899e-005
      1.05500      1.65420 7.25335e-005
      1.06000      1.65420 7.31576e-005
      1.06500      1.65420 7.26585e-005
      1.07000      1.65420 7.27165e-005
      1.07500      1.65420 7.24890e-005
      1.08000      1.65420 7.18309e-005
      1.08500      1.65420 7.10207e-005
      1.09000      1.65420 7.04886e-005
      1.09500      1.65420 6.88023e-005
      1.10000      1.65420 6.76770e-005
      1.10500      1.65420 6.66853e-005
      1.11000      1.65420 6.56851e-005
      1.11500      1.65420 6.43859e-005
      1.12000      1.65420 6.30746e-005
      1.12500      1.65420 6.21899e-005
      1.13000      1.65420 6.11517e-005
      1.13500      1.65420 5.98095e-005
      1.14000      1.65420 5.93384e-005
      1.14500      1.65420 5.82722e-005
      1.15000      1.65420 5.76400e-005
      1.15500      1.65420 5.65553e-005
      1.16000      1.65420 5.62062e-005
      1.16500      1.65420 5.57021e-005
      1.17000      1.65420 5.50430e-005
      1.17500      1.65420 5.46779e-005
      1.18000      1.65420 5.40058e-005
      1.18500      1.65420 5.36297e-005
      1.19000      1.65420 5.32497e-005
      1.19500      1.65420 5.27125e-005
      1.20000      1.65420 5.29326e-005
      1.20500      1.65420 5.28466e-005
      1.21000      1.65420 5.26045e-005
      1.21500      1.65420 5.17408e-005
      1.22000      1.65420 5.17989e-005
      1.22500      1.65420 5.15438e-005
      1.23000      1.65420 5.11307e-005
      1.23500      1.65420 5.08687e-005
      1.24000      1.65420 5.09167e-005
      1.24500      1.65420 5.04916e-005
      1.25000      1.65420 5.00615e-005
      1.25500      1.65420 4.93094e-005
      1.26000      1.65420 4.87102e-005
      1.26500      1.65420 4.85842e-005
      1.27000      1.65420 4.78151e-005
      1.27500      1.65420 4.75210e-005
      1.28000      1.65420 4.72244e-005
      1.28500      1.65420 4.62763e-005
      1.29000      1.65420 4.54841e-005
      1.29500      1.65420 4.50100e-005
      1.30000      1.65420 4.43679e-005
      1.30500      1.65420 4.38848e-005
      1.31000      1.65420 4.33957e-005
      1.31500      1.65420 4.25745e-005
      1.32000      1.65420 4.17468e-005
      1.32500      1.65420 4.09127e-005
      1.33000      1.65420 3.99055e-005
      1.33500      1.65420 3.93904e-005
      1.34000      1.65420 3.87042e-005
      1.34500      1.65420 3.80131e-005
      1.35000      1.65420 3.73155e-005
      1.35500      1.65420 3.69484e-005
      1.36000      1.65420 3.59042e-005
      1.36500      1.65420 3.50220e-005
      1.37000      1.65420 3.43029e-005
      1.37500      1.65420 3.34077e-005
      1.38000      1.65420 3.30186e-005
      1.38500      1.65420 3.21129e-005
      1.39000      1.65420 3.10287e-005
      1.39500      1.65420 3.02826e-005
      1.40000      1.65420 2.95294e-005
      1.40500      1.65420 2.87723e-005
      1.41000      1.65420 2.80091e-005
      1.41500      1.65420 2.72404e-005
      1.42000      1.65420 2.66403e-005
      1.42500      1.65420 2.62102e-005
      1.43000      1.65420 2.52530e-005
      1.43500      1.65420 2.44639e-005
      1.44000      1.65420 2.38448e-005
      1.44500      1.65420 2.32226e-005
      1.45000      1.65420 2.29486e-005
      1.45500      1.65420 2.21419e-005
      1.46000      1.65420 2.15058e-005
      1.46500      1.65420 2.12227e-005
      1.47000      1.65420 2.04006e-005
      1.47500      1.65420 1.99325e-005
      1.48000      1.65420 1.94604e-005
      1.48500      1.65420 1.88043e-005
      1.49000      1.65420 1.85062e-005
      1.49500      1.65420 1.78431e-005
      1.50000      1.65420 1.77200e-005
      1.50500      1.65420 1.74145e-005
      1.51000      1.65420 1.67403e-005
      1.51500      1.65420 1.62462e-005
      1.52000      1.65420 1.59312e-005
      1.52500      1.65420 1.56141e-005
      1.53000      1.65420 1.51110e-005
      1.53500      1.65420 1.47890e-005
      1.54000      1.65420 1.46509e-005
      1.54500      1.65420 1.43249e-005
      1.55000      1.65420 1.39968e-005
      1.55500      1.65420 1.36667e-005
      1.56000      1.65420 1.35217e-005
      1.56500      1.65420 1.33767e-005
      1.57000      1.65420 1.30396e-005
      1.57500      1.65420 1.28916e-005
      1.58000      1.65420 1.25515e-005
      1.58500      1.65420 1.24000e-005
      1.59000      1.65420 1.20559e-005
      1.59500      1.65420 1.20939e-005
      1.60000      1.65420 1.19389e-005
      1.60500      1.65420 1.19759e-005
      1.61000      1.65420 1.18189e-005
      1.61500      1.65420 1.16608e-005
      1.62000      1.65420 1.15028e-005
      1.62500      1.65420 1.13418e-005
      1.63000      1.65420 1.13768e-005
      1.63500      1.65420 1.12147e-005
      1.64000      1.65420 1.10517e-005
      1.64500      1.65420 1.10857e-005
      1.65000      1.65420 1.11187e-005
      1.65500      1.65420 1.09537e-005
      1.66000      1.65420 1.03876e-005
      1.66500      1.65420 1.04186e-005
      1.67000      1.65420 1.02486e-005
      1.67500      1.65420 1.02796e-005
      1.68000      1.65420 1.01085e-005
      1.68500      1.65420 9.93549e-006
      1.69000      1.65420 9.96449e-006
      1.69500      1.65420 9.99450e-006
      1.70000      1.65420 9.81946e-006
      1.70500      1.65420 9.84847e-006
      1.71000      1.65420 9.87747e-006
      1.71500      1.65420 9.90648e-006
      1.72000      1.65420 9.93549e-006
      1.72500      1.65420 9.96349e-006
      1.73000      1.65420 9.78546e-006
      1.73500      1.65420 9.81346e-006
      1.74000      1.65420 9.84147e-006
      1.74500      1.65420 9.86947e-006
      1.75000      1.65420 9.89848e-006
      1.75500      1.65420 9.92548e-006
      1.76000      1.65420 9.95449e-006
      1.76500      1.65420 9.98250e-006
      1.77000      1.65420 1.00105e-005
      1.77500      1.65420 9.82646e-006
      1.78000      1.65420 1.00665e-005
      1.78500      1.65420 9.88148e-006
      1.79000      1.65420 9.90948e-006
      1.79500      1.65420 9.93649e-006
      1.80000      1.65420 9.96449e-006
      1.80500      1.65420 9.99250e-006
      1.81000      1.65420 1.00195e-005
      1.81500      1.65420 1.02656e-005
      1.82000      1.65420 1.02936e-005
      1.82500      1.65420 1.03216e-005
      1.83000      1.65420 1.01305e-005
      1.83500      1.65420 1.03786e-005
      1.84000      1.65420 1.04066e-005
      1.84500      1.65420 1.04356e-005
      1.85000      1.65420 1.04636e-005
      1.85500      1.65420 1.04916e-005
      1.86000      1.65420 1.02966e-005
      1.86500      1.65420 1.03246e-005
      1.87000      1.65420 1.05766e-005
      1.87500      1.65420 1.06046e-005
      1.88000      1.65420 1.04066e-005
      1.88500      1.65420 1.06616e-005
      1.89000      1.65420 1.04626e-005
      1.89500      1.65420 1.07176e-005
      1.90000      1.65420 1.07456e-005
      1.90500      1.65420 1.07747e-005
      1.91000      1.65420 1.08027e-005
      1.91500      1.65420 1.08307e-005
      1.92000      1.65420 1.08597e-005
      1.92500      1.65420 1.08877e-005
      1.93000      1.65420 1.09157e-005
      1.93500      1.65420 1.09437e-005
      1.94000      1.65420 1.07396e-005
      1.94500      1.65420 1.10007e-005
      1.95000      1.65420 1.07947e-005
      1.95500      1.65420 1.10567e-005
      1.96000      1.65420 1.08497e-005
      1.96500      1.65420 1.11137e-005
      1.97000      1.65420 1.09057e-005
      1.97500      1.65420 1.09327e-005
      1.98000      1.65420 1.09607e-005
      1.98500      1.65420 1.09877e-005
      1.99000      1.65420 1.10157e-005
      1.99500      1.65420 1.08037e-005
      2.00000      1.65420 1.10707e-005
      2.00500      1.65420 1.08587e-005
      2.01000      1.65420 1.11267e-005
      2.01500      1.65420 1.09127e-005
      2.02000      1.65420 1.09397e-005
      2.02500      1.65420 1.09667e-005
      2.03000      1.65420 1.09927e-005
      2.03500      1.65420 1.07767e-005
      2.04000      1.65420 1.10477e-005
      2.04500      1.65420 1.08287e-005
      2.05000      1.65420 1.11007e-005
      2.05500      1.65420 1.11287e-005
      2.06000      1.65420 1.11557e-005
      2.06500      1.65420 1.11827e-005
      2.07000      1.65420 1.12097e-005
      2.07500      1.65420 1.09877e-005
      2.08000      1.65420 1.12638e-005
      2.08500      1.65420 1.10407e-005
      2.09000      1.65420 1.13178e-005
      2.09500      1.65420 1.13458e-005
      2.10000      1.65420 1.13728e-005
      2.10500      1.65420 1.13998e-005
      2.11000      1.65420 1.11737e-005
      2.11500      1.65420 1.11997e-005
      2.12000      1.65420 1.12257e-005
      2.12500      1.65420 1.12528e-005
      2.13000      1.65420 1.12788e-005
      2.13500      1.65420 1.13058e-005
      2.14000      1.65420 1.13318e-005
      2.14500      1.65420 1.13588e-005
      2.15000      1.65420 1.13848e-005
      2.15500      1.65420 1.14118e-005
      2.16000      1.65420 1.14378e-005
      2.16500      1.65420 1.14648e-005
      2.17000      1.65420 1.14908e-005
      2.17500      1.65420 1.17779e-005
      2.18000      1.65420 1.15438e-005
      2.18500      1.65420 1.15698e-005
      2.19000      1.65420 1.15968e-005
      2.19500      1.65420 1.16228e-005
      2.20000      1.65420 1.16498e-005
      2.20500      1.65420 1.19409e-005
      2.21000      1.65420 1.19689e-005
      2.21500      1.65420 1.19949e-005
      2.22000      1.65420 1.20229e-005
      2.22500      1.65420 1.20499e-005
      2.23000      1.65420 1.20769e-005
      2.23500      1.65420 1.21039e-005
      2.24000      1.65420 1.21309e-005
      2.24500      1.65420 1.21569e-005
      2.25000      1.65420 1.19149e-005
      2.25500      1.65420 1.22119e-005
      2.26000      1.65420 1.22389e-005
      2.26500      1.65420 1.22660e-005
      2.27000      1.65420 1.22930e-005
      2.27500      1.65420 1.23200e-005
      2.28000      1.65420 1.23470e-005
      2.28500      1.65420 1.23750e-005
      2.29000      1.65420 1.24020e-005
      2.29500      1.65420 1.21529e-005
      2.30000      1.65420 1.24550e-005
      2.30500      1.65420 1.24820e-005
      2.31000      1.65420 1.25095e-005
      2.31500      1.65420 1.22590e-005
      2.32000      1.65420 1.25635e-005
      2.32500      1.65420 1.25915e-005
      2.33000      1.65420 1.26185e-005
      2.33500      1.65420 1.29256e-005
      2.34000      1.65420 1.29536e-005
      2.34500      1.65420 1.26995e-005
      2.35000      1.65420 1.30086e-005
      2.35500      1.65420 1.27536e-005
      2.36000      1.65420 1.27806e-005
      2.36500      1.65420 1.28076e-005
      2.37000      1.65420 1.28346e-005
      2.37500      1.65420 1.28616e-005
      2.38000      1.65420 1.28896e-005
      2.38500      1.65420 1.32026e-005
      2.39000      1.65420 1.29436e-005
      2.39500      1.65420 1.32577e-005
      2.40000      1.65420 1.29966e-005
      2.40500      1.65420 1.33127e-005
      2.41000      1.65420 1.33407e-005
      2.41500      1.65420 1.33687e-005
      2.42000      1.65420 1.33967e-005
      2.42500      1.65420 1.34237e-005
      2.43000      1.65420 1.31596e-005
      2.43500      1.65420 1.34797e-005
      2.44000      1.65420 1.35067e-005
      2.44500      1.65420 1.35347e-005
      2.45000      1.65420 1.35627e-005
      2.45500      1.65420 1.35897e-005
      2.46000      1.65420 1.36177e-005
      2.46500      1.65420 1.36457e-005
      2.47000      1.65420 1.36727e-005
      2.47500      1.65420 1.42959e-005
      2.48000      1.65420 1.43249e-005
      2.48500      1.65420 1.40548e-005
      2.49000      1.65420 1.40828e-005
      2.49500      1.65420 1.41118e-005
      2.50000      1.65420 1.41398e-005
      2.50500      1.65420 1.41678e-005
      2.51000      1.65420 1.41968e-005
      2.51500      1.65420 1.42248e-005
      2.52000      1.65420 1.42529e-005
      2.52500      1.65420 1.42809e-005
      2.53000      1.65420 1.43089e-005
      2.53500      1.65420 1.40328e-005
      2.54000      1.65420 1.37558e-005
      2.54500      1.65420 1.37828e-005
      2.55000      1.65420 1.38098e-005
      2.55500      1.65420 1.35297e-005
      2.56000      1.65420 1.38638e-005
      2.56500      1.65420 1.38908e-005
      2.57000      1.65420 1.33007e-005
      2.57500      1.65420 1.36347e-005
      2.58000      1.65420 1.33517e-005
      2.58500      1.65420 1.36877e-005
      2.59000      1.65420 1.37157e-005
      2.59500      1.65420 1.40528e-005
      2.60000      1.65420 1.28306e-005
