data provided by Paul Lucey in 2006
derived using techniques of Lucey 1998
Forsterite, Fo= 90.0000
minimum grain size (microns)= 0.000000
maximum grain size=(microns) 45.0000
column 1= wavelength, micrometers
column 2= real index
column 3= imaginary index
 
     0.450000      1.65420 1.45689e-005
     0.455000      1.65420 1.42759e-005
     0.460000      1.65420 1.39168e-005
     0.465000      1.65420 1.34887e-005
     0.470000      1.65420 1.32246e-005
     0.475000      1.65420 1.29526e-005
     0.480000      1.65420 1.25535e-005
     0.485000      1.65420 1.23240e-005
     0.490000      1.65420 1.21479e-005
     0.495000      1.65420 1.20269e-005
     0.500000      1.65420 1.17168e-005
     0.505000      1.65420 1.12738e-005
     0.510000      1.65420 1.09457e-005
     0.515000      1.65420 1.07366e-005
     0.520000      1.65420 1.05846e-005
     0.525000      1.65420 1.03646e-005
     0.530000      1.65420 1.03336e-005
     0.535000      1.65420 1.01685e-005
     0.540000      1.65420 1.00645e-005
     0.545000      1.65420 9.95749e-006
     0.550000      1.65420 9.71244e-006
     0.555000      1.65420 9.73345e-006
     0.560000      1.65420 9.61542e-006
     0.565000      1.65420 9.63243e-006
     0.570000      1.65420 9.57742e-006
     0.575000      1.65420 9.52140e-006
     0.580000      1.65420 9.53341e-006
     0.585000      1.65420 9.54441e-006
     0.590000      1.65420 9.55341e-006
     0.595000      1.65420 9.48940e-006
     0.600000      1.65420 9.56941e-006
     0.605000      1.65420 9.64943e-006
     0.610000      1.65420 9.50540e-006
     0.615000      1.65420 9.73345e-006
     0.620000      1.65420 9.81246e-006
     0.625000      1.65420 9.89148e-006
     0.630000      1.65420 9.89448e-006
     0.635000      1.65420 9.89548e-006
     0.640000      1.65420 1.00515e-005
     0.645000      1.65420 9.97249e-006
     0.650000      1.65420 9.97049e-006
     0.655000      1.65420 9.88748e-006
     0.660000      1.65420 9.96349e-006
     0.665000      1.65420 9.95749e-006
     0.670000      1.65420 9.95049e-006
     0.675000      1.65420 9.94249e-006
     0.680000      1.65420 1.00995e-005
     0.685000      1.65420 1.00905e-005
     0.690000      1.65420 1.02475e-005
     0.695000      1.65420 1.04066e-005
     0.700000      1.65420 1.04816e-005
     0.705000      1.65420 1.06426e-005
     0.710000      1.65420 1.07176e-005
     0.715000      1.65420 1.08807e-005
     0.720000      1.65420 1.10447e-005
     0.725000      1.65420 1.12097e-005
     0.730000      1.65420 1.15538e-005
     0.735000      1.65420 1.19019e-005
     0.740000      1.65420 1.19829e-005
     0.745000      1.65420 1.22459e-005
     0.750000      1.65420 1.25105e-005
     0.755000      1.65420 1.29636e-005
     0.760000      1.65420 1.32346e-005
     0.765000      1.65420 1.36027e-005
     0.770000      1.65420 1.39748e-005
     0.775000      1.65420 1.44449e-005
     0.780000      1.65420 1.48250e-005
     0.785000      1.65420 1.51120e-005
     0.790000      1.65420 1.54991e-005
     0.795000      1.65420 1.59872e-005
     0.800000      1.65420 1.64813e-005
     0.805000      1.65420 1.68804e-005
     0.810000      1.65420 1.72845e-005
     0.815000      1.65420 1.77921e-005
     0.820000      1.65420 1.81031e-005
     0.825000      1.65420 1.85182e-005
     0.830000      1.65420 1.89373e-005
     0.835000      1.65420 1.94634e-005
     0.840000      1.65420 1.97875e-005
     0.845000      1.65420 2.00095e-005
     0.850000      1.65420 2.06526e-005
     0.855000      1.65420 2.09847e-005
     0.860000      1.65420 2.14268e-005
     0.865000      1.65420 2.17649e-005
     0.870000      1.65420 2.21069e-005
     0.875000      1.65420 2.27756e-005
     0.880000      1.65420 2.30146e-005
     0.885000      1.65420 2.33647e-005
     0.890000      1.65420 2.37167e-005
     0.895000      1.65420 2.44049e-005
     0.900000      1.65420 2.48770e-005
     0.905000      1.65420 2.52400e-005
     0.910000      1.65420 2.59442e-005
     0.915000      1.65420 2.64283e-005
     0.920000      1.65420 2.71454e-005
     0.925000      1.65420 2.79841e-005
     0.930000      1.65420 2.85992e-005
     0.935000      1.65420 2.94534e-005
     0.940000      1.65420 3.05516e-005
     0.945000      1.65420 3.14238e-005
     0.950000      1.65420 3.26605e-005
     0.955000      1.65420 3.34327e-005
     0.960000      1.65420 3.49350e-005
     0.965000      1.65420 3.58452e-005
     0.970000      1.65420 3.71324e-005
     0.975000      1.65420 3.84312e-005
     0.980000      1.65420 3.96204e-005
     0.985000      1.65420 4.10707e-005
     0.990000      1.65420 4.22850e-005
     0.995000      1.65420 4.35097e-005
      1.00000      1.65420 4.48750e-005
      1.00500      1.65420 4.59962e-005
      1.01000      1.65420 4.73865e-005
      1.01500      1.65420 4.85302e-005
      1.02000      1.65420 4.96844e-005
      1.02500      1.65420 5.07156e-005
      1.03000      1.65420 5.16248e-005
      1.03500      1.65420 5.24080e-005
      1.04000      1.65420 5.30626e-005
      1.04500      1.65420 5.39898e-005
      1.05000      1.65420 5.42479e-005
      1.05500      1.65420 5.43709e-005
      1.06000      1.65420 5.49010e-005
      1.06500      1.65420 5.46119e-005
      1.07000      1.65420 5.47299e-005
      1.07500      1.65420 5.40188e-005
      1.08000      1.65420 5.37147e-005
      1.08500      1.65420 5.32677e-005
      1.09000      1.65420 5.28146e-005
      1.09500      1.65420 5.19349e-005
      1.10000      1.65420 5.09067e-005
      1.10500      1.65420 5.02916e-005
      1.11000      1.65420 4.96694e-005
      1.11500      1.65420 4.87573e-005
      1.12000      1.65420 4.81221e-005
      1.12500      1.65420 4.73365e-005
      1.13000      1.65420 4.65433e-005
      1.13500      1.65420 4.60302e-005
      1.14000      1.65420 4.52230e-005
      1.14500      1.65420 4.46979e-005
      1.15000      1.65420 4.41678e-005
      1.15500      1.65420 4.36307e-005
      1.16000      1.65420 4.33817e-005
      1.16500      1.65420 4.28346e-005
      1.17000      1.65420 4.21349e-005
      1.17500      1.65420 4.21679e-005
      1.18000      1.65420 4.19019e-005
      1.18500      1.65420 4.14838e-005
      1.19000      1.65420 4.12107e-005
      1.19500      1.65420 4.10847e-005
      1.20000      1.65420 4.11057e-005
      1.20500      1.65420 4.08237e-005
      1.21000      1.65420 4.06896e-005
      1.21500      1.65420 4.05536e-005
      1.22000      1.65420 4.01095e-005
      1.22500      1.65420 3.99665e-005
      1.23000      1.65420 3.96684e-005
      1.23500      1.65420 3.98295e-005
      1.24000      1.65420 3.93714e-005
      1.24500      1.65420 3.89083e-005
      1.25000      1.65420 3.85962e-005
      1.25500      1.65420 3.84372e-005
      1.26000      1.65420 3.79621e-005
      1.26500      1.65420 3.79551e-005
      1.27000      1.65420 3.73145e-005
      1.27500      1.65420 3.69854e-005
      1.28000      1.65420 3.68124e-005
      1.28500      1.65420 3.63163e-005
      1.29000      1.65420 3.59772e-005
      1.29500      1.65420 3.54731e-005
      1.30000      1.65420 3.51260e-005
      1.30500      1.65420 3.47760e-005
      1.31000      1.65420 3.39348e-005
      1.31500      1.65420 3.37387e-005
      1.32000      1.65420 3.32136e-005
      1.32500      1.65420 3.26845e-005
      1.33000      1.65420 3.21509e-005
      1.33500      1.65420 3.17769e-005
      1.34000      1.65420 3.12347e-005
      1.34500      1.65420 3.06876e-005
      1.35000      1.65420 3.03026e-005
      1.35500      1.65420 3.00815e-005
      1.36000      1.65420 2.95224e-005
      1.36500      1.65420 2.91273e-005
      1.37000      1.65420 2.85602e-005
      1.37500      1.65420 2.78201e-005
      1.38000      1.65420 2.75820e-005
      1.38500      1.65420 2.71724e-005
      1.39000      1.65420 2.65883e-005
      1.39500      1.65420 2.60002e-005
      1.40000      1.65420 2.52370e-005
      1.40500      1.65420 2.48110e-005
      1.41000      1.65420 2.42098e-005
      1.41500      1.65420 2.37768e-005
      1.42000      1.65420 2.31676e-005
      1.42500      1.65420 2.25535e-005
      1.43000      1.65420 2.19349e-005
      1.43500      1.65420 2.18369e-005
      1.44000      1.65420 2.13868e-005
      1.44500      1.65420 2.09327e-005
      1.45000      1.65420 2.04766e-005
      1.45500      1.65420 2.01925e-005
      1.46000      1.65420 1.95524e-005
      1.46500      1.65420 1.92634e-005
      1.47000      1.65420 1.89713e-005
      1.47500      1.65420 1.86782e-005
      1.48000      1.65420 1.83822e-005
      1.48500      1.65420 1.79031e-005
      1.49000      1.65420 1.74215e-005
      1.49500      1.65420 1.72985e-005
      1.50000      1.65420 1.69934e-005
      1.50500      1.65420 1.66853e-005
      1.51000      1.65420 1.63753e-005
      1.51500      1.65420 1.62452e-005
      1.52000      1.65420 1.59312e-005
      1.52500      1.65420 1.57992e-005
      1.53000      1.65420 1.54811e-005
      1.53500      1.65420 1.53451e-005
      1.54000      1.65420 1.50230e-005
      1.54500      1.65420 1.50710e-005
      1.55000      1.65420 1.47459e-005
      1.55500      1.65420 1.46059e-005
      1.56000      1.65420 1.44639e-005
      1.56500      1.65420 1.41328e-005
      1.57000      1.65420 1.41778e-005
      1.57500      1.65420 1.40318e-005
      1.58000      1.65420 1.38858e-005
      1.58500      1.65420 1.37387e-005
      1.59000      1.65420 1.35897e-005
      1.59500      1.65420 1.36327e-005
      1.60000      1.65420 1.34827e-005
      1.60500      1.65420 1.33307e-005
      1.61000      1.65420 1.31776e-005
      1.61500      1.65420 1.30246e-005
      1.62000      1.65420 1.34557e-005
      1.62500      1.65420 1.31046e-005
      1.63000      1.65420 1.31456e-005
      1.63500      1.65420 1.29886e-005
      1.64000      1.65420 1.30286e-005
      1.64500      1.65420 1.28696e-005
      1.65000      1.65420 1.29086e-005
      1.65500      1.65420 1.29476e-005
      1.66000      1.65420 1.27866e-005
      1.66500      1.65420 1.28256e-005
      1.67000      1.65420 1.28636e-005
      1.67500      1.65420 1.29026e-005
      1.68000      1.65420 1.31436e-005
      1.68500      1.65420 1.29796e-005
      1.69000      1.65420 1.30176e-005
      1.69500      1.65420 1.28516e-005
      1.70000      1.65420 1.28906e-005
      1.70500      1.65420 1.29276e-005
      1.71000      1.65420 1.29656e-005
      1.71500      1.65420 1.30036e-005
      1.72000      1.65420 1.30416e-005
      1.72500      1.65420 1.30796e-005
      1.73000      1.65420 1.31166e-005
      1.73500      1.65420 1.31546e-005
      1.74000      1.65420 1.31926e-005
      1.74500      1.65420 1.32316e-005
      1.75000      1.65420 1.32687e-005
      1.75500      1.65420 1.33067e-005
      1.76000      1.65420 1.33447e-005
      1.76500      1.65420 1.33827e-005
      1.77000      1.65420 1.34207e-005
      1.77500      1.65420 1.34587e-005
      1.78000      1.65420 1.34967e-005
      1.78500      1.65420 1.35347e-005
      1.79000      1.65420 1.35717e-005
      1.79500      1.65420 1.36107e-005
      1.80000      1.65420 1.36477e-005
      1.80500      1.65420 1.36857e-005
      1.81000      1.65420 1.37237e-005
      1.81500      1.65420 1.37618e-005
      1.82000      1.65420 1.37998e-005
      1.82500      1.65420 1.38378e-005
      1.83000      1.65420 1.36547e-005
      1.83500      1.65420 1.36927e-005
      1.84000      1.65420 1.37297e-005
      1.84500      1.65420 1.35447e-005
      1.85000      1.65420 1.38048e-005
      1.85500      1.65420 1.38418e-005
      1.86000      1.65420 1.38788e-005
      1.86500      1.65420 1.39158e-005
      1.87000      1.65420 1.41788e-005
      1.87500      1.65420 1.42168e-005
      1.88000      1.65420 1.38018e-005
      1.88500      1.65420 1.40658e-005
      1.89000      1.65420 1.43309e-005
      1.89500      1.65420 1.43679e-005
      1.90000      1.65420 1.44069e-005
      1.90500      1.65420 1.46739e-005
      1.91000      1.65420 1.44819e-005
      1.91500      1.65420 1.45199e-005
      1.92000      1.65420 1.45579e-005
      1.92500      1.65420 1.48280e-005
      1.93000      1.65420 1.48660e-005
      1.93500      1.65420 1.49050e-005
      1.94000      1.65420 1.49430e-005
      1.94500      1.65420 1.49820e-005
      1.95000      1.65420 1.50200e-005
      1.95500      1.65420 1.50590e-005
      1.96000      1.65420 1.50970e-005
      1.96500      1.65420 1.51360e-005
      1.97000      1.65420 1.51740e-005
      1.97500      1.65420 1.49760e-005
      1.98000      1.65420 1.50130e-005
      1.98500      1.65420 1.50510e-005
      1.99000      1.65420 1.50890e-005
      1.99500      1.65420 1.51260e-005
      2.00000      1.65420 1.51640e-005
      2.00500      1.65420 1.52020e-005
      2.01000      1.65420 1.49980e-005
      2.01500      1.65420 1.50350e-005
      2.02000      1.65420 1.48300e-005
      2.02500      1.65420 1.51100e-005
      2.03000      1.65420 1.49030e-005
      2.03500      1.65420 1.49400e-005
      2.04000      1.65420 1.49760e-005
      2.04500      1.65420 1.50130e-005
      2.05000      1.65420 1.50490e-005
      2.05500      1.65420 1.48390e-005
      2.06000      1.65420 1.48750e-005
      2.06500      1.65420 1.49110e-005
      2.07000      1.65420 1.49470e-005
      2.07500      1.65420 1.49830e-005
      2.08000      1.65420 1.50190e-005
      2.08500      1.65420 1.48040e-005
      2.09000      1.65420 1.50910e-005
      2.09500      1.65420 1.51270e-005
      2.10000      1.65420 1.49100e-005
      2.10500      1.65420 1.49460e-005
      2.11000      1.65420 1.49820e-005
      2.11500      1.65420 1.50170e-005
      2.12000      1.65420 1.50520e-005
      2.12500      1.65420 1.50880e-005
      2.13000      1.65420 1.48670e-005
      2.13500      1.65420 1.49020e-005
      2.14000      1.65420 1.49370e-005
      2.14500      1.65420 1.49720e-005
      2.15000      1.65420 1.47479e-005
      2.15500      1.65420 1.47820e-005
      2.16000      1.65420 1.48170e-005
      2.16500      1.65420 1.48500e-005
      2.17000      1.65420 1.51460e-005
      2.17500      1.65420 1.51810e-005
      2.18000      1.65420 1.52160e-005
      2.18500      1.65420 1.52511e-005
      2.19000      1.65420 1.52851e-005
      2.19500      1.65420 1.53211e-005
      2.20000      1.65420 1.50910e-005
      2.20500      1.65420 1.53901e-005
      2.21000      1.65420 1.54251e-005
      2.21500      1.65420 1.54601e-005
      2.22000      1.65420 1.52280e-005
      2.22500      1.65420 1.55301e-005
      2.23000      1.65420 1.55651e-005
      2.23500      1.65420 1.55991e-005
      2.24000      1.65420 1.56341e-005
      2.24500      1.65420 1.56701e-005
      2.25000      1.65420 1.57051e-005
      2.25500      1.65420 1.57391e-005
      2.26000      1.65420 1.57742e-005
      2.26500      1.65420 1.58092e-005
      2.27000      1.65420 1.58442e-005
      2.27500      1.65420 1.58792e-005
      2.28000      1.65420 1.59142e-005
      2.28500      1.65420 1.62232e-005
      2.29000      1.65420 1.62603e-005
      2.29500      1.65420 1.62953e-005
      2.30000      1.65420 1.63303e-005
      2.30500      1.65420 1.63653e-005
      2.31000      1.65420 1.64023e-005
      2.31500      1.65420 1.64373e-005
      2.32000      1.65420 1.67513e-005
      2.32500      1.65420 1.67884e-005
      2.33000      1.65420 1.68244e-005
      2.33500      1.65420 1.71424e-005
      2.34000      1.65420 1.68964e-005
      2.34500      1.65420 1.66493e-005
      2.35000      1.65420 1.64023e-005
      2.35500      1.65420 1.64373e-005
      2.36000      1.65420 1.61882e-005
      2.36500      1.65420 1.65073e-005
      2.37000      1.65420 1.62573e-005
      2.37500      1.65420 1.62913e-005
      2.38000      1.65420 1.66113e-005
      2.38500      1.65420 1.66473e-005
      2.39000      1.65420 1.66803e-005
      2.39500      1.65420 1.67163e-005
      2.40000      1.65420 1.67513e-005
      2.40500      1.65420 1.64973e-005
      2.41000      1.65420 1.68214e-005
      2.41500      1.65420 1.68554e-005
      2.42000      1.65420 1.68904e-005
      2.42500      1.65420 1.69264e-005
      2.43000      1.65420 1.66683e-005
      2.43500      1.65420 1.69954e-005
      2.44000      1.65420 1.70304e-005
      2.44500      1.65420 1.70654e-005
      2.45000      1.65420 1.68064e-005
      2.45500      1.65420 1.71354e-005
      2.46000      1.65420 1.71694e-005
      2.46500      1.65420 1.72054e-005
      2.47000      1.65420 1.72404e-005
      2.47500      1.65420 1.78711e-005
      2.48000      1.65420 1.76080e-005
      2.48500      1.65420 1.76440e-005
      2.49000      1.65420 1.73795e-005
      2.49500      1.65420 1.74145e-005
      2.50000      1.65420 1.74495e-005
      2.50500      1.65420 1.74845e-005
      2.51000      1.65420 1.75190e-005
      2.51500      1.65420 1.72515e-005
      2.52000      1.65420 1.75890e-005
      2.52500      1.65420 1.73205e-005
      2.53000      1.65420 1.70494e-005
      2.53500      1.65420 1.70834e-005
      2.54000      1.65420 1.68114e-005
      2.54500      1.65420 1.68444e-005
      2.55000      1.65420 1.65703e-005
      2.55500      1.65420 1.62963e-005
      2.56000      1.65420 1.66353e-005
      2.56500      1.65420 1.63593e-005
      2.57000      1.65420 1.60812e-005
      2.57500      1.65420 1.58032e-005
      2.58000      1.65420 1.55231e-005
      2.58500      1.65420 1.55531e-005
      2.59000      1.65420 1.58952e-005
      2.59500      1.65420 1.56131e-005
      2.60000      1.65420 1.47059e-005
