Andesite, from Pollack et al., Icarus, 19, 372-389, 1973
Wavelengths < 5 microns, from Table II
Wavelengths >= 5 microns, Calculated from oscillator parameters
  wavelength  real index  imag. index
 0.2700E+00  1.5000E+00   9.1000e-04
 0.2900E+00  1.4800E+00   9.1000e-04
 0.3000E+00  1.4700E+00   9.1000e-04
 0.3200E+00  1.4700E+00   9.9000e-04
 0.3400E+00  1.4700E+00   1.0000e-03
 0.3600E+00  1.4700E+00   1.1000e-03
 0.3800E+00  1.4700E+00   1.1000e-03
 0.4000E+00  1.4700E+00   1.2000e-03
 0.4200E+00  1.4700E+00   1.2000e-03
 0.4400E+00  1.4700E+00   1.3000e-03
 0.4600E+00  1.4700E+00   1.3000e-03
 0.4800E+00  1.4700E+00   1.3000e-03
 0.5000E+00  1.4700E+00   1.4000e-03
 0.5200E+00  1.4700E+00   1.4000e-03
 0.5400E+00  1.4700E+00   1.4000e-03
 0.5600E+00  1.4700E+00   1.5000e-03
 0.5800E+00  1.4700E+00   1.5000e-03
 0.6000E+00  1.4700E+00   1.5000e-03
 0.7000E+00  1.4700E+00   1.7000e-03
 0.8000E+00  1.4700E+00   1.9000e-03
 0.9000E+00  1.4700E+00   2.1000e-03
 1.0000E+00  1.4700E+00   2.3000e-03
 1.1000E+00  1.4700E+00   2.5000e-03
 1.2000E+00  1.4700E+00   2.7000e-03
 1.3000E+00  1.4700E+00   2.9000e-03
 1.4000E+00  1.4700E+00   3.0000e-03
 1.5000E+00  1.4700E+00   3.2000e-03
 1.6000E+00  1.4680E+00   3.3000e-03
 1.7000E+00  1.4660E+00   3.4000e-03
 1.8000E+00  1.4640E+00   3.5000e-03
 1.9000E+00  1.4620E+00   3.6000e-03
 2.0000E+00  1.4600E+00   3.8000e-03
 2.1000E+00  1.4600E+00   3.8000e-03
 2.2000E+00  1.4600E+00   3.9000e-03
 2.3000E+00  1.4600E+00   4.0000e-03
 2.4000E+00  1.4600E+00   4.1000e-03
 2.5000E+00  1.4600E+00   4.1000e-03
 2.5500E+00  1.4600E+00   4.2000e-03
 2.6000E+00  1.4600E+00   4.2000e-03
 2.6500E+00  1.4600E+00   4.4000e-03
 2.7000E+00  1.4600E+00   4.5000e-03
 2.7500E+00  1.4600E+00   5.0000e-03
 2.8000E+00  1.4600E+00   5.3000e-03
 2.8500E+00  1.4600E+00   5.4000e-03
 2.9000E+00  1.4600E+00   5.6000e-03
 2.9500E+00  1.4600E+00   5.6000e-03
 3.0000E+00  1.4600E+00   5.6000e-03
 3.0500E+00  1.4585E+00   5.5000e-03
 3.1000E+00  1.4570E+00   5.5000e-03
 3.1500E+00  1.4555E+00   5.5000e-03
 3.2000E+00  1.4540E+00   5.4000e-03
 3.2500E+00  1.4525E+00   5.5000e-03
 3.3000E+00  1.4510E+00   5.6000e-03
 3.3500E+00  1.4495E+00   5.6000e-03
 3.4000E+00  1.4480E+00   5.6000e-03
 3.4500E+00  1.4465E+00   5.7000e-03
 3.5000E+00  1.4450E+00   5.8000e-03
 3.6000E+00  1.4420E+00   6.0000e-03
 3.7000E+00  1.4390E+00   6.0000e-03
 3.8000E+00  1.4360E+00   6.1000e-03
 3.9000E+00  1.4330E+00   6.1000e-03
 4.0000E+00  1.4300E+00   6.3000e-03
 4.2500E+00  1.4200E+00   6.8000e-03
 4.5000E+00  1.4200E+00   7.3000e-03
 4.7500E+00  1.4100E+00   7.8000e-03
 5.0000E+00  1.4002E+00   4.4996E-03
 5.2500E+00  1.3892E+00   5.5728E-03
 5.5000E+00  1.3769E+00   6.9038E-03
 5.7500E+00  1.3630E+00   8.5681E-03
 6.0000E+00  1.3472E+00   1.0671E-02
 6.2500E+00  1.3291E+00   1.3362E-02
 6.5000E+00  1.3082E+00   1.6862E-02
 6.7500E+00  1.2839E+00   2.1500E-02
 7.0000E+00  1.2552E+00   2.7795E-02
 7.2500E+00  1.2208E+00   3.6600E-02
 7.5000E+00  1.1787E+00   4.9389E-02
 7.7500E+00  1.1261E+00   6.8900E-02
 8.0000E+00  1.0590E+00   1.0066E-01
 8.2500E+00  9.7222E-01   1.5698E-01
 8.5000E+00  8.6605E-01   2.6698E-01
 8.7500E+00  7.8500E-01   4.8070E-01
 9.0000E+00  8.5396E-01   7.7211E-01
 9.2500E+00  1.1104E+00   9.5416E-01
 9.5000E+00  1.3103E+00   9.2348E-01
 9.7500E+00  1.3828E+00   9.6588E-01
 1.0000E+01  1.5980E+00   1.0485E+00
 1.0250E+01  1.8256E+00   9.4158E-01
 1.0500E+01  1.9293E+00   8.5786E-01
 1.0750E+01  2.1490E+00   7.1127E-01
 1.1000E+01  2.1571E+00   4.2343E-01
 1.1250E+01  2.0547E+00   2.7131E-01
 1.1500E+01  1.9635E+00   1.9709E-01
 1.1750E+01  1.8913E+00   1.5598E-01
 1.2000E+01  1.8328E+00   1.3102E-01
 1.2250E+01  1.7839E+00   1.1513E-01
 1.2500E+01  1.7413E+00   1.0494E-01
 1.2750E+01  1.7033E+00   9.8688E-02
 1.3000E+01  1.6682E+00   9.5429E-02
 1.3250E+01  1.6350E+00   9.4659E-02
 1.3500E+01  1.6029E+00   9.6171E-02
 1.3750E+01  1.5712E+00   9.9983E-02
 1.4000E+01  1.5391E+00   1.0632E-01
 1.4250E+01  1.5062E+00   1.1567E-01
 1.4500E+01  1.4719E+00   1.2881E-01
 1.4750E+01  1.4359E+00   1.4702E-01
 1.5000E+01  1.3979E+00   1.7226E-01
 1.5250E+01  1.3587E+00   2.0747E-01
 1.5500E+01  1.3207E+00   2.5680E-01
 1.5750E+01  1.2905E+00   3.2486E-01
 1.6000E+01  1.2813E+00   4.1287E-01
 1.6250E+01  1.3106E+00   5.0942E-01
 1.6500E+01  1.3845E+00   5.8433E-01
 1.6750E+01  1.4768E+00   6.0780E-01
 1.7000E+01  1.5446E+00   5.8605E-01
 1.7250E+01  1.5716E+00   5.5543E-01
 1.7500E+01  1.5734E+00   5.4333E-01
 1.7750E+01  1.5732E+00   5.5554E-01
 1.8000E+01  1.5887E+00   5.8323E-01
 1.8250E+01  1.6269E+00   6.0970E-01
 1.8500E+01  1.6819E+00   6.1778E-01
 1.8750E+01  1.7374E+00   5.9969E-01
 1.9000E+01  1.7776E+00   5.6119E-01
 1.9250E+01  1.7960E+00   5.1521E-01
 1.9500E+01  1.7951E+00   4.7284E-01
 1.9750E+01  1.7811E+00   4.3982E-01
 2.0000E+01  1.7596E+00   4.1776E-01
 2.0250E+01  1.7348E+00   4.0623E-01
 2.0500E+01  1.7094E+00   4.0416E-01
 2.0750E+01  1.6853E+00   4.1045E-01
 2.1000E+01  1.6639E+00   4.2407E-01
 2.1250E+01  1.6464E+00   4.4409E-01
 2.1500E+01  1.6338E+00   4.6954E-01
 2.1750E+01  1.6272E+00   4.9928E-01
 2.2000E+01  1.6275E+00   5.3193E-01
 2.2250E+01  1.6354E+00   5.6580E-01
 2.2500E+01  1.6512E+00   5.9893E-01
 2.2750E+01  1.6744E+00   6.2926E-01
 2.3000E+01  1.7042E+00   6.5481E-01
 2.3250E+01  1.7388E+00   6.7393E-01
 2.3500E+01  1.7763E+00   6.8561E-01
 2.3750E+01  1.8143E+00   6.8955E-01
 2.4000E+01  1.8505E+00   6.8626E-01
 2.4250E+01  1.8831E+00   6.7692E-01
 2.4500E+01  1.9107E+00   6.6320E-01
 2.4750E+01  1.9325E+00   6.4700E-01
 2.5000E+01  1.9485E+00   6.3030E-01
 2.5250E+01  1.9590E+00   6.1507E-01
 2.5500E+01  1.9648E+00   6.0330E-01
 2.5750E+01  1.9674E+00   5.9712E-01
 2.6000E+01  1.9699E+00   5.9885E-01
 2.6250E+01  1.9782E+00   6.0983E-01
 2.6500E+01  2.0023E+00   6.2536E-01
 2.6750E+01  2.0459E+00   6.2760E-01
 2.7000E+01  2.0886E+00   6.0129E-01
 2.7250E+01  2.1082E+00   5.6136E-01
 2.7500E+01  2.1090E+00   5.2809E-01
 2.7750E+01  2.1029E+00   5.0606E-01
 2.8000E+01  2.0963E+00   4.9262E-01
 2.8250E+01  2.0915E+00   4.8471E-01
 2.8500E+01  2.0893E+00   4.8016E-01
 2.8750E+01  2.0895E+00   4.7753E-01
 2.9000E+01  2.0921E+00   4.7584E-01
 2.9250E+01  2.0967E+00   4.7438E-01
 2.9500E+01  2.1030E+00   4.7263E-01
 2.9750E+01  2.1108E+00   4.7021E-01
 3.0000E+01  2.1196E+00   4.6685E-01
 3.0250E+01  2.1291E+00   4.6239E-01
 3.0500E+01  2.1390E+00   4.5672E-01
 3.0750E+01  2.1490E+00   4.4985E-01
 3.1000E+01  2.1588E+00   4.4183E-01
 3.1250E+01  2.1681E+00   4.3276E-01
 3.1500E+01  2.1768E+00   4.2278E-01
 3.1750E+01  2.1847E+00   4.1205E-01
 3.2000E+01  2.1918E+00   4.0073E-01
 3.2250E+01  2.1979E+00   3.8900E-01
 3.2500E+01  2.2032E+00   3.7701E-01
 3.2750E+01  2.2075E+00   3.6491E-01
 3.3000E+01  2.2109E+00   3.5282E-01
 3.3250E+01  2.2135E+00   3.4084E-01
 3.3500E+01  2.2153E+00   3.2907E-01
 3.3750E+01  2.2165E+00   3.1758E-01
 3.4000E+01  2.2169E+00   3.0642E-01
 3.4250E+01  2.2169E+00   2.9562E-01
 3.4500E+01  2.2163E+00   2.8522E-01
 3.4750E+01  2.2153E+00   2.7523E-01
 3.5000E+01  2.2140E+00   2.6566E-01
 3.5250E+01  2.2123E+00   2.5651E-01
 3.5500E+01  2.2103E+00   2.4777E-01
 3.5750E+01  2.2081E+00   2.3944E-01
 3.6000E+01  2.2058E+00   2.3150E-01
 3.6250E+01  2.2032E+00   2.2395E-01
 3.6500E+01  2.2006E+00   2.1676E-01
 3.6750E+01  2.1978E+00   2.0992E-01
 3.7000E+01  2.1950E+00   2.0341E-01
 3.7250E+01  2.1921E+00   1.9722E-01
 3.7500E+01  2.1892E+00   1.9134E-01
 3.7750E+01  2.1863E+00   1.8574E-01
 3.8000E+01  2.1833E+00   1.8041E-01
 3.8250E+01  2.1804E+00   1.7533E-01
 3.8500E+01  2.1774E+00   1.7050E-01
 3.8750E+01  2.1745E+00   1.6589E-01
 3.9000E+01  2.1716E+00   1.6149E-01
 3.9250E+01  2.1688E+00   1.5730E-01
 3.9500E+01  2.1659E+00   1.5330E-01
 3.9750E+01  2.1631E+00   1.4948E-01
 4.0000E+01  2.1604E+00   1.4583E-01
 4.0250E+01  2.1576E+00   1.4234E-01
 4.0500E+01  2.1550E+00   1.3900E-01
 4.0750E+01  2.1523E+00   1.3580E-01
 4.1000E+01  2.1497E+00   1.3274E-01
 4.1250E+01  2.1472E+00   1.2980E-01
 4.1500E+01  2.1447E+00   1.2698E-01
 4.1750E+01  2.1423E+00   1.2428E-01
 4.2000E+01  2.1399E+00   1.2169E-01
 4.2250E+01  2.1375E+00   1.1919E-01
 4.2500E+01  2.1352E+00   1.1679E-01
 4.2750E+01  2.1329E+00   1.1449E-01
 4.3000E+01  2.1307E+00   1.1227E-01
 4.3250E+01  2.1286E+00   1.1013E-01
 4.3500E+01  2.1264E+00   1.0808E-01
 4.3750E+01  2.1244E+00   1.0609E-01
 4.4000E+01  2.1223E+00   1.0418E-01
 4.4250E+01  2.1203E+00   1.0233E-01
 4.4500E+01  2.1184E+00   1.0055E-01
 4.4750E+01  2.1164E+00   9.8824E-02
 4.5000E+01  2.1146E+00   9.7160E-02
 4.5250E+01  2.1127E+00   9.5550E-02
 4.5500E+01  2.1109E+00   9.3993E-02
 4.5750E+01  2.1092E+00   9.2487E-02
 4.6000E+01  2.1075E+00   9.1028E-02
 4.6250E+01  2.1058E+00   8.9615E-02
 4.6500E+01  2.1041E+00   8.8246E-02
 4.6750E+01  2.1025E+00   8.6919E-02
 4.7000E+01  2.1009E+00   8.5631E-02
 4.7250E+01  2.0993E+00   8.4382E-02
 4.7500E+01  2.0978E+00   8.3170E-02
 4.7750E+01  2.0963E+00   8.1993E-02
 4.8000E+01  2.0949E+00   8.0849E-02
 4.8250E+01  2.0934E+00   7.9738E-02
 4.8500E+01  2.0920E+00   7.8658E-02
 4.8750E+01  2.0906E+00   7.7608E-02
 4.9000E+01  2.0893E+00   7.6586E-02
 4.9250E+01  2.0879E+00   7.5592E-02
 4.9500E+01  2.0866E+00   7.4624E-02
 4.9750E+01  2.0854E+00   7.3682E-02
 5.0000E+01  2.0841E+00   7.2764E-02
