Basaltic glass data from Pollack et al., Icarus, 19, 372-389, 1973
and Lamy, Icarus, 34, 68-75, 1977
0.1 <= wavelength < 0.42 microns, from Lamy
0.42 < wavelength < 5 micrometers from Pollack Table II
wavelengths > 5 micrometers calculated from Pollack oscillator paramters
  wavelength  real index  imag. index
 0.1000E+00  1.4200E+00   6.5000E-01
 0.1050E+00  1.4800E+00   6.8000E-01
 0.1100E+00  1.5800E+00   6.6000E-01
 0.1150E+00  1.6200E+00   6.0000E-01
 0.1200E+00  1.6200E+00   5.9000E-01
 0.1250E+00  1.6800E+00   6.1000E-01
 0.1300E+00  1.7900E+00   6.0000E-01
 0.1350E+00  1.8900E+00   5.1000E-01
 0.1400E+00  1.9400E+00   3.9000E-01
 0.1450E+00  1.9200E+00   2.6000E-01
 0.1500E+00  1.8700E+00   1.8000E-01
 0.1550E+00  1.8100E+00   1.4000E-01
 0.1600E+00  1.7600E+00   1.3000E-01
 0.1650E+00  1.7400E+00   1.2000E-01
 0.1700E+00  1.7200E+00   1.1000E-01
 0.1750E+00  1.7000E+00   1.1000E-01
 0.1800E+00  1.6800E+00   1.1000E-01
 0.1850E+00  1.6800E+00   1.0000E-01
 0.1900E+00  1.6700E+00   9.6000E-02
 0.1950E+00  1.6600E+00   9.3000E-02
 0.2000E+00  1.6500E+00   9.0000E-02
 0.2100E+00  1.6300E+00   8.7000E-02
 0.2200E+00  1.6300E+00   8.6000E-02
 0.2300E+00  1.6200E+00   8.3000E-02
 0.2400E+00  1.6200E+00   7.8000E-02
 0.2500E+00  1.6200E+00   7.3000E-02
 0.2600E+00  1.6200E+00   6.8000E-02
 0.2700E+00  1.6100E+00   5.8000E-02
 0.2800E+00  1.6100E+00   5.0000E-02
 0.2900E+00  1.6100E+00   4.2000E-02
 0.3000E+00  1.6000E+00   3.0000E-02
 0.3100E+00  1.6000E+00   2.0000E-02
 0.3200E+00  1.6000E+00   1.4000E-02
 0.3300E+00  1.6000E+00   9.0000E-03
 0.3400E+00  1.5900E+00   5.8000E-03
 0.3500E+00  1.5900E+00   3.9000E-03
 0.3600E+00  1.5900E+00   2.7000E-03
 0.3700E+00  1.5800E+00   2.0000E-03
 0.3800E+00  1.5800E+00   1.4000E-03
 0.3900E+00  1.5800E+00   1.1000E-03
 0.4000E+00  1.5800E+00   9.0000E-04
 0.4200E+00  1.5700E+00   7.6000E-04
 4.4000E-01  1.5700E+00   5.4000E-04
 4.6000E-01  1.5700E+00   5.1000E-04
 4.8000E-01  1.5700E+00   5.0000E-04
 5.0000E-01  1.5700E+00   4.8000E-04
 5.2000E-01  1.5700E+00   4.7000E-04
 5.4000E-01  1.5700E+00   4.6000E-04
 5.6000E-01  1.5700E+00   4.5000E-04
 5.8000E-01  1.5700E+00   4.4000E-04
 6.0000E-01  1.5700E+00   4.3000E-04
 7.0000E-01  1.5600E+00   4.7000E-04
 8.0000E-01  1.5600E+00   5.3000E-04
 9.0000E-01  1.5500E+00   5.6000E-04
 1.0000E+00  1.5500E+00   5.8000E-04
 1.1000E+00  1.5500E+00   6.0000E-04
 1.2000E+00  1.5500E+00   6.2000E-04
 1.3000E+00  1.5400E+00   6.3000E-04
 1.4000E+00  1.5400E+00   6.3000E-04
 1.5000E+00  1.5400E+00   6.3000E-04
 1.6000E+00  1.5400E+00   6.1000E-04
 1.7000E+00  1.5400E+00   6.0000E-04
 1.8000E+00  1.5400E+00   5.7000E-04
 1.9000E+00  1.5400E+00   5.5000E-04
 2.0000E+00  1.5400E+00   5.0000E-04
 2.1000E+00  1.5400E+00   4.6000E-04
 2.2000E+00  1.5400E+00   4.1000E-04
 2.3000E+00  1.5300E+00   3.6000E-04
 2.4000E+00  1.5300E+00   3.0000E-04
 2.5000E+00  1.5300E+00   2.5000E-04
 2.5500E+00  1.5300E+00   2.6000E-04
 2.6000E+00  1.5300E+00   2.6000E-04
 2.6500E+00  1.5300E+00   2.6000E-04
 2.7000E+00  1.5300E+00   2.6000E-04
 2.7500E+00  1.5250E+00   3.4000E-04
 2.8000E+00  1.5200E+00   4.7000E-04
 2.8500E+00  1.5200E+00   5.0000E-04
 2.9000E+00  1.5200E+00   5.1000E-04
 2.9500E+00  1.5200E+00   4.9000E-04
 3.0000E+00  1.5200E+00   4.7000E-04
 3.0500E+00  1.5200E+00   4.5000E-04
 3.1000E+00  1.5200E+00   4.4000E-04
 3.1500E+00  1.5200E+00   4.2000E-04
 3.2000E+00  1.5200E+00   4.1000E-04
 3.2500E+00  1.5200E+00   4.0000E-04
 3.3000E+00  1.5100E+00   3.8000E-04
 3.3500E+00  1.5100E+00   3.8000E-04
 3.4000E+00  1.5100E+00   3.6000E-04
 3.4500E+00  1.5100E+00   3.5000E-04
 3.5000E+00  1.5100E+00   3.5000E-04
 3.6000E+00  1.5100E+00   3.4000E-04
 3.7000E+00  1.5100E+00   3.3000E-04
 3.8000E+00  1.5000E+00   3.2000E-04
 3.9000E+00  1.5000E+00   3.2000E-04
 4.0000E+00  1.5000E+00   3.7000E-04
 4.2500E+00  1.4900E+00   3.6000E-04
 4.5000E+00  1.4800E+00   5.3000E-04
 4.7500E+00  1.4700E+00   8.7000E-04
 5.0000E+00  1.4595E+00   8.6000E-03
 5.2500E+00  1.4471E+00   1.0650E-02
 5.5000E+00  1.4332E+00   1.3186E-02
 5.7500E+00  1.4175E+00   1.6345E-02
 6.0000E+00  1.3998E+00   2.0315E-02
 6.2500E+00  1.3797E+00   2.5358E-02
 6.5000E+00  1.3567E+00   3.1845E-02
 6.7500E+00  1.3302E+00   4.0319E-02
 7.0000E+00  1.2994E+00   5.1591E-02
 7.2500E+00  1.2633E+00   6.6911E-02
 7.5000E+00  1.2208E+00   8.8275E-02
 7.7500E+00  1.1705E+00   1.1897E-01
 8.0000E+00  1.1114E+00   1.6458E-01
 8.2500E+00  1.0447E+00   2.3450E-01
 8.5000E+00  9.7848E-01   3.4285E-01
 8.7500E+00  9.3722E-01   5.0167E-01
 9.0000E+00  9.5883E-01   7.0038E-01
 9.2500E+00  1.0678E+00   8.9917E-01
 9.5000E+00  1.2586E+00   1.0464E+00
 9.7500E+00  1.4861E+00   1.1008E+00
 1.0000E+01  1.6860E+00   1.0786E+00
 1.0250E+01  1.8615E+00   1.0335E+00
 1.0500E+01  2.0491E+00   9.3722E-01
 1.0750E+01  2.1780E+00   7.5342E-01
 1.1000E+01  2.1994E+00   5.6451E-01
 1.1250E+01  2.1621E+00   4.2640E-01
 1.1500E+01  2.1092E+00   3.3458E-01
 1.1750E+01  2.0569E+00   2.7334E-01
 1.2000E+01  2.0096E+00   2.3136E-01
 1.2250E+01  1.9677E+00   2.0178E-01
 1.2500E+01  1.9305E+00   1.8055E-01
 1.2750E+01  1.8972E+00   1.6516E-01
 1.3000E+01  1.8671E+00   1.5406E-01
 1.3250E+01  1.8395E+00   1.4621E-01
 1.3500E+01  1.8140E+00   1.4096E-01
 1.3750E+01  1.7900E+00   1.3783E-01
 1.4000E+01  1.7674E+00   1.3654E-01
 1.4250E+01  1.7457E+00   1.3687E-01
 1.4500E+01  1.7248E+00   1.3870E-01
 1.4750E+01  1.7045E+00   1.4197E-01
 1.5000E+01  1.6846E+00   1.4664E-01
 1.5250E+01  1.6651E+00   1.5275E-01
 1.5500E+01  1.6458E+00   1.6033E-01
 1.5750E+01  1.6268E+00   1.6948E-01
 1.6000E+01  1.6079E+00   1.8028E-01
 1.6250E+01  1.5891E+00   1.9289E-01
 1.6500E+01  1.5706E+00   2.0746E-01
 1.6750E+01  1.5523E+00   2.2417E-01
 1.7000E+01  1.5345E+00   2.4322E-01
 1.7250E+01  1.5173E+00   2.6482E-01
 1.7500E+01  1.5010E+00   2.8919E-01
 1.7750E+01  1.4859E+00   3.1652E-01
 1.8000E+01  1.4725E+00   3.4697E-01
 1.8250E+01  1.4614E+00   3.8064E-01
 1.8500E+01  1.4531E+00   4.1753E-01
 1.8750E+01  1.4484E+00   4.5747E-01
 1.9000E+01  1.4480E+00   5.0017E-01
 1.9250E+01  1.4527E+00   5.4511E-01
 1.9500E+01  1.4631E+00   5.9156E-01
 1.9750E+01  1.4797E+00   6.3862E-01
 2.0000E+01  1.5029E+00   6.8523E-01
 2.0250E+01  1.5329E+00   7.3021E-01
 2.0500E+01  1.5694E+00   7.7231E-01
 2.0750E+01  1.6121E+00   8.1032E-01
 2.1000E+01  1.6604E+00   8.4309E-01
 2.1250E+01  1.7132E+00   8.6960E-01
 2.1500E+01  1.7694E+00   8.8905E-01
 2.1750E+01  1.8277E+00   9.0092E-01
 2.2000E+01  1.8866E+00   9.0498E-01
 2.2250E+01  1.9446E+00   9.0139E-01
 2.2500E+01  2.0005E+00   8.9059E-01
 2.2750E+01  2.0531E+00   8.7335E-01
 2.3000E+01  2.1013E+00   8.5063E-01
 2.3250E+01  2.1447E+00   8.2354E-01
 2.3500E+01  2.1829E+00   7.9318E-01
 2.3750E+01  2.2158E+00   7.6064E-01
 2.4000E+01  2.2435E+00   7.2689E-01
 2.4250E+01  2.2664E+00   6.9275E-01
 2.4500E+01  2.2849E+00   6.5888E-01
 2.4750E+01  2.2994E+00   6.2580E-01
 2.5000E+01  2.3105E+00   5.9387E-01
 2.5250E+01  2.3187E+00   5.6334E-01
 2.5500E+01  2.3243E+00   5.3438E-01
 2.5750E+01  2.3277E+00   5.0704E-01
 2.6000E+01  2.3295E+00   4.8136E-01
 2.6250E+01  2.3297E+00   4.5731E-01
 2.6500E+01  2.3288E+00   4.3483E-01
 2.6750E+01  2.3269E+00   4.1386E-01
 2.7000E+01  2.3242E+00   3.9432E-01
 2.7250E+01  2.3210E+00   3.7610E-01
 2.7500E+01  2.3172E+00   3.5914E-01
 2.7750E+01  2.3131E+00   3.4333E-01
 2.8000E+01  2.3088E+00   3.2860E-01
 2.8250E+01  2.3042E+00   3.1485E-01
 2.8500E+01  2.2995E+00   3.0203E-01
 2.8750E+01  2.2947E+00   2.9004E-01
 2.9000E+01  2.2899E+00   2.7883E-01
 2.9250E+01  2.2851E+00   2.6834E-01
 2.9500E+01  2.2803E+00   2.5851E-01
 2.9750E+01  2.2755E+00   2.4929E-01
 3.0000E+01  2.2708E+00   2.4062E-01
 3.0250E+01  2.2662E+00   2.3248E-01
 3.0500E+01  2.2616E+00   2.2481E-01
 3.0750E+01  2.2571E+00   2.1759E-01
 3.1000E+01  2.2527E+00   2.1078E-01
 3.1250E+01  2.2484E+00   2.0434E-01
 3.1500E+01  2.2442E+00   1.9826E-01
 3.1750E+01  2.2401E+00   1.9250E-01
 3.2000E+01  2.2361E+00   1.8704E-01
 3.2250E+01  2.2322E+00   1.8187E-01
 3.2500E+01  2.2284E+00   1.7695E-01
 3.2750E+01  2.2248E+00   1.7229E-01
 3.3000E+01  2.2212E+00   1.6785E-01
 3.3250E+01  2.2177E+00   1.6362E-01
 3.3500E+01  2.2142E+00   1.5959E-01
 3.3750E+01  2.2109E+00   1.5575E-01
 3.4000E+01  2.2077E+00   1.5208E-01
 3.4250E+01  2.2046E+00   1.4858E-01
 3.4500E+01  2.2015E+00   1.4523E-01
 3.4750E+01  2.1985E+00   1.4202E-01
 3.5000E+01  2.1956E+00   1.3895E-01
 3.5250E+01  2.1928E+00   1.3601E-01
 3.5500E+01  2.1901E+00   1.3319E-01
 3.5750E+01  2.1874E+00   1.3048E-01
 3.6000E+01  2.1848E+00   1.2788E-01
 3.6250E+01  2.1823E+00   1.2538E-01
 3.6500E+01  2.1798E+00   1.2297E-01
 3.6750E+01  2.1774E+00   1.2066E-01
 3.7000E+01  2.1751E+00   1.1843E-01
 3.7250E+01  2.1728E+00   1.1628E-01
 3.7500E+01  2.1706E+00   1.1422E-01
 3.7750E+01  2.1685E+00   1.1222E-01
 3.8000E+01  2.1664E+00   1.1029E-01
 3.8250E+01  2.1643E+00   1.0843E-01
 3.8500E+01  2.1623E+00   1.0663E-01
 3.8750E+01  2.1604E+00   1.0490E-01
 3.9000E+01  2.1585E+00   1.0322E-01
 3.9250E+01  2.1566E+00   1.0159E-01
 3.9500E+01  2.1548E+00   1.0001E-01
 3.9750E+01  2.1530E+00   9.8490E-02
 4.0000E+01  2.1513E+00   9.7012E-02
 4.0250E+01  2.1496E+00   9.5579E-02
 4.0500E+01  2.1480E+00   9.4190E-02
 4.0750E+01  2.1464E+00   9.2841E-02
 4.1000E+01  2.1448E+00   9.1532E-02
 4.1250E+01  2.1433E+00   9.0261E-02
 4.1500E+01  2.1418E+00   8.9027E-02
 4.1750E+01  2.1403E+00   8.7827E-02
 4.2000E+01  2.1389E+00   8.6660E-02
 4.2250E+01  2.1375E+00   8.5525E-02
 4.2500E+01  2.1361E+00   8.4421E-02
 4.2750E+01  2.1347E+00   8.3347E-02
 4.3000E+01  2.1334E+00   8.2301E-02
 4.3250E+01  2.1322E+00   8.1282E-02
 4.3500E+01  2.1309E+00   8.0290E-02
 4.3750E+01  2.1297E+00   7.9322E-02
 4.4000E+01  2.1285E+00   7.8379E-02
 4.4250E+01  2.1273E+00   7.7460E-02
 4.4500E+01  2.1261E+00   7.6563E-02
 4.4750E+01  2.1250E+00   7.5687E-02
 4.5000E+01  2.1239E+00   7.4833E-02
 4.5250E+01  2.1228E+00   7.3999E-02
 4.5500E+01  2.1218E+00   7.3184E-02
 4.5750E+01  2.1207E+00   7.2389E-02
 4.6000E+01  2.1197E+00   7.1611E-02
 4.6250E+01  2.1187E+00   7.0851E-02
 4.6500E+01  2.1177E+00   7.0108E-02
 4.6750E+01  2.1168E+00   6.9382E-02
 4.7000E+01  2.1158E+00   6.8671E-02
 4.7250E+01  2.1149E+00   6.7976E-02
 4.7500E+01  2.1140E+00   6.7296E-02
 4.7750E+01  2.1131E+00   6.6630E-02
 4.8000E+01  2.1122E+00   6.5978E-02
 4.8250E+01  2.1114E+00   6.5340E-02
 4.8500E+01  2.1105E+00   6.4714E-02
 4.8750E+01  2.1097E+00   6.4102E-02
 4.9000E+01  2.1089E+00   6.3502E-02
 4.9250E+01  2.1081E+00   6.2913E-02
 4.9500E+01  2.1073E+00   6.2337E-02
 4.9750E+01  2.1066E+00   6.1771E-02
 5.0000E+01  2.1058E+00   6.1217E-02
