lambda	E-ray n	E-ray k (Wenrich and Christensen, 1996)
50.3	2.23	4.86E-03
49.8	2.24	4.97E-03
49.3	2.24	5.07E-03
49	2.24	5.19E-03
48.5	2.24	5.30E-03
48.1	2.25	5.42E-03
47.6	2.25	5.54E-03
47.2	2.25	5.67E-03
46.7	2.26	5.80E-03
46.3	2.26	5.93E-03
45.9	2.26	6.07E-03
45.5	2.27	6.21E-03
45	2.27	6.36E-03
44.6	2.27	6.51E-03
44.2	2.28	6.67E-03
43.9	2.28	6.84E-03
43.5	2.28	7.01E-03
43.3	2.29	7.18E-03
42.9	2.29	7.36E-03
42.6	2.3	7.55E-03
42.2	2.3	7.75E-03
41.8	2.3	7.95E-03
41.5	2.31	8.16E-03
41.2	2.31	8.38E-03
40.8	2.32	8.61E-03
40.5	2.32	8.85E-03
40.2	2.33	9.10E-03
39.8	2.33	9.36E-03
39.5	2.34	9.63E-03
39.2	2.34	9.91E-03
38.9	2.35	1.02E-02
38.8	2.35	1.05E-02
38.5	2.36	1.08E-02
38.2	2.37	1.12E-02
37.9	2.37	1.15E-02
37.6	2.38	1.19E-02
37.3	2.39	1.23E-02
37	2.39	1.27E-02
36.8	2.4	1.32E-02
36.5	2.41	1.36E-02
36.2	2.42	1.41E-02
36	2.42	1.47E-02
35.7	2.43	1.52E-02
35.5	2.44	1.58E-02
35.2	2.45	1.64E-02
35.1	2.46	1.71E-02
34.8	2.47	1.78E-02
34.6	2.48	1.85E-02
34.4	2.49	1.94E-02
34.1	2.5	2.02E-02
33.9	2.51	2.12E-02
33.7	2.52	2.22E-02
33.4	2.53	2.33E-02
33.2	2.55	2.44E-02
33	2.56	2.57E-02
32.8	2.58	2.71E-02
32.6	2.59	2.86E-02
32.4	2.61	3.03E-02
32.2	2.62	3.21E-02
32.1	2.64	3.41E-02
31.8	2.66	3.63E-02
31.6	2.68	3.88E-02
31.4	2.71	4.15E-02
31.3	2.73	4.46E-02
31.1	2.75	4.80E-02
30.9	2.78	5.19E-02
30.7	2.81	5.64E-02
30.5	2.84	6.15E-02
30.3	2.88	6.73E-02
30.1	2.92	7.41E-02
29.9	2.96	8.21E-02
29.8	3.01	9.15E-02
29.6	3.06	0.103
29.5	3.12	0.116
29.3	3.19	0.133
29.2	3.26	0.154
29	3.35	0.181
28.8	3.46	0.215
28.7	3.58	0.262
28.5	3.73	0.325
28.3	3.91	0.416
28.2	4.14	0.554
28	4.42	0.774
27.9	4.77	1.15
27.7	5.13	1.85
27.5	5.11	3.05
27.4	4.13	4.21
27.3	2.68	4.39
27.2	1.73	3.91
27	1.21	3.38
26.9	0.917	2.91
26.7	0.74	2.51
26.6	0.629	2.16
26.5	0.561	1.86
26.3	0.522	1.57
26.2	0.51	1.31
26	0.529	1.04
25.9	0.591	0.789
25.8	0.711	0.564
25.6	0.866	0.403
25.5	1.02	0.302
25.4	1.15	0.239
25.3	1.26	0.196
25.2	1.35	0.166
25.1	1.43	0.144
24.9	1.5	0.126
24.8	1.57	0.113
24.7	1.63	0.102
24.6	1.68	9.33E-02
24.4	1.73	8.62E-02
24.3	1.77	8.03E-02
24.2	1.82	7.55E-02
24.1	1.86	7.15E-02
24	1.89	6.83E-02
23.9	1.93	6.56E-02
23.8	1.97	6.34E-02
23.7	2	6.17E-02
23.6	2.03	6.04E-02
23.5	2.07	5.95E-02
23.4	2.1	5.89E-02
23.3	2.13	5.86E-02
23.1	2.16	5.87E-02
23	2.2	5.90E-02
22.9	2.23	5.97E-02
22.8	2.26	6.06E-02
22.7	2.3	6.19E-02
22.6	2.33	6.35E-02
22.5	2.37	6.55E-02
22.4	2.4	6.78E-02
22.3	2.44	7.06E-02
22.2	2.52	7.77E-02
22.1	2.57	8.21E-02
22	2.61	8.73E-02
21.9	2.66	9.32E-02
21.8	2.71	0.1
21.7	2.77	0.108
21.6	2.83	0.118
21.5	2.9	0.129
21.4	2.98	0.143
21.3	3.06	0.159
21.2	3.15	0.179
21.1	3.25	0.204
21	3.5	0.275
20.9	3.66	0.327
20.8	3.85	0.397
20.7	4.07	0.496
20.6	4.69	0.865
20.5	5.11	1.24
20.4	5.59	1.9
20.3	5.9	3.1
20.2	5.28	4.73
20.1	2.27	5.2
20	1.51	4.63
19.9	1.09	4.11
19.8	0.716	3.33
19.7	0.651	3.06
19.6	0.589	2.88
19.5	0.407	2.55
19.4	0.344	2.37
19.3	0.3	2.21
19.2	0.243	1.93
19.1	0.225	1.81
19	0.21	1.69
18.9	0.189	1.48
18.8	0.177	1.28
18.7	0.174	1.18
18.6	0.173	0.996
18.5	0.176	0.902
18.4	0.192	0.708
18.3	0.209	0.605
18.2	0.238	0.496
18.1	0.365	0.285
18	0.542	0.17
17.9	0.685	0.121
17.8	0.744	0.106
17.7	0.843	8.44E-02
17.6	0.886	7.67E-02
17.5	0.961	6.47E-02
17.4	1.03	5.58E-02
17.3	1.05	5.22E-02
17.2	1.11	4.61E-02
17.1	1.15	4.12E-02
17	1.19	3.72E-02
16.9	1.21	3.55E-02
16.8	1.25	3.25E-02
16.7	1.28	2.99E-02
16.6	1.31	2.78E-02
16.5	1.34	2.59E-02
16.4	1.35	2.50E-02
16.3	1.39	2.29E-02
16.2	1.42	2.16E-02
16.1	1.44	2.05E-02
16	1.46	1.96E-02
15.9	1.47	1.92E-02
15.8	1.49	1.84E-02
15.7	1.51	1.77E-02
15.6	1.53	1.69E-02
15.5	1.55	1.64E-02
15.4	1.56	1.60E-02
15.3	1.58	1.57E-02
15.2	1.6	1.54E-02
15.1	1.62	1.51E-02
15	1.63	1.49E-02
14.9	1.65	1.49E-02
14.8	1.67	1.49E-02
14.7	1.68	1.49E-02
14.6	1.7	1.51E-02
14.5	1.72	1.54E-02
14.4	1.74	1.59E-02
14.3	1.76	1.64E-02
14.2	1.77	1.70E-02
14.1	1.8	1.81E-02
14	1.81	1.91E-02
13.9	1.84	2.09E-02
13.8	1.87	2.35E-02
13.7	1.91	2.71E-02
13.6	1.93	3.03E-02
13.5	1.98	3.70E-02
13.4	2.03	4.75E-02
13.3	2.1	6.50E-02
13.2	2.21	9.75E-02
13.1	2.36	0.168
13	2.63	0.369
12.9	2.91	1.17
12.8	1.52	1.89
12.7	0.832	1
12.6	0.974	0.37
12.5	1.22	0.165
12.4	1.41	8.27E-02
12.3	1.5	5.76E-02
12.2	1.58	4.03E-02
12.1	1.63	3.29E-02
12	1.68	2.68E-02
11.9	1.71	2.38E-02
11.8	1.75	2.11E-02
11.7	1.79	1.94E-02
11.6	1.82	1.83E-02
11.5	1.84	1.78E-02
11.4	1.87	1.75E-02
11.3	1.9	1.74E-02
11.2	1.93	1.75E-02
11.1	1.96	1.79E-02
11	1.99	1.85E-02
10.9	2.03	1.95E-02
10.8	2.07	2.05E-02
10.7	2.11	2.21E-02
10.6	2.15	2.37E-02
10.5	2.2	2.61E-02
10.4	2.25	2.85E-02
10.3	2.33	3.31E-02
10.2	2.39	3.70E-02
10.1	2.47	4.33E-02
10	2.6	5.36E-02
9.9	2.73	6.59E-02
9.8	2.89	8.37E-02
9.71	3.1	0.111
9.62	3.39	0.158
9.52	3.81	0.247
9.43	4.53	0.459
9.35	6.45	1.68
9.26	4.43	7.27
9.17	0.949	5.03
9.09	0.428	3.74
9.01	0.261	3.03
8.93	0.175	2.48
8.85	0.139	2.15
8.77	0.117	1.88
8.7	0.104	1.66
8.62	9.6400000E-	02   1.480000
8.55	9.3000002E-	02   1.310000
8.47	9.3199998E-	02   1.120000
8.4	9.6699998E-	02  0.9810000
8.33	0.104	0.844
8.26	0.115	0.708
8.2	0.134	0.568
8.13	0.183	0.385
8.06	0.278	0.235
8	0.408	0.149
7.94	0.515	0.108
7.87	0.601	8.49E-02
7.81	0.67	6.93E-02
7.75	0.74	5.61E-02
7.69	0.789	4.78E-02
7.63	0.832	4.12E-02
7.58	0.87	3.58E-02
7.52	0.904	3.15E-02
7.46	0.941	2.72E-02
7.41	0.968	2.42E-02
7.35	0.993	2.17E-02
7.3	1.02	1.95E-02
7.25	1.04	1.77E-02
7.19	1.06	1.58E-02
7.14	1.08	1.45E-02
7.09	1.09	1.33E-02
7.04	1.11	1.22E-02
6.99	1.12	1.13E-02
6.94	1.14	1.05E-02
6.9	1.15	9.58E-03
6.85	1.16	8.93E-03
6.8	1.18	8.35E-03
6.76	1.19	7.82E-03
6.71	1.2	7.34E-03
6.67	1.21	6.82E-03
6.62	1.22	6.43E-03
6.58	1.23	6.07E-03
6.54	1.23	5.74E-03
6.49	1.24	5.44E-03
6.45	1.25	5.16E-03
6.41	1.26	4.85E-03
6.37	1.26	4.61E-03
6.33	1.27	4.40E-03
6.29	1.28	4.19E-03
6.25	1.28	4.00E-03
6.21	1.29	3.79E-03
6.17	1.29	3.63E-03
6.13	1.3	3.48E-03
6.1	1.3	3.33E-03
6.06	1.31	3.20E-03
6.02	1.31	3.07E-03
5.99	1.32	2.93E-03
5.95	1.32	2.82E-03
5.92	1.33	2.71E-03
5.88	1.33	2.61E-03
5.85	1.33	2.52E-03
5.81	1.34	2.41E-03
5.78	1.34	2.33E-03
5.75	1.35	2.25E-03
5.71	1.35	2.17E-03
5.68	1.35	2.10E-03
5.65	1.36	2.02E-03
5.62	1.36	1.96E-03
5.59	1.36	1.90E-03
5.56	1.36	1.84E-03
5.52	1.37	1.78E-03
5.49	1.37	1.73E-03
5.46	1.37	1.67E-03
5.43	1.38	1.62E-03
5.41	1.38	1.57E-03
5.38	1.38	1.53E-03
5.35	1.38	1.48E-03
5.32	1.39	1.44E-03
5.29	1.39	1.40E-03
5.26	1.39	1.36E-03
5.24	1.39	1.32E-03
5.21	1.39	1.29E-03
5.18	1.4	1.26E-03
5.15	1.4	1.22E-03
5.13	1.4	1.19E-03
5.1	1.4	1.16E-03
5.08	1.4	1.13E-03
5.05	1.41	1.10E-03
5.03	1.41	1.07E-03
5	1.41	1.04E-03
