lambda	O-ray n	O-ray k (Wenrich and Christensen, 1996)
50.3	2.18	3.34E-03
49.8	2.19	3.40E-03
49.3	2.19	3.46E-03
49	2.19	3.52E-03
48.5	2.19	3.59E-03
48.1	2.19	3.65E-03
47.6	2.2	3.72E-03
47.2	2.2	3.78E-03
46.7	2.2	3.85E-03
46.3	2.2	3.92E-03
45.9	2.21	3.99E-03
45.5	2.21	4.06E-03
45	2.21	4.14E-03
44.6	2.21	4.21E-03
44.2	2.22	4.29E-03
43.9	2.22	4.37E-03
43.5	2.22	4.45E-03
43.3	2.23	4.54E-03
42.9	2.23	4.62E-03
42.6	2.23	4.71E-03
42.2	2.23	4.80E-03
41.8	2.24	4.90E-03
41.5	2.24	4.99E-03
41.2	2.24	5.09E-03
40.8	2.25	5.19E-03
40.5	2.25	5.30E-03
40.2	2.25	5.40E-03
39.8	2.26	5.51E-03
39.5	2.26	5.63E-03
39.2	2.26	5.74E-03
38.9	2.27	5.86E-03
38.8	2.27	5.99E-03
38.5	2.28	6.12E-03
38.2	2.28	6.25E-03
37.9	2.28	6.39E-03
37.6	2.29	6.53E-03
37.3	2.29	6.67E-03
37	2.3	6.82E-03
36.8	2.3	6.98E-03
36.5	2.31	7.14E-03
36.2	2.31	7.31E-03
36	2.32	7.49E-03
35.7	2.32	7.67E-03
35.5	2.33	7.85E-03
35.2	2.33	8.05E-03
35.1	2.34	8.25E-03
34.8	2.34	8.47E-03
34.6	2.35	8.69E-03
34.4	2.36	8.92E-03
34.1	2.36	9.16E-03
33.9	2.37	9.41E-03
33.7	2.38	9.67E-03
33.4	2.38	9.95E-03
33.2	2.39	1.02E-02
33	2.4	1.05E-02
32.8	2.4	1.09E-02
32.6	2.41	1.12E-02
32.4	2.42	1.15E-02
32.2	2.43	1.19E-02
32.1	2.44	1.23E-02
31.8	2.45	1.27E-02
31.6	2.45	1.32E-02
31.4	2.46	1.36E-02
31.3	2.47	1.41E-02
31.1	2.48	1.46E-02
30.9	2.5	1.52E-02
30.7	2.51	1.58E-02
30.5	2.52	1.64E-02
30.3	2.53	1.71E-02
30.1	2.54	1.78E-02
29.9	2.56	1.86E-02
29.8	2.57	1.95E-02
29.6	2.59	2.04E-02
29.5	2.6	2.14E-02
29.3	2.62	2.25E-02
29.2	2.63	2.37E-02
29	2.65	2.51E-02
28.8	2.67	2.65E-02
28.7	2.69	2.81E-02
28.5	2.71	3.00E-02
28.3	2.74	3.20E-02
28.2	2.76	3.43E-02
28	2.79	3.69E-02
27.9	2.82	3.98E-02
27.7	2.85	4.32E-02
27.5	2.89	4.72E-02
27.4	2.92	5.19E-02
27.3	2.97	5.75E-02
27.2	3.01	6.42E-02
27	3.07	7.24E-02
26.9	3.13	8.27E-02
26.7	3.2	9.58E-02
26.6	3.28	0.113
26.5	3.37	0.136
26.3	3.49	0.168
26.2	3.63	0.215
26	3.82	0.289
25.9	4.07	0.412
25.8	4.41	0.648
25.6	4.86	1.14
25.5	5.25	2.4
25.4	3.95	3.94
25.3	2.19	3.81
25.2	1.31	2.91
25.1	1	2.15
24.9	0.923	1.49
24.8	1.07	0.918
24.7	1.35	0.547
24.6	1.64	0.368
24.4	1.86	0.276
24.3	2.04	0.225
24.2	2.19	0.193
24.1	2.33	0.175
24	2.45	0.164
23.9	2.57	0.159
23.8	2.69	0.159
23.7	2.8	0.163
23.6	2.92	0.171
23.5	3.05	0.183
23.4	3.19	0.201
23.3	3.34	0.225
23.1	3.51	0.258
23	3.7	0.304
22.9	3.93	0.367
22.8	4.2	0.46
22.7	4.55	0.601
22.6	4.99	0.831
22.5	5.57	1.25
22.4	6.28	2.07
22.3	6.8	3.9
22.2	3.05	6.38
22.1	1.7	5.57
22	1.11	4.85
21.9	0.783	4.28
21.8	0.595	3.84
21.7	0.472	3.49
21.6	0.389	3.2
21.5	0.33	2.95
21.4	0.286	2.74
21.3	0.252	2.55
21.2	0.226	2.38
21.1	0.205	2.23
21	0.175	1.96
20.9	0.163	1.85
20.8	0.154	1.73
20.7	0.147	1.63
20.6	0.136	1.43
20.5	0.133	1.34
20.4	0.13	1.24
20.3	0.129	1.15
20.2	0.129	1.06
20.1	0.134	0.882
20	0.14	0.788
19.9	0.15	0.691
19.8	0.192	0.474
19.7	0.243	0.354
19.6	0.329	0.248
19.5	0.524	0.139
19.4	0.604	0.115
19.3	0.672	9.85E-02
19.2	0.785	7.70E-02
19.1	0.833	6.95E-02
19	0.876	6.34E-02
18.9	0.952	5.39E-02
18.8	1.02	4.69E-02
18.7	1.05	4.40E-02
18.6	1.1	3.92E-02
18.5	1.12	3.72E-02
18.4	1.17	3.37E-02
18.3	1.19	3.22E-02
18.2	1.21	3.08E-02
18.1	1.24	2.84E-02
18	1.28	2.64E-02
17.9	1.31	2.46E-02
17.8	1.32	2.39E-02
17.7	1.35	2.25E-02
17.6	1.36	2.18E-02
17.5	1.39	2.07E-02
17.4	1.41	1.97E-02
17.3	1.42	1.93E-02
17.2	1.44	1.85E-02
17.1	1.46	1.78E-02
17	1.48	1.71E-02
16.9	1.49	1.69E-02
16.8	1.5	1.64E-02
16.7	1.52	1.59E-02
16.6	1.54	1.55E-02
16.5	1.55	1.52E-02
16.4	1.56	1.50E-02
16.3	1.58	1.46E-02
16.2	1.6	1.44E-02
16.1	1.61	1.43E-02
16	1.62	1.42E-02
15.9	1.63	1.41E-02
15.8	1.64	1.41E-02
15.7	1.66	1.41E-02
15.6	1.67	1.42E-02
15.5	1.69	1.43E-02
15.4	1.7	1.45E-02
15.3	1.71	1.48E-02
15.2	1.73	1.52E-02
15.1	1.75	1.61E-02
15	1.76	1.71E-02
14.9	1.78	1.85E-02
14.8	1.8	2.22E-02
14.7	1.82	2.72E-02
14.6	1.85	3.72E-02
14.5	1.91	9.04E-02
14.4	1.8	0.288
14.3	1.68	0.134
14.2	1.73	6.10E-02
14.1	1.78	3.34E-02
14	1.81	2.76E-02
13.9	1.84	2.43E-02
13.8	1.87	2.35E-02
13.7	1.9	2.41E-02
13.6	1.92	2.50E-02
13.5	1.95	2.71E-02
13.4	1.98	3.03E-02
13.3	2.02	3.49E-02
13.2	2.06	4.18E-02
13.1	2.12	5.23E-02
13	2.19	6.95E-02
12.9	2.28	0.1
12.8	2.43	0.163
12.7	2.66	0.324
12.6	2.99	0.89
12.5	2.1	2.02
12.4	0.897	1.05
12.3	1.02	0.415
12.2	1.32	0.158
12.1	1.46	9.91E-02
12	1.58	6.43E-02
11.9	1.64	5.10E-02
11.8	1.71	4.06E-02
11.7	1.76	3.46E-02
11.6	1.81	3.09E-02
11.5	1.84	2.91E-02
11.4	1.87	2.76E-02
11.3	1.91	2.68E-02
11.2	1.95	2.64E-02
11.1	1.98	2.65E-02
11	2.01	2.69E-02
10.9	2.06	2.78E-02
10.8	2.1	2.89E-02
10.7	2.15	3.06E-02
10.6	2.19	3.24E-02
10.5	2.25	3.51E-02
10.4	2.3	3.79E-02
10.3	2.38	4.32E-02
10.2	2.45	4.78E-02
10.1	2.55	5.53E-02
10	2.69	6.80E-02
9.9	2.84	8.36E-02
9.8	3.03	0.107
9.71	3.29	0.146
9.62	3.67	0.218
9.52	4.28	0.378
9.43	5.45	0.887
9.35	6.76	6.15
9.26	1.3	5.57
9.17	0.513	3.99
9.09	0.299	3.17
9.01	0.209	2.64
8.93	0.157	2.2
8.85	0.135	1.91
8.77	0.126	1.67
8.7	0.135	1.44
8.62	0.263	1.18
8.55	0.261	1.4
8.47	0.119	1.13
8.4	0.11	0.957
8.33	0.113	0.806
8.26	0.125	0.658
8.2	0.15	0.505
8.13	0.227	0.307
8.06	0.357	0.183
8	0.481	0.128
7.94	0.578	0.101
7.87	0.654	8.46E-02
7.81	0.717	7.34E-02
7.75	0.781	6.36E-02
7.69	0.825	5.74E-02
7.63	0.864	5.23E-02
7.58	0.899	4.80E-02
7.52	0.93	4.43E-02
7.46	0.963	4.05E-02
7.41	0.988	3.77E-02
7.35	1.01	3.52E-02
7.3	1.03	3.30E-02
7.25	1.05	3.09E-02
7.19	1.07	2.87E-02
7.14	1.09	2.71E-02
7.09	1.1	2.56E-02
7.04	1.12	2.41E-02
6.99	1.13	2.28E-02
6.94	1.15	2.16E-02
6.9	1.16	2.03E-02
6.85	1.17	1.93E-02
6.8	1.18	1.83E-02
6.76	1.19	1.74E-02
6.71	1.2	1.66E-02
6.67	1.21	1.56E-02
6.62	1.22	1.49E-02
6.58	1.23	1.42E-02
6.54	1.24	1.36E-02
6.49	1.24	1.30E-02
6.45	1.25	1.25E-02
6.41	1.26	1.18E-02
6.37	1.26	1.13E-02
6.33	1.27	1.09E-02
6.29	1.28	1.04E-02
6.25	1.28	1.00E-02
6.21	1.29	9.54E-03
6.17	1.29	9.17E-03
6.13	1.3	8.83E-03
6.1	1.3	8.50E-03
6.06	1.31	8.18E-03
6.02	1.31	7.89E-03
5.99	1.32	7.55E-03
5.95	1.32	7.28E-03
5.92	1.33	7.03E-03
5.88	1.33	6.79E-03
5.85	1.33	6.56E-03
5.81	1.34	6.30E-03
5.78	1.34	6.09E-03
5.75	1.35	5.90E-03
5.71	1.35	5.71E-03
5.68	1.35	5.53E-03
5.65	1.36	5.32E-03
5.62	1.36	5.16E-03
5.59	1.36	5.00E-03
5.56	1.36	4.85E-03
5.52	1.37	4.71E-03
5.49	1.37	4.57E-03
5.46	1.37	4.42E-03
5.43	1.38	4.29E-03
5.41	1.38	4.17E-03
5.38	1.38	4.06E-03
5.35	1.38	3.94E-03
5.32	1.39	3.82E-03
5.29	1.39	3.71E-03
5.26	1.39	3.62E-03
5.24	1.39	3.52E-03
5.21	1.39	3.43E-03
5.18	1.4	3.34E-03
5.15	1.4	3.24E-03
5.13	1.4	3.16E-03
5.1	1.4	3.08E-03
5.08	1.4	3.01E-03
5.05	1.41	2.93E-03
5.03	1.41	2.85E-03
5	1.41	2.78E-03
