alpha-SiO2 ordinary ray from Handbook of optical constants of solids, 
edited by E.D. Palik (1985) Academic Press.  Values set to -1.e+32 
where data is not provided.  Values between 4.99 and 29.966 microns are
from a dispersion calculation using the oscillator parameters of Spitzer
and Kleinman, Phys. Rev., 121, 1324, 1961.  Data beyond 29.966 are from
the Palik reference
Wavel.    real imag.
microns  index index
--------------------
0.04769 0.6285 0.3243
0.04862 0.6432 0.3609
0.04959 0.6517 0.3907
0.05061 0.6591 0.4231
0.05166 0.6723 0.4540
0.05276 0.6862 0.4822
0.05391 0.6998 0.5097
0.05510 0.7138 0.5387
0.5636 0.7304 0.5667
0.05767 0.7470 0.5959
0.05904 0.7664 0.6272
0.06048 0.7900 0.6559
0.06199 0.8131 0.6844
0.06358 0.8371 0.7154
0.06526 0.8642 0.7488
0.06702 0.8949 0.7847
0.06888 0.9289 0.8273
0.06985 0.9499 0.8619
0.07085 0.9894 0.8987
0.07125 1.013 0.9108
0.07187 1.052 0.9236
0.07293 1.118 0.9153
0.07402 1.169 0.8917
0.07514 1.205 0.8599
0.07629 1.224 0.8223
0.07749 1.221 0.7896
0.07872 1.210 0.7848
0.07999 1.202 0.7841
0.08130 1.191 0.7968
0.08266 1.184 0.8265
0.08377 1.187 0.8694
0.08492 1.217 0.9290
0.08610 1.285 0.9724
0.08670 1.335 0.9829
0.08731 1.386 0.9709
0.08856 1.457 0.9187
0.08984 1.484 0.8462
0.09116 1.469 0.7910
0.09252 1.447 0.7761
0.09392 1.430 0.7715
0.09537 1.410 0.7753
0.09686 1.394 0.8017
0.09839 1.390 0.8406
0.09998 1.400 0.8908
0.1016 1.435 0.9573
0.1033 1.504 1.015
0.1042 1.551 1.035
0.1051 1.602 1.048
0.1060 1.661 1.056
0.1069 1.722 1.046
0.1078 1.782 1.027
0.1088 1.839 0.9939
0.1097 1.892 0.9452
0.1107 1.924 0.8730
0.1117 1.925 0.7958
0.1127 1.891 0.7210
0.1137 1.805 0.6597
0.1143 1.738 0.6418
0.1145 1.688 0.6356
0.1148 1.626 0.6732
0.1153 1.569 0.7594
0.1159 1.528 0.8463
0.1164 1.506 0.9666
0.1170 1.521 1.114
0.1175 1.607 1.289
0.1181 1.769 1.400
0.1186 1.959 1.454
0.1192 2.159 1.452
0.1196 2.289 1.423
0.1198 2.373 1.378
0.1204 2.515 1.229
0.1210 2.590 1.072
0.1215 2.619 0.9326
0.1227 2.621 0.7123
0.1240 2.581 0.5441
0.1252 2.529 0.4161
0.1265 2.464 0.3148
0.1278 2.397 0.2402
0.1291 2.335 0.17
0.1305 2.275 0.12
0.1319 2.222 0.082
0.1333 2.174 0.056
0.1348 2.133 0.036
0.1362 2.095 0.023
0.1378 2.060 0.013
0.1393 2.028 7.0e-3
0.1409 1.999 3.1e-3
0.1425 1.971 1.0e-3
0.1442 1.946 2.3e-4
0.1459 1.922 3.5e-5
0.1476 1.899 2.7e-6
0.1494 1.877 -1.e+32
0.1512 1.856 -1.e+32
0.1531 1.838 -1.e+32
0.1550 1.820 -1.e+32
0.1590 1.789 -1.e+32
0.1631 1.761 -1.e+32
0.1675 1.737 -1.e+32
0.1722 1.716 -1.e+32
0.1771 1.698 -1.e+32
0.1837 1.679 -1.e+32
0.1851 1.6775 -1.e+32
0.185467 1.67578 -1.e+32
0.193583 1.65999 -1.e+32
0.1980 1.65087 -1.e+32
0.20006 1.64927 -1.e+32
0.20255 1.64557 -1.e+32
0.204448 1.64288 -1.e+32
0.21107 1.63432  -1.e+32
0.214439 1.63039 -1.e+32
0.219462 1.62497 -1.e+32
0.226503 1.61818  -1.e+32
0.2310 1.61395 -1.e+32
0.231288 1.61401 -1.e+32
0.242796 1.60525 -1.e+32
0.250329 1.60032 -1.e+32
0.257304 1.59622 -1.e+32
0.263155 1.59309 -1.e+32
0.274867 1.58752 -1.e+32
0.291358 1.58098 -1.e+32
0.303412 1.57955 -1.e+32
0.312279 1.57433 -1.e+32
0.325253 1.570915 -1.e+32
0.3400 1.56747 -1.e+32
0.340365 1.56747 -1.e+32
0.35868 1.563915 -1.e+32
0.3940 1.55846 -1.e+32
0.396848 1.55813 -1.e+32
0.404656 1.557156 -1.e+32
0.410174 1.556502 -1.e+32
0.4340 1.55396 -1.e+32
0.434047 1.553963 -1.e+32
0.435834 1.553790 -1.e+32
0.467815 1.551027 -1.e+32
0.479991 1.550118 -1.e+32
0.486133 1.549683 -1.e+32
0.5080 1.54822 -1.e+32
0.508582 1.548229 -1.e+32
0.518362 1.547651 -1.e+32
0.53385 1.54679 -1.e+32
0.546072 1.546174 -1.e+32
0.579066 1.544667 -1.e+32
0.587563 1.544316 -1.e+32
0.58929 1.544246 -1.e+32
0.5893 1.54424 -1.e+32
0.62782 1.542819 -1.e+32
0.643847 1.542288 -1.e+32
0.656278 1.541899 -1.e+32
0.667815 1.541553 -1.e+32
0.670786 1.541466 -1.e+32
0.706520 1.540488 -1.e+32
0.728135 1.539948 -1.e+32
0.766494 1.539071 -1.e+32
0.7680 1.53903 -1.e+32
0.794763 1.538478 -1.e+32
0.8325 1.53773 -1.e+32
0.84467 1.537525 -1.e+32
0.9914 1.53514 -1.e+32
1.00000 1.53503 -1.e+32
1.01406 1.53483 -1.e+32
1.08303 1.53387 -1.e+32
1.1592 1.53283 -1.e+32
1.20000 1.53232 -1.e+32
1.30000 1.53102 -1.e+32
1.3070 1.53090 -1.e+32
1.3958 1.52977 -1.e+32
1.40000 1.52972 -1.e+32
1.4792 1.52865 -1.e+32
1.52961 1.52800 -1.e+32
1.5414 1.52781 -1.e+32
1.60000 1.52703 -1.e+32
1.6815 1.52583 -1.e+32
1.7614 1.52468 -1.e+32
1.80000 1.52413 -1.e+32
1.9457 1.52184 -1.e+32
2.0531 1.52005 -1.e+32
2.05820 1.51998 -1.e+32
2.300 1.51561 -1.e+32
2.50000 1.51156 -1.e+32
2.600 1.50986 -1.e+32
3.000 1.49953 -1.e+32
3.500 1.48451 -1.e+32
4.000 1.46617 -1.e+32
4.200 1.457 -1.e+32
4.400 1.448 -1.e+32
4.600 1.437 -1.e+32
4.800 1.425 -1.e+32
   4.999   1.4125    8.0040E-04
   5.004   1.4122    8.0423E-04
   5.009   1.4119    8.0809E-04
   5.014   1.4115    8.1197E-04
   5.019   1.4112    8.1588E-04
   5.023   1.4109    8.1982E-04
   5.028   1.4105    8.2379E-04
   5.033   1.4102    8.2776E-04
   5.038   1.4098    8.3178E-04
   5.043   1.4095    8.3583E-04
   5.048   1.4092    8.3991E-04
   5.053   1.4088    8.4402E-04
   5.058   1.4085    8.4816E-04
   5.063   1.4081    8.5233E-04
   5.068   1.4078    8.5652E-04
   5.073   1.4074    8.6075E-04
   5.077   1.4071    8.6499E-04
   5.083   1.4067    8.6928E-04
   5.088   1.4063    8.7360E-04
   5.092   1.4060    8.7795E-04
   5.098   1.4056    8.8233E-04
   5.103   1.4053    8.8675E-04
   5.108   1.4049    8.9119E-04
   5.113   1.4045    8.9567E-04
   5.118   1.4042    9.0019E-04
   5.123   1.4038    9.0473E-04
   5.128   1.4034    9.0929E-04
   5.133   1.4031    9.1390E-04
   5.138   1.4027    9.1855E-04
   5.143   1.4023    9.2323E-04
   5.148   1.4019    9.2795E-04
   5.153   1.4016    9.3270E-04
   5.158   1.4012    9.3749E-04
   5.163   1.4008    9.4232E-04
   5.169   1.4004    9.4718E-04
   5.174   1.4000    9.5205E-04
   5.179   1.3996    9.5698E-04
   5.184   1.3992    9.6196E-04
   5.189   1.3988    9.6697E-04
   5.195   1.3985    9.7201E-04
   5.200   1.3981    9.7710E-04
   5.205   1.3977    9.8223E-04
   5.210   1.3973    9.8739E-04
   5.215   1.3969    9.9260E-04
   5.221   1.3965    9.9782E-04
   5.226   1.3960    1.0031E-03
   5.231   1.3956    1.0084E-03
   5.236   1.3952    1.0138E-03
   5.242   1.3948    1.0192E-03
   5.247   1.3944    1.0247E-03
   5.252   1.3940    1.0302E-03
   5.258   1.3936    1.0357E-03
   5.263   1.3931    1.0413E-03
   5.268   1.3927    1.0469E-03
   5.274   1.3923    1.0525E-03
   5.279   1.3919    1.0583E-03
   5.285   1.3914    1.0640E-03
   5.290   1.3910    1.0698E-03
   5.295   1.3906    1.0757E-03
   5.301   1.3901    1.0816E-03
   5.306   1.3897    1.0875E-03
   5.312   1.3893    1.0935E-03
   5.317   1.3888    1.0996E-03
   5.323   1.3884    1.1057E-03
   5.328   1.3879    1.1118E-03
   5.334   1.3875    1.1180E-03
   5.339   1.3870    1.1242E-03
   5.344   1.3866    1.1305E-03
   5.350   1.3861    1.1369E-03
   5.356   1.3857    1.1433E-03
   5.361   1.3852    1.1498E-03
   5.367   1.3847    1.1563E-03
   5.372   1.3843    1.1628E-03
   5.378   1.3838    1.1694E-03
   5.383   1.3833    1.1761E-03
   5.389   1.3829    1.1828E-03
   5.395   1.3824    1.1896E-03
   5.400   1.3819    1.1965E-03
   5.406   1.3814    1.2034E-03
   5.412   1.3810    1.2103E-03
   5.417   1.3805    1.2173E-03
   5.423   1.3800    1.2244E-03
   5.429   1.3795    1.2315E-03
   5.434   1.3790    1.2387E-03
   5.440   1.3785    1.2460E-03
   5.446   1.3780    1.2533E-03
   5.451   1.3775    1.2607E-03
   5.457   1.3770    1.2682E-03
   5.463   1.3765    1.2757E-03
   5.469   1.3760    1.2833E-03
   5.474   1.3755    1.2910E-03
   5.480   1.3749    1.2986E-03
   5.486   1.3744    1.3064E-03
   5.492   1.3739    1.3143E-03
   5.498   1.3734    1.3222E-03
   5.503   1.3729    1.3302E-03
   5.509   1.3723    1.3383E-03
   5.515   1.3718    1.3464E-03
   5.521   1.3713    1.3547E-03
   5.527   1.3707    1.3630E-03
   5.533   1.3702    1.3713E-03
   5.539   1.3696    1.3797E-03
   5.544   1.3691    1.3883E-03
   5.551   1.3685    1.3969E-03
   5.556   1.3680    1.4055E-03
   5.562   1.3674    1.4143E-03
   5.569   1.3669    1.4231E-03
   5.574   1.3663    1.4321E-03
   5.580   1.3657    1.4411E-03
   5.587   1.3651    1.4502E-03
   5.593   1.3646    1.4593E-03
   5.598   1.3640    1.4685E-03
   5.604   1.3634    1.4779E-03
   5.611   1.3628    1.4873E-03
   5.617   1.3622    1.4969E-03
   5.623   1.3617    1.5065E-03
   5.629   1.3611    1.5162E-03
   5.635   1.3605    1.5260E-03
   5.641   1.3599    1.5359E-03
   5.647   1.3592    1.5459E-03
   5.654   1.3586    1.5559E-03
   5.660   1.3580    1.5661E-03
   5.666   1.3574    1.5764E-03
   5.672   1.3568    1.5868E-03
   5.678   1.3562    1.5973E-03
   5.684   1.3555    1.6078E-03
   5.691   1.3549    1.6185E-03
   5.697   1.3543    1.6293E-03
   5.703   1.3536    1.6403E-03
   5.709   1.3530    1.6512E-03
   5.716   1.3523    1.6623E-03
   5.722   1.3517    1.6736E-03
   5.728   1.3510    1.6849E-03
   5.735   1.3504    1.6964E-03
   5.741   1.3497    1.7080E-03
   5.747   1.3490    1.7197E-03
   5.754   1.3484    1.7315E-03
   5.760   1.3477    1.7435E-03
   5.767   1.3470    1.7555E-03
   5.773   1.3463    1.7677E-03
   5.779   1.3456    1.7800E-03
   5.786   1.3450    1.7924E-03
   5.792   1.3443    1.8050E-03
   5.799   1.3436    1.8177E-03
   5.806   1.3428    1.8306E-03
   5.812   1.3421    1.8435E-03
   5.818   1.3414    1.8567E-03
   5.825   1.3407    1.8699E-03
   5.832   1.3400    1.8832E-03
   5.838   1.3392    1.8968E-03
   5.845   1.3385    1.9105E-03
   5.851   1.3378    1.9243E-03
   5.858   1.3370    1.9383E-03
   5.864   1.3363    1.9524E-03
   5.871   1.3355    1.9667E-03
   5.878   1.3348    1.9812E-03
   5.884   1.3340    1.9958E-03
   5.891   1.3332    2.0105E-03
   5.898   1.3325    2.0254E-03
   5.905   1.3317    2.0405E-03
   5.911   1.3309    2.0558E-03
   5.918   1.3301    2.0712E-03
   5.925   1.3293    2.0868E-03
   5.932   1.3285    2.1026E-03
   5.938   1.3277    2.1186E-03
   5.945   1.3269    2.1347E-03
   5.952   1.3261    2.1511E-03
   5.959   1.3252    2.1675E-03
   5.966   1.3244    2.1842E-03
   5.973   1.3236    2.2011E-03
   5.979   1.3227    2.2182E-03
   5.986   1.3219    2.2355E-03
   5.993   1.3210    2.2531E-03
   6.000   1.3202    2.2708E-03
   6.007   1.3193    2.2887E-03
   6.014   1.3184    2.3068E-03
   6.021   1.3176    2.3251E-03
   6.028   1.3167    2.3437E-03
   6.035   1.3158    2.3625E-03
   6.042   1.3149    2.3815E-03
   6.049   1.3140    2.4008E-03
   6.056   1.3131    2.4202E-03
   6.064   1.3122    2.4400E-03
   6.071   1.3112    2.4600E-03
   6.078   1.3103    2.4802E-03
   6.085   1.3094    2.5006E-03
   6.092   1.3084    2.5213E-03
   6.099   1.3075    2.5423E-03
   6.106   1.3065    2.5635E-03
   6.114   1.3055    2.5850E-03
   6.121   1.3046    2.6068E-03
   6.128   1.3036    2.6289E-03
   6.135   1.3026    2.6512E-03
   6.143   1.3016    2.6739E-03
   6.150   1.3006    2.6968E-03
   6.157   1.2996    2.7199E-03
   6.164   1.2986    2.7434E-03
   6.172   1.2976    2.7673E-03
   6.179   1.2965    2.7914E-03
   6.186   1.2955    2.8159E-03
   6.194   1.2944    2.8407E-03
   6.201   1.2934    2.8658E-03
   6.208   1.2923    2.8913E-03
   6.216   1.2912    2.9171E-03
   6.224   1.2901    2.9431E-03
   6.231   1.2891    2.9696E-03
   6.238   1.2879    2.9965E-03
   6.246   1.2868    3.0238E-03
   6.254   1.2857    3.0514E-03
   6.261   1.2846    3.0794E-03
   6.269   1.2835    3.1078E-03
   6.276   1.2823    3.1366E-03
   6.284   1.2811    3.1658E-03
   6.292   1.2800    3.1954E-03
   6.299   1.2788    3.2253E-03
   6.307   1.2776    3.2557E-03
   6.314   1.2764    3.2866E-03
   6.322   1.2752    3.3180E-03
   6.330   1.2740    3.3498E-03
   6.338   1.2728    3.3820E-03
   6.346   1.2715    3.4148E-03
   6.353   1.2703    3.4480E-03
   6.361   1.2690    3.4817E-03
   6.369   1.2678    3.5158E-03
   6.377   1.2665    3.5505E-03
   6.384   1.2652    3.5857E-03
   6.392   1.2639    3.6215E-03
   6.400   1.2626    3.6579E-03
   6.408   1.2613    3.6947E-03
   6.416   1.2599    3.7322E-03
   6.424   1.2586    3.7702E-03
   6.432   1.2572    3.8089E-03
   6.440   1.2558    3.8481E-03
   6.448   1.2545    3.8877E-03
   6.456   1.2531    3.9282E-03
   6.464   1.2516    3.9693E-03
   6.472   1.2502    4.0111E-03
   6.480   1.2488    4.0536E-03
   6.488   1.2473    4.0967E-03
   6.496   1.2459    4.1406E-03
   6.504   1.2444    4.1851E-03
   6.513   1.2429    4.2304E-03
   6.521   1.2414    4.2762E-03
   6.529   1.2399    4.3231E-03
   6.537   1.2383    4.3707E-03
   6.546   1.2368    4.4191E-03
   6.554   1.2352    4.4683E-03
   6.562   1.2336    4.5184E-03
   6.571   1.2320    4.5693E-03
   6.579   1.2304    4.6211E-03
   6.587   1.2288    4.6739E-03
   6.595   1.2272    4.7272E-03
   6.604   1.2255    4.7818E-03
   6.612   1.2238    4.8374E-03
   6.621   1.2221    4.8939E-03
   6.630   1.2204    4.9515E-03
   6.638   1.2187    5.0101E-03
   6.646   1.2170    5.0697E-03
   6.655   1.2152    5.1305E-03
   6.664   1.2134    5.1924E-03
   6.672   1.2116    5.2554E-03
   6.680   1.2098    5.3193E-03
   6.689   1.2080    5.3847E-03
   6.698   1.2061    5.4514E-03
   6.706   1.2042    5.5193E-03
   6.715   1.2023    5.5886E-03
   6.724   1.2004    5.6592E-03
   6.733   1.1985    5.7311E-03
   6.742   1.1965    5.8045E-03
   6.750   1.1945    5.8793E-03
   6.759   1.1926    5.9552E-03
   6.768   1.1905    6.0330E-03
   6.777   1.1885    6.1124E-03
   6.786   1.1864    6.1935E-03
   6.794   1.1843    6.2761E-03
   6.804   1.1822    6.3605E-03
   6.812   1.1801    6.4467E-03
   6.821   1.1779    6.5346E-03
   6.830   1.1757    6.6244E-03
   6.839   1.1735    6.7161E-03
   6.848   1.1713    6.8093E-03
   6.857   1.1690    6.9050E-03
   6.867   1.1667    7.0027E-03
   6.876   1.1644    7.1027E-03
   6.885   1.1620    7.2048E-03
   6.894   1.1596    7.3092E-03
   6.903   1.1572    7.4159E-03
   6.912   1.1548    7.5251E-03
   6.921   1.1523    7.6367E-03
   6.931   1.1498    7.7504E-03
   6.940   1.1473    7.8672E-03
   6.949   1.1448    7.9868E-03
   6.958   1.1422    8.1092E-03
   6.968   1.1395    8.2345E-03
   6.977   1.1369    8.3629E-03
   6.987   1.1342    8.4943E-03
   6.996   1.1315    8.6289E-03
   7.006   1.1287    8.7669E-03
   7.015   1.1259    8.9083E-03
   7.024   1.1231    9.0524E-03
   7.034   1.1202    9.2010E-03
   7.044   1.1173    9.3534E-03
   7.053   1.1143    9.5096E-03
   7.063   1.1113    9.6700E-03
   7.073   1.1083    9.8345E-03
   7.082   1.1052    1.0003E-02
   7.092   1.1021    1.0177E-02
   7.102   1.0989    1.0355E-02
   7.111   1.0957    1.0537E-02
   7.121   1.0925    1.0725E-02
   7.131   1.0891    1.0918E-02
   7.141   1.0858    1.1116E-02
   7.151   1.0824    1.1320E-02
   7.161   1.0789    1.1530E-02
   7.171   1.0754    1.1746E-02
   7.180   1.0719    1.1968E-02
   7.190   1.0683    1.2197E-02
   7.200   1.0646    1.2432E-02
   7.210   1.0609    1.2674E-02
   7.220   1.0571    1.2924E-02
   7.231   1.0533    1.3182E-02
   7.241   1.0494    1.3447E-02
   7.251   1.0454    1.3721E-02
   7.261   1.0414    1.4004E-02
   7.271   1.0373    1.4295E-02
   7.281   1.0331    1.4596E-02
   7.291   1.0289    1.4907E-02
   7.302   1.0246    1.5226E-02
   7.312   1.0202    1.5558E-02
   7.322   1.0157    1.5901E-02
   7.332   1.0112    1.6255E-02
   7.343   1.0066    1.6622E-02
   7.353   1.0019    1.7001E-02
   7.364   0.9971    1.7394E-02
   7.375   0.9923    1.7801E-02
   7.385   0.9873    1.8223E-02
   7.395   0.9823    1.8657E-02
   7.406   0.9772    1.9110E-02
   7.417   0.9719    1.9580E-02
   7.427   0.9666    2.0068E-02
   7.438   0.9612    2.0574E-02
   7.449   0.9556    2.1100E-02
   7.459   0.9500    2.1646E-02
   7.470   0.9442    2.2214E-02
   7.481   0.9384    2.2805E-02
   7.492   0.9324    2.3420E-02
   7.502   0.9263    2.4057E-02
   7.513   0.9201    2.4724E-02
   7.524   0.9137    2.5418E-02
   7.535   0.9072    2.6143E-02
   7.546   0.9005    2.6899E-02
   7.557   0.8937    2.7688E-02
   7.568   0.8868    2.8512E-02
   7.579   0.8797    2.9373E-02
   7.590   0.8724    3.0273E-02
   7.602   0.8650    3.1210E-02
   7.613   0.8574    3.2196E-02
   7.624   0.8496    3.3229E-02
   7.635   0.8417    3.4312E-02
   7.646   0.8335    3.5447E-02
   7.658   0.8251    3.6639E-02
   7.669   0.8166    3.7890E-02
   7.680   0.8078    3.9205E-02
   7.692   0.7987    4.0589E-02
   7.703   0.7895    4.2038E-02
   7.715   0.7800    4.3572E-02
   7.726   0.7703    4.5189E-02
   7.738   0.7602    4.6896E-02
   7.749   0.7499    4.8700E-02
   7.761   0.7393    5.0607E-02
   7.772   0.7283    5.2625E-02
   7.784   0.7171    5.4765E-02
   7.796   0.7054    5.7036E-02
   7.808   0.6934    5.9449E-02
   7.819   0.6811    6.2003E-02
   7.831   0.6684    6.4741E-02
   7.843   0.6552    6.7664E-02
   7.855   0.6415    7.0793E-02
   7.867   0.6273    7.4150E-02
   7.879   0.6126    7.7761E-02
   7.891   0.5974    8.1657E-02
   7.903   0.5815    8.5874E-02
   7.915   0.5650    9.0457E-02
   7.927   0.5479    9.5433E-02
   7.939   0.5300    1.0092E-01
   7.951   0.5112    1.0698E-01
   7.964   0.4916    1.1370E-01
   7.976   0.4710    1.2123E-01
   7.988   0.4495    1.2973E-01
   8.000   0.4269    1.3941E-01
   8.013   0.4033    1.5054E-01
   8.025   0.3787    1.6346E-01
   8.037   0.3532    1.7856E-01
   8.050   0.3273    1.9618E-01
   8.063   0.3013    2.1685E-01
   8.075   0.2761    2.4067E-01
   8.087   0.2525    2.6744E-01
   8.100   0.2312    2.9659E-01
   8.113   0.2127    3.2733E-01
   8.125   0.1967    3.5887E-01
   8.139   0.1832    3.9063E-01
   8.151   0.1717    4.2223E-01
   8.164   0.1619    4.5333E-01
   8.177   0.1535    4.8416E-01
   8.190   0.1461    5.1456E-01
   8.203   0.1396    5.4456E-01
   8.216   0.1338    5.7421E-01
   8.229   0.1287    6.0359E-01
   8.242   0.1242    6.3274E-01
   8.255   0.1200    6.6174E-01
   8.269   0.1163    6.9066E-01
   8.282   0.1129    7.1940E-01
   8.295   0.1099    7.4834E-01
   8.308   0.1072    7.7738E-01
   8.322   0.1048    8.0659E-01
   8.335   0.1026    8.3604E-01
   8.348   0.1007    8.6580E-01
   8.362   0.0992    8.9595E-01
   8.375   0.0979    9.2657E-01
   8.389   0.0970    9.5778E-01
   8.402   0.0964    9.8969E-01
   8.416   0.0962    1.0223E+00
   8.430   0.0966    1.0560E+00
   8.443   0.0975    1.0911E+00
   8.457   0.0993    1.1276E+00
   8.471   0.1020    1.1661E+00
   8.485   0.1063    1.2070E+00
   8.498   0.1128    1.2511E+00
   8.513   0.1227    1.2994E+00
   8.527   0.1384    1.3532E+00
   8.540   0.1642    1.4139E+00
   8.555   0.2097    1.4830E+00
   8.569   0.2949    1.5543E+00
   8.583   0.4513    1.5875E+00
   8.597   0.6392    1.4655E+00
   8.612   0.6333    1.2160E+00
   8.626   0.4560    1.1031E+00
   8.640   0.3054    1.1321E+00
   8.655   0.2201    1.2029E+00
   8.669   0.1740    1.2750E+00
   8.684   0.1480    1.3409E+00
   8.698   0.1323    1.4016E+00
   8.713   0.1226    1.4582E+00
   8.728   0.1165    1.5122E+00
   8.742   0.1127    1.5645E+00
   8.757   0.1106    1.6158E+00
   8.772   0.1097    1.6667E+00
   8.787   0.1096    1.7178E+00
   8.802   0.1103    1.7693E+00
   8.817   0.1117    1.8212E+00
   8.832   0.1136    1.8745E+00
   8.846   0.1161    1.9291E+00
   8.862   0.1191    1.9852E+00
   8.877   0.1226    2.0432E+00
   8.892   0.1267    2.1032E+00
   8.908   0.1314    2.1655E+00
   8.923   0.1367    2.2305E+00
   8.938   0.1427    2.2984E+00
   8.954   0.1496    2.3697E+00
   8.969   0.1573    2.4443E+00
   8.985   0.1660    2.5235E+00
   9.000   0.1759    2.6074E+00
   9.016   0.1873    2.6967E+00
   9.032   0.2002    2.7920E+00
   9.047   0.2152    2.8942E+00
   9.064   0.2325    3.0044E+00
   9.079   0.2527    3.1238E+00
   9.095   0.2765    3.2538E+00
   9.111   0.3047    3.3956E+00
   9.127   0.3387    3.5529E+00
   9.143   0.3803    3.7280E+00
   9.159   0.4318    3.9246E+00
   9.176   0.4970    4.1476E+00
   9.192   0.5812    4.4035E+00
   9.208   0.6932    4.7009E+00
   9.224   0.8471    5.0514E+00
   9.241   1.0674    5.4703E+00
   9.258   1.3969    5.9729E+00
   9.274   1.9254    6.5768E+00
   9.291   2.8207    7.2427E+00
   9.308   4.3512    7.7112E+00
   9.324   6.4600    7.1830E+00
   9.341   7.8266    5.2809E+00
   9.358   7.7876    3.4030E+00
   9.375   7.2073    2.2320E+00
   9.391   6.6004    1.5545E+00
   9.409   6.0821    1.1448E+00
   9.426   5.6578    8.8244E-01
   9.443   5.3062    7.0310E-01
   9.460   5.0132    5.7558E-01
   9.478   4.7657    4.8148E-01
   9.495   4.5538    4.0987E-01
   9.512   4.3702    3.5401E-01
   9.530   4.2094    3.0948E-01
   9.547   4.0674    2.7336E-01
   9.565   3.9408    2.4360E-01
   9.582   3.8277    2.1887E-01
   9.601   3.7250    1.9786E-01
   9.618   3.6317    1.7994E-01
   9.636   3.5465    1.6451E-01
   9.654   3.4683    1.5112E-01
   9.672   3.3963    1.3942E-01
   9.690   3.3296    1.2911E-01
   9.709   3.2678    1.1999E-01
   9.727   3.2101    1.1188E-01
   9.745   3.1563    1.0462E-01
   9.763   3.1062    9.8132E-02
   9.782   3.0589    9.2246E-02
   9.800   3.0143    8.6916E-02
   9.818   2.9723    8.2073E-02
   9.838   2.9326    7.7657E-02
   9.856   2.8950    7.3617E-02
   9.875   2.8593    6.9913E-02
   9.893   2.8254    6.6506E-02
   9.913   2.7931    6.3365E-02
   9.931   2.7625    6.0477E-02
   9.950   2.7332    5.7788E-02
   9.970   2.7051    5.5292E-02
   9.989   2.6782    5.2972E-02
  10.008   2.6525    5.0811E-02
  10.027   2.6278    4.8794E-02
  10.047   2.6040    4.6909E-02
  10.066   2.5812    4.5144E-02
  10.086   2.5592    4.3490E-02
  10.106   2.5382    4.1945E-02
  10.125   2.5177    4.0485E-02
  10.145   2.4980    3.9112E-02
  10.165   2.4790    3.7817E-02
  10.185   2.4606    3.6597E-02
  10.205   2.4427    3.5445E-02
  10.225   2.4255    3.4356E-02
  10.245   2.4087    3.3326E-02
  10.266   2.3925    3.2351E-02
  10.286   2.3767    3.1427E-02
  10.307   2.3614    3.0556E-02
  10.327   2.3465    2.9726E-02
  10.348   2.3320    2.8937E-02
  10.368   2.3179    2.8188E-02
  10.389   2.3041    2.7477E-02
  10.410   2.2907    2.6801E-02
  10.431   2.2776    2.6157E-02
  10.452   2.2648    2.5546E-02
  10.473   2.2523    2.4964E-02
  10.494   2.2402    2.4413E-02
  10.516   2.2282    2.3885E-02
  10.537   2.2165    2.3384E-02
  10.558   2.2050    2.2906E-02
  10.580   2.1938    2.2452E-02
  10.602   2.1828    2.2020E-02
  10.623   2.1720    2.1609E-02
  10.645   2.1614    2.1219E-02
  10.667   2.1509    2.0848E-02
  10.689   2.1407    2.0496E-02
  10.711   2.1306    2.0164E-02
  10.733   2.1207    1.9848E-02
  10.756   2.1109    1.9549E-02
  10.778   2.1013    1.9267E-02
  10.800   2.0917    1.9001E-02
  10.823   2.0823    1.8751E-02
  10.846   2.0731    1.8517E-02
  10.868   2.0639    1.8298E-02
  10.891   2.0548    1.8094E-02
  10.914   2.0458    1.7906E-02
  10.937   2.0369    1.7732E-02
  10.960   2.0281    1.7573E-02
  10.983   2.0193    1.7429E-02
  11.007   2.0106    1.7299E-02
  11.030   2.0020    1.7185E-02
  11.054   1.9934    1.7086E-02
  11.077   1.9848    1.7003E-02
  11.101   1.9762    1.6935E-02
  11.125   1.9677    1.6884E-02
  11.149   1.9592    1.6850E-02
  11.173   1.9507    1.6833E-02
  11.197   1.9422    1.6833E-02
  11.221   1.9337    1.6853E-02
  11.246   1.9251    1.6892E-02
  11.270   1.9165    1.6952E-02
  11.295   1.9078    1.7034E-02
  11.319   1.8991    1.7140E-02
  11.344   1.8904    1.7270E-02
  11.369   1.8815    1.7426E-02
  11.394   1.8726    1.7612E-02
  11.419   1.8635    1.7829E-02
  11.444   1.8542    1.8080E-02
  11.469   1.8449    1.8367E-02
  11.495   1.8353    1.8695E-02
  11.521   1.8256    1.9068E-02
  11.546   1.8156    1.9490E-02
  11.572   1.8054    1.9968E-02
  11.598   1.7949    2.0503E-02
  11.624   1.7841    2.1110E-02
  11.650   1.7730    2.1794E-02
  11.676   1.7614    2.2566E-02
  11.703   1.7494    2.3439E-02
  11.729   1.7370    2.4426E-02
  11.756   1.7239    2.5545E-02
  11.782   1.7102    2.6818E-02
  11.809   1.6958    2.8270E-02
  11.836   1.6806    2.9934E-02
  11.863   1.6645    3.1836E-02
  11.890   1.6472    3.4047E-02
  11.918   1.6287    3.6618E-02
  11.945   1.6088    3.9627E-02
  11.973   1.5871    4.3178E-02
  12.000   1.5635    4.7402E-02
  12.028   1.5375    5.2480E-02
  12.056   1.5086    5.8653E-02
  12.084   1.4764    6.6259E-02
  12.113   1.4401    7.5723E-02
  12.141   1.3984    8.7845E-02
  12.169   1.3501    1.0365E-01
  12.198   1.2934    1.2483E-01
  12.227   1.2258    1.5421E-01
  12.256   1.1441    1.9675E-01
  12.285   1.0448    2.6176E-01
  12.314   0.9273    3.6700E-01
  12.343   0.8073    5.4011E-01
  12.373   0.7302    7.9302E-01
  12.402   0.7321    1.0971E+00
  12.432   0.8224    1.4363E+00
  12.462   1.0293    1.8077E+00
  12.492   1.4320    2.1839E+00
  12.522   2.1403    2.3933E+00
  12.553   2.9556    2.0534E+00
  12.583   3.2663    1.3391E+00
  12.614   3.1685    8.1690E-01
  12.644   2.9877    5.2561E-01
  12.675   2.8256    3.6251E-01
  12.706   2.6936    2.6406E-01
  12.738   2.5879    2.0111E-01
  12.769   2.5024    1.5863E-01
  12.800   2.4321    1.2868E-01
  12.832   2.3732    1.0679E-01
  12.864   2.3233    9.0325E-02
  12.896   2.2802    7.7633E-02
  12.928   2.2426    6.7647E-02
  12.960   2.2097    5.9691E-02
  12.993   2.1801    5.3191E-02
  13.026   2.1536    4.7844E-02
  13.058   2.1295    4.3397E-02
  13.091   2.1075    3.9664E-02
  13.125   2.0873    3.6505E-02
  13.158   2.0686    3.3815E-02
  13.191   2.0512    3.1511E-02
  13.225   2.0349    2.9530E-02
  13.259   2.0196    2.7823E-02
  13.293   2.0052    2.6357E-02
  13.327   1.9914    2.5085E-02
  13.361   1.9782    2.3991E-02
  13.396   1.9656    2.3057E-02
  13.431   1.9534    2.2268E-02
  13.465   1.9417    2.1612E-02
  13.501   1.9302    2.1083E-02
  13.536   1.9190    2.0677E-02
  13.571   1.9081    2.0393E-02
  13.607   1.8973    2.0235E-02
  13.643   1.8865    2.0209E-02
  13.679   1.8758    2.0328E-02
  13.715   1.8650    2.0611E-02
  13.751   1.8541    2.1084E-02
  13.788   1.8430    2.1787E-02
  13.825   1.8315    2.2773E-02
  13.862   1.8196    2.4121E-02
  13.899   1.8071    2.5944E-02
  13.936   1.7938    2.8407E-02
  13.974   1.7794    3.1746E-02
  14.011   1.7636    3.6389E-02
  14.049   1.7459    4.2966E-02
  14.087   1.7257    5.2570E-02
  14.126   1.7024    6.7140E-02
  14.165   1.6755    9.0271E-02
  14.203   1.6464    1.2879E-01
  14.242   1.6229    1.9466E-01
  14.282   1.6353    2.9884E-01
  14.321   1.7402    4.0298E-01
  14.361   1.9096    3.9241E-01
  14.401   1.9992    2.8050E-01
  14.441   2.0027    1.8155E-01
  14.481   1.9776    1.2067E-01
  14.522   1.9491    8.4915E-02
  14.562   1.9235    6.3145E-02
  14.603   1.9015    4.9194E-02
  14.645   1.8827    3.9814E-02
  14.686   1.8664    3.3266E-02
  14.728   1.8520    2.8484E-02
  14.770   1.8391    2.4909E-02
  14.812   1.8274    2.2167E-02
  14.854   1.8166    2.0020E-02
  14.897   1.8066    1.8307E-02
  14.940   1.7973    1.6920E-02
  14.983   1.7884    1.5781E-02
  15.027   1.7799    1.4835E-02
  15.071   1.7718    1.4041E-02
  15.114   1.7641    1.3373E-02
  15.158   1.7565    1.2800E-02
  15.203   1.7491    1.2309E-02
  15.248   1.7419    1.1885E-02
  15.293   1.7349    1.1519E-02
  15.338   1.7279    1.1201E-02
  15.383   1.7211    1.0925E-02
  15.429   1.7144    1.0684E-02
  15.475   1.7077    1.0475E-02
  15.521   1.7011    1.0294E-02
  15.568   1.6945    1.0136E-02
  15.615   1.6879    1.0000E-02
  15.662   1.6814    9.8843E-03
  15.710   1.6748    9.7860E-03
  15.757   1.6683    9.7041E-03
  15.806   1.6617    9.6372E-03
  15.854   1.6551    9.5843E-03
  15.903   1.6485    9.5446E-03
  15.951   1.6419    9.5171E-03
  16.000   1.6352    9.5015E-03
  16.050   1.6285    9.4970E-03
  16.100   1.6217    9.5033E-03
  16.150   1.6148    9.5200E-03
  16.201   1.6079    9.5471E-03
  16.251   1.6009    9.5842E-03
  16.303   1.5938    9.6313E-03
  16.354   1.5866    9.6883E-03
  16.406   1.5793    9.7552E-03
  16.458   1.5719    9.8317E-03
  16.510   1.5644    9.9187E-03
  16.563   1.5567    1.0016E-02
  16.616   1.5490    1.0124E-02
  16.669   1.5410    1.0242E-02
  16.723   1.5329    1.0372E-02
  16.777   1.5247    1.0513E-02
  16.832   1.5163    1.0667E-02
  16.887   1.5077    1.0832E-02
  16.942   1.4989    1.1011E-02
  16.997   1.4900    1.1202E-02
  17.053   1.4807    1.1409E-02
  17.110   1.4713    1.1631E-02
  17.166   1.4616    1.1870E-02
  17.223   1.4516    1.2125E-02
  17.281   1.4414    1.2399E-02
  17.338   1.4309    1.2692E-02
  17.397   1.4200    1.3006E-02
  17.455   1.4089    1.3342E-02
  17.514   1.3974    1.3701E-02
  17.573   1.3855    1.4088E-02
  17.633   1.3732    1.4504E-02
  17.694   1.3604    1.4950E-02
  17.754   1.3472    1.5429E-02
  17.815   1.3335    1.5945E-02
  17.877   1.3193    1.6502E-02
  17.938   1.3044    1.7102E-02
  18.001   1.2890    1.7752E-02
  18.063   1.2730    1.8452E-02
  18.126   1.2562    1.9215E-02
  18.190   1.2386    2.0046E-02
  18.254   1.2202    2.0952E-02
  18.319   1.2008    2.1943E-02
  18.384   1.1805    2.3031E-02
  18.449   1.1590    2.4228E-02
  18.515   1.1363    2.5552E-02
  18.581   1.1123    2.7023E-02
  18.648   1.0867    2.8665E-02
  18.715   1.0597    3.0497E-02
  18.783   1.0306    3.2578E-02
  18.852   0.9994    3.4948E-02
  18.920   0.9658    3.7671E-02
  18.990   0.9294    4.0835E-02
  19.060   0.8898    4.4558E-02
  19.130   0.8464    4.9013E-02
  19.201   0.7983    5.4453E-02
  19.272   0.7445    6.1278E-02
  19.344   0.6840    7.0111E-02
  19.416   0.6140    8.2280E-02
  19.489   0.5312    1.0035E-01
  19.563   0.4308    1.3087E-01
  19.637   0.3095    1.9306E-01
  19.712   0.2017    3.1460E-01
  19.787   0.1493    4.5266E-01
  19.863   0.1253    5.7534E-01
  19.939   0.1126    6.8552E-01
  20.016   0.1052    7.8778E-01
  20.094   0.1008    8.8467E-01
  20.172   0.0984    9.7922E-01
  20.251   0.0975    1.0724E+00
  20.330   0.0976    1.1654E+00
  20.410   0.0988    1.2591E+00
  20.491   0.1010    1.3544E+00
  20.572   0.1040    1.4522E+00
  20.654   0.1080    1.5534E+00
  20.737   0.1131    1.6589E+00
  20.820   0.1193    1.7692E+00
  20.904   0.1270    1.8866E+00
  20.989   0.1365    2.0120E+00
  21.074   0.1481    2.1474E+00
  21.160   0.1625    2.2948E+00
  21.247   0.1805    2.4572E+00
  21.334   0.2034    2.6385E+00
  21.423   0.2331    2.8438E+00
  21.511   0.2728    3.0805E+00
  21.601   0.3271    3.3577E+00
  21.691   0.4058    3.6942E+00
  21.782   0.5261    4.1146E+00
  21.874   0.7259    4.6616E+00
  21.967   1.0990    5.4090E+00
  22.060   1.9275    6.4601E+00
  22.155   4.1361    7.5439E+00
  22.250   7.5607    5.6060E+00
  22.346   7.2992    2.4925E+00
  22.443   6.2096    1.2780E+00
  22.540   5.4210    7.8271E-01
  22.638   4.8623    5.3501E-01
  22.738   4.4501    3.9379E-01
  22.838   4.1317    3.0531E-01
  22.939   3.8763    2.4608E-01
  23.041   3.6648    2.0452E-01
  23.144   3.4849    1.7434E-01
  23.248   3.3283    1.5193E-01
  23.353   3.1890    1.3508E-01
  23.458   3.0630    1.2247E-01
  23.564   2.9456    1.1309E-01
  23.672   2.8344    1.0651E-01
  23.781   2.7267    1.0245E-01
  23.890   2.6198    1.0089E-01
  24.001   2.5106    1.0207E-01
  24.113   2.3956    1.0660E-01
  24.225   2.2701    1.1568E-01
  24.339   2.1271    1.3164E-01
  24.454   1.9557    1.5933E-01
  24.569   1.7375    2.0973E-01
  24.687   1.4333    3.1641E-01
  24.805   0.9957    6.1255E-01
  24.924   0.6870    1.3233E+00
  25.045   0.7208    2.1820E+00
  25.166   1.0657    3.2495E+00
  25.289   2.4111    4.7292E+00
  25.413   5.8810    3.5566E+00
  25.538   5.3122    1.0931E+00
  25.664   4.5278    4.8755E-01
  25.792   4.0667    2.7903E-01
  25.921   3.7721    1.8397E-01
  26.051   3.5666    1.3246E-01
  26.183   3.4139    1.0124E-01
  26.316   3.2951    8.0770E-02
  26.450   3.1993    6.6550E-02
  26.586   3.1199    5.6215E-02
  26.723   3.0528    4.8430E-02
  26.861   2.9949    4.2393E-02
  27.001   2.9446    3.7619E-02
  27.142   2.8999    3.3725E-02
  27.285   2.8599    3.0513E-02
  27.430   2.8239    2.7822E-02
  27.576   2.7912    2.5538E-02
  27.723   2.7613    2.3578E-02
  27.872   2.7338    2.1878E-02
  28.023   2.7084    2.0390E-02
  28.175   2.6848    1.9079E-02
  28.329   2.6630    1.7919E-02
  28.484   2.6425    1.6877E-02
  28.642   2.6233    1.5940E-02
  28.801   2.6052    1.5093E-02
  28.962   2.5881    1.4324E-02
  29.125   2.5720    1.3622E-02
  29.289   2.5567    1.2979E-02
  29.456   2.5422    1.2388E-02
  29.624   2.5284    1.1843E-02
  29.794   2.5153    1.1342E-02
  29.966   2.5028    1.0874E-02
30.00 2.500 1.079e-2
30.50 2.468 9.643e-3
31.00 2.440 8.721e-3
31.50 2.416 7.962e-3
32.00 2.395 7.326e-3
50.00 2.214 2.86e-3
52.63 2.200 2.68e-3
55.56 2.188 2.48e-3
58.82 2.178 2.29e-3
62.50 2.169 2.14e-3
66.67 2.161 1.91e-3
71.43 2.154 1.82e-3
72.73 2.152 1.85e-3
74.07 2.150 2.36e-3
75.47 2.148 3.60e-3
76.92 2.147 6.18e-3
78.43 2.147 6.74e-3
80.00 2.148 3.69e-3
81.63 2.146 1.56e-3
83.33 2.144 1.06e-3
90.91 2.136 9.40e-4
100.0 2.132 9.55e-4
111.1 2.128 8.84e-4
125.0 2.124 8.95e-4
142.9 2.121 9.10e-4
166.7 2.119 7.96e-4
200.0 2.1114 7.96e-4
250.0 2.1096 7.96e-4
333.3 2.1081 7.96e-4
500.0 2.1070 -1.e+32
1000. 2.1063 -1.e+32