alpha-SiO2 extraordinary ray from Handbook of optical constants of 
solids, edited by E.D. Palik (1985) Academic Press.  Values set to 
-1.e+32 where data is not provided.  Values between 4.99 and 32.001
microns come from application of dispersion calculations using the
oscillator parameters from Spitzer and Kleinman, Phys. Rev., 121, 1324,
1961.  Data beyond 32.001 microns is from the Palik reference.
Wavel.    real imag.
microns  index index
--------------------
0.1851 1.68988 -1.e+32
0.185467 1.68997 -1.e+32
0.193583 1.67343 -1.e+32
0.1980 1.66394 -1.e+32
0.20006 1.66227 -1.e+32
0.20255 1.65842 -1.e+32
0.204448 1.65562 -1.e+32
0.21107 1.64671 -1.e+32
0.214439 1.64262 -1.e+32
0.2194621.63698 -1.e+32
0.226503 1.62992 -1.e+32
0.2310 1.62555 -1.e+32
0.2312881.62559 -1.e+32
0.242796 1.61650 -1.e+32
0.250329 1.61139 -1.e+32
0.257304 1.60714 -1.e+32
0.263155 1.60389 -1.e+32
0.274867 1.59813 -1.e+32
0.291358 1.59136 -1.e+32
0.303412 1.58720 -1.e+32
0.312279 1.584485 -1.e+32
0.325253 1.58095 -1.e+32
0.3400 1.57737 -1.e+32
0.340365 1.577385 -1.e+32
0.35868 1.573705 -1.e+32
0.3940 1.56805 -1.e+32
0.396848 1.56772 -1.e+32
0.404656 1.56671 -1.e+32
0.410174 1.566031 -1.e+32
0.4340 1.56339 -1.e+32
0.434047 1.563405 -1.e+32
0.435834 1.563225 -1.e+32
0.467815 1.560368 -1.e+32
0.479991 1.550118 -1.e+32
0.486133 1.558979 -1.e+32
0.5080 1.55746 -1.e+32
0.508582 1.557475 -1.e+32
0.518362 1.55687 -1.e+32
0.53385 1.555996 -1.e+32
0.546072 1.555350 -1.e+32
0.579066 1.553791 -1.e+32
0.587563 1.553428 -1.e+32
0.58929 1.553355 -1.e+32
0.5893 1.55335 -1.e+32
0.62782 1.551880 -1.e+32
0.643847 1.551332 -1.e+32
0.656278 1.550929 -1.e+32
0.667815 1.550573 -1.e+32
0.670786 1.550483 -1.e+32
0.706520 1.549472 -1.e+32
0.728135 1.548913 -1.e+32
0.766494 1.548005 -1.e+32
0.7680 1.54794 -1.e+32
0.794763 1.547392 -1.e+32
0.8325 1.54661 -1.e+32
0.84467 1.54640 -1.e+32
0.9914 1.54392 -1.e+32
1.00000 1.54381 -1.e+32
1.01406 1.54360 -1.e+32
1.08303 1.54260 -1.e+32
1.1592 1.54152 -1.e+32
1.20000 1.54098 -1.e+32
1.30000 1.53962 -1.e+32
1.3070 1.53951 -1.e+32
1.3958 1.53832 -1.e+32
1.40000 1.53826 -1.e+32
1.4792 1.53716 -1.e+32
1.52961 1.53646 -1.e+32
1.5414 1.53630 -1.e+32
1.60000 1.53545 -1.e+32
1.6815 1.53422 -1.e+32
1.7614 1.53301 -1.e+32
1.80000  1.53242 -1.e+32
1.9457 1.53004 -1.e+32
2.0531 1.52823 -1.e+32
2.05820 1.52814 -1.e+32
2.50000 1.5195 -1.e+32
3.000 1.507 -1.e+32
3.500 1.492 -1.e+32
4.000 1.473 -1.e+32
4.200 1.465 -1.e+32
4.400 1.455 -1.e+32
4.600 1.444 -1.e+32
4.800 1.432 -1.e+32
   4.999   1.4208    6.3567E-04
   5.004   1.4204    6.3858E-04
   5.009   1.4201    6.4151E-04
   5.014   1.4198    6.4446E-04
   5.019   1.4194    6.4743E-04
   5.023   1.4191    6.5042E-04
   5.028   1.4188    6.5344E-04
   5.033   1.4184    6.5645E-04
   5.038   1.4181    6.5950E-04
   5.043   1.4178    6.6258E-04
   5.048   1.4174    6.6567E-04
   5.053   1.4171    6.6878E-04
   5.058   1.4167    6.7192E-04
   5.063   1.4164    6.7508E-04
   5.068   1.4160    6.7826E-04
   5.073   1.4157    6.8146E-04
   5.077   1.4153    6.8466E-04
   5.083   1.4150    6.8791E-04
   5.088   1.4146    6.9117E-04
   5.092   1.4142    6.9446E-04
   5.098   1.4139    6.9778E-04
   5.103   1.4135    7.0111E-04
   5.108   1.4132    7.0447E-04
   5.113   1.4128    7.0785E-04
   5.118   1.4124    7.1126E-04
   5.123   1.4121    7.1469E-04
   5.128   1.4117    7.1813E-04
   5.133   1.4113    7.2160E-04
   5.138   1.4109    7.2511E-04
   5.143   1.4106    7.2863E-04
   5.148   1.4102    7.3219E-04
   5.153   1.4098    7.3577E-04
   5.158   1.4094    7.3937E-04
   5.163   1.4090    7.4300E-04
   5.169   1.4087    7.4665E-04
   5.174   1.4083    7.5032E-04
   5.179   1.4079    7.5403E-04
   5.184   1.4075    7.5776E-04
   5.189   1.4071    7.6152E-04
   5.195   1.4067    7.6531E-04
   5.200   1.4063    7.6913E-04
   5.205   1.4059    7.7298E-04
   5.210   1.4055    7.7685E-04
   5.215   1.4051    7.8075E-04
   5.221   1.4047    7.8466E-04
   5.226   1.4043    7.8862E-04
   5.231   1.4039    7.9261E-04
   5.236   1.4035    7.9663E-04
   5.242   1.4031    8.0067E-04
   5.247   1.4027    8.0475E-04
   5.252   1.4023    8.0886E-04
   5.258   1.4018    8.1300E-04
   5.263   1.4014    8.1717E-04
   5.268   1.4010    8.2137E-04
   5.274   1.4006    8.2558E-04
   5.279   1.4001    8.2985E-04
   5.285   1.3997    8.3414E-04
   5.290   1.3993    8.3847E-04
   5.295   1.3988    8.4284E-04
   5.301   1.3984    8.4723E-04
   5.306   1.3980    8.5166E-04
   5.312   1.3975    8.5613E-04
   5.317   1.3971    8.6063E-04
   5.323   1.3967    8.6514E-04
   5.328   1.3962    8.6970E-04
   5.334   1.3958    8.7431E-04
   5.339   1.3953    8.7895E-04
   5.344   1.3949    8.8362E-04
   5.350   1.3944    8.8833E-04
   5.356   1.3939    8.9308E-04
   5.361   1.3935    8.9787E-04
   5.367   1.3930    9.0269E-04
   5.372   1.3926    9.0756E-04
   5.378   1.3921    9.1243E-04
   5.383   1.3916    9.1737E-04
   5.389   1.3911    9.2235E-04
   5.395   1.3907    9.2737E-04
   5.400   1.3902    9.3243E-04
   5.406   1.3897    9.3753E-04
   5.412   1.3892    9.4267E-04
   5.417   1.3887    9.4785E-04
   5.423   1.3883    9.5307E-04
   5.429   1.3878    9.5831E-04
   5.434   1.3873    9.6362E-04
   5.440   1.3868    9.6897E-04
   5.446   1.3863    9.7437E-04
   5.451   1.3858    9.7981E-04
   5.457   1.3853    9.8530E-04
   5.463   1.3848    9.9083E-04
   5.469   1.3843    9.9640E-04
   5.474   1.3837    1.0020E-03
   5.480   1.3832    1.0077E-03
   5.486   1.3827    1.0134E-03
   5.492   1.3822    1.0191E-03
   5.498   1.3817    1.0250E-03
   5.503   1.3811    1.0308E-03
   5.509   1.3806    1.0367E-03
   5.515   1.3801    1.0427E-03
   5.521   1.3795    1.0487E-03
   5.527   1.3790    1.0548E-03
   5.533   1.3785    1.0609E-03
   5.539   1.3779    1.0670E-03
   5.544   1.3774    1.0732E-03
   5.551   1.3768    1.0795E-03
   5.556   1.3763    1.0859E-03
   5.562   1.3757    1.0922E-03
   5.569   1.3752    1.0987E-03
   5.574   1.3746    1.1052E-03
   5.580   1.3740    1.1117E-03
   5.587   1.3734    1.1183E-03
   5.593   1.3729    1.1250E-03
   5.598   1.3723    1.1317E-03
   5.604   1.3717    1.1385E-03
   5.611   1.3711    1.1453E-03
   5.617   1.3706    1.1522E-03
   5.623   1.3700    1.1592E-03
   5.629   1.3694    1.1662E-03
   5.635   1.3688    1.1733E-03
   5.641   1.3682    1.1805E-03
   5.647   1.3676    1.1877E-03
   5.654   1.3670    1.1950E-03
   5.660   1.3663    1.2023E-03
   5.666   1.3657    1.2097E-03
   5.672   1.3651    1.2172E-03
   5.678   1.3645    1.2248E-03
   5.684   1.3639    1.2324E-03
   5.691   1.3632    1.2401E-03
   5.697   1.3626    1.2479E-03
   5.703   1.3620    1.2557E-03
   5.709   1.3613    1.2636E-03
   5.716   1.3607    1.2716E-03
   5.722   1.3600    1.2797E-03
   5.728   1.3594    1.2878E-03
   5.735   1.3587    1.2960E-03
   5.741   1.3581    1.3043E-03
   5.747   1.3574    1.3127E-03
   5.754   1.3567    1.3212E-03
   5.760   1.3560    1.3297E-03
   5.767   1.3554    1.3383E-03
   5.773   1.3547    1.3470E-03
   5.779   1.3540    1.3558E-03
   5.786   1.3533    1.3647E-03
   5.792   1.3526    1.3736E-03
   5.799   1.3519    1.3827E-03
   5.806   1.3512    1.3918E-03
   5.812   1.3505    1.4010E-03
   5.818   1.3498    1.4103E-03
   5.825   1.3491    1.4198E-03
   5.832   1.3483    1.4292E-03
   5.838   1.3476    1.4388E-03
   5.845   1.3469    1.4485E-03
   5.851   1.3461    1.4583E-03
   5.858   1.3454    1.4682E-03
   5.864   1.3446    1.4782E-03
   5.871   1.3439    1.4883E-03
   5.878   1.3431    1.4985E-03
   5.884   1.3424    1.5088E-03
   5.891   1.3416    1.5191E-03
   5.898   1.3408    1.5296E-03
   5.905   1.3401    1.5403E-03
   5.911   1.3393    1.5510E-03
   5.918   1.3385    1.5618E-03
   5.925   1.3377    1.5728E-03
   5.932   1.3369    1.5839E-03
   5.938   1.3361    1.5951E-03
   5.945   1.3353    1.6064E-03
   5.952   1.3345    1.6178E-03
   5.959   1.3336    1.6293E-03
   5.966   1.3328    1.6410E-03
   5.973   1.3320    1.6528E-03
   5.979   1.3311    1.6647E-03
   5.986   1.3303    1.6767E-03
   5.993   1.3295    1.6889E-03
   6.000   1.3286    1.7012E-03
   6.007   1.3277    1.7137E-03
   6.014   1.3269    1.7263E-03
   6.021   1.3260    1.7390E-03
   6.028   1.3251    1.7518E-03
   6.035   1.3242    1.7648E-03
   6.042   1.3233    1.7780E-03
   6.049   1.3224    1.7913E-03
   6.056   1.3215    1.8048E-03
   6.064   1.3206    1.8184E-03
   6.071   1.3197    1.8321E-03
   6.078   1.3188    1.8461E-03
   6.085   1.3178    1.8601E-03
   6.092   1.3169    1.8743E-03
   6.099   1.3159    1.8887E-03
   6.106   1.3150    1.9033E-03
   6.114   1.3140    1.9180E-03
   6.121   1.3131    1.9329E-03
   6.128   1.3121    1.9480E-03
   6.135   1.3111    1.9633E-03
   6.143   1.3101    1.9787E-03
   6.150   1.3091    1.9943E-03
   6.157   1.3081    2.0101E-03
   6.164   1.3071    2.0261E-03
   6.172   1.3061    2.0423E-03
   6.179   1.3050    2.0587E-03
   6.186   1.3040    2.0753E-03
   6.194   1.3030    2.0920E-03
   6.201   1.3019    2.1090E-03
   6.208   1.3008    2.1262E-03
   6.216   1.2998    2.1437E-03
   6.224   1.2987    2.1612E-03
   6.231   1.2976    2.1790E-03
   6.238   1.2965    2.1971E-03
   6.246   1.2954    2.2154E-03
   6.254   1.2943    2.2340E-03
   6.261   1.2932    2.2527E-03
   6.269   1.2920    2.2717E-03
   6.276   1.2909    2.2910E-03
   6.284   1.2897    2.3105E-03
   6.292   1.2886    2.3302E-03
   6.299   1.2874    2.3501E-03
   6.307   1.2862    2.3704E-03
   6.314   1.2850    2.3909E-03
   6.322   1.2838    2.4117E-03
   6.330   1.2826    2.4328E-03
   6.338   1.2814    2.4541E-03
   6.346   1.2802    2.4757E-03
   6.353   1.2789    2.4977E-03
   6.361   1.2777    2.5199E-03
   6.369   1.2764    2.5423E-03
   6.377   1.2751    2.5651E-03
   6.384   1.2739    2.5882E-03
   6.392   1.2726    2.6117E-03
   6.400   1.2713    2.6354E-03
   6.408   1.2699    2.6596E-03
   6.416   1.2686    2.6840E-03
   6.424   1.2673    2.7088E-03
   6.432   1.2659    2.7339E-03
   6.440   1.2645    2.7594E-03
   6.448   1.2632    2.7851E-03
   6.456   1.2618    2.8113E-03
   6.464   1.2604    2.8379E-03
   6.472   1.2590    2.8649E-03
   6.480   1.2575    2.8922E-03
   6.488   1.2561    2.9200E-03
   6.496   1.2546    2.9482E-03
   6.504   1.2532    2.9767E-03
   6.513   1.2517    3.0058E-03
   6.521   1.2502    3.0350E-03
   6.529   1.2487    3.0649E-03
   6.537   1.2471    3.0952E-03
   6.546   1.2456    3.1260E-03
   6.554   1.2440    3.1573E-03
   6.562   1.2425    3.1890E-03
   6.571   1.2409    3.2212E-03
   6.579   1.2393    3.2540E-03
   6.587   1.2377    3.2872E-03
   6.595   1.2360    3.3208E-03
   6.604   1.2344    3.3550E-03
   6.612   1.2327    3.3898E-03
   6.621   1.2310    3.4252E-03
   6.630   1.2293    3.4612E-03
   6.638   1.2276    3.4977E-03
   6.646   1.2259    3.5348E-03
   6.655   1.2241    3.5725E-03
   6.664   1.2224    3.6108E-03
   6.672   1.2206    3.6498E-03
   6.680   1.2188    3.6892E-03
   6.689   1.2170    3.7294E-03
   6.698   1.2151    3.7704E-03
   6.706   1.2133    3.8120E-03
   6.715   1.2114    3.8544E-03
   6.724   1.2095    3.8974E-03
   6.733   1.2075    3.9412E-03
   6.742   1.2056    3.9858E-03
   6.750   1.2036    4.0311E-03
   6.759   1.2016    4.0770E-03
   6.768   1.1996    4.1240E-03
   6.777   1.1976    4.1718E-03
   6.786   1.1955    4.2204E-03
   6.794   1.1935    4.2699E-03
   6.804   1.1914    4.3203E-03
   6.812   1.1892    4.3716E-03
   6.821   1.1871    4.4239E-03
   6.830   1.1849    4.4771E-03
   6.839   1.1827    4.5313E-03
   6.848   1.1805    4.5863E-03
   6.857   1.1782    4.6426E-03
   6.867   1.1760    4.6999E-03
   6.876   1.1737    4.7584E-03
   6.885   1.1713    4.8179E-03
   6.894   1.1690    4.8786E-03
   6.903   1.1666    4.9406E-03
   6.912   1.1642    5.0037E-03
   6.921   1.1617    5.0681E-03
   6.931   1.1592    5.1334E-03
   6.940   1.1567    5.2004E-03
   6.949   1.1542    5.2687E-03
   6.958   1.1516    5.3385E-03
   6.968   1.1490    5.4096E-03
   6.977   1.1464    5.4823E-03
   6.987   1.1437    5.5565E-03
   6.996   1.1410    5.6322E-03
   7.006   1.1382    5.7095E-03
   7.015   1.1354    5.7885E-03
   7.024   1.1326    5.8688E-03
   7.034   1.1298    5.9513E-03
   7.044   1.1269    6.0355E-03
   7.053   1.1240    6.1216E-03
   7.063   1.1210    6.2097E-03
   7.073   1.1180    6.2997E-03
   7.082   1.1149    6.3918E-03
   7.092   1.1118    6.4859E-03
   7.102   1.1087    6.5823E-03
   7.111   1.1055    6.6804E-03
   7.121   1.1023    6.7812E-03
   7.131   1.0990    6.8845E-03
   7.141   1.0956    6.9903E-03
   7.151   1.0923    7.0986E-03
   7.161   1.0888    7.2095E-03
   7.171   1.0854    7.3232E-03
   7.180   1.0818    7.4396E-03
   7.190   1.0782    7.5590E-03
   7.200   1.0746    7.6808E-03
   7.210   1.0709    7.8063E-03
   7.220   1.0672    7.9351E-03
   7.231   1.0633    8.0672E-03
   7.241   1.0595    8.2028E-03
   7.251   1.0555    8.3420E-03
   7.261   1.0515    8.4849E-03
   7.271   1.0474    8.6317E-03
   7.281   1.0433    8.7826E-03
   7.291   1.0391    8.9376E-03
   7.302   1.0348    9.0961E-03
   7.312   1.0305    9.2599E-03
   7.322   1.0261    9.4284E-03
   7.332   1.0216    9.6019E-03
   7.343   1.0170    9.7804E-03
   7.353   1.0123    9.9641E-03
   7.364   1.0076    1.0153E-02
   7.375   1.0027    1.0348E-02
   7.385   0.9978    1.0550E-02
   7.395   0.9928    1.0756E-02
   7.406   0.9877    1.0970E-02
   7.417   0.9825    1.1190E-02
   7.427   0.9772    1.1418E-02
   7.438   0.9718    1.1653E-02
   7.449   0.9662    1.1896E-02
   7.459   0.9606    1.2147E-02
   7.470   0.9549    1.2407E-02
   7.481   0.9490    1.2676E-02
   7.492   0.9430    1.2954E-02
   7.502   0.9369    1.3241E-02
   7.513   0.9307    1.3539E-02
   7.524   0.9243    1.3849E-02
   7.535   0.9178    1.4170E-02
   7.546   0.9111    1.4503E-02
   7.557   0.9043    1.4849E-02
   7.568   0.8973    1.5209E-02
   7.579   0.8901    1.5583E-02
   7.590   0.8828    1.5973E-02
   7.602   0.8754    1.6376E-02
   7.613   0.8677    1.6799E-02
   7.624   0.8598    1.7240E-02
   7.635   0.8518    1.7701E-02
   7.646   0.8435    1.8182E-02
   7.658   0.8350    1.8685E-02
   7.669   0.8262    1.9212E-02
   7.680   0.8173    1.9765E-02
   7.692   0.8080    2.0345E-02
   7.703   0.7986    2.0951E-02
   7.715   0.7889    2.1592E-02
   7.726   0.7788    2.2267E-02
   7.738   0.7684    2.2979E-02
   7.749   0.7577    2.3732E-02
   7.761   0.7467    2.4529E-02
   7.772   0.7353    2.5374E-02
   7.784   0.7235    2.6273E-02
   7.796   0.7113    2.7230E-02
   7.808   0.6986    2.8252E-02
   7.819   0.6856    2.9340E-02
   7.831   0.6719    3.0514E-02
   7.843   0.6578    3.1779E-02
   7.855   0.6430    3.3147E-02
   7.867   0.6276    3.4631E-02
   7.879   0.6115    3.6250E-02
   7.891   0.5947    3.8024E-02
   7.903   0.5770    3.9980E-02
   7.915   0.5584    4.2151E-02
   7.927   0.5389    4.4566E-02
   7.939   0.5182    4.7306E-02
   7.951   0.4962    5.0432E-02
   7.964   0.4727    5.4044E-02
   7.976   0.4475    5.8284E-02
   7.988   0.4205    6.3356E-02
   8.000   0.3911    6.9572E-02
   8.013   0.3590    7.7420E-02
   8.025   0.3238    8.7718E-02
   8.037   0.2849    1.0188E-01
   8.050   0.2427    1.2224E-01
   8.063   0.1989    1.5243E-01
   8.075   0.1600    1.9373E-01
   8.087   0.1315    2.4113E-01
   8.100   0.1125    2.8835E-01
   8.113   0.0997    3.3287E-01
   8.125   0.0907    3.7446E-01
   8.139   0.0841    4.1351E-01
   8.151   0.0790    4.5045E-01
   8.164   0.0751    4.8551E-01
   8.177   0.0719    5.1936E-01
   8.190   0.0693    5.5206E-01
   8.203   0.0672    5.8382E-01
   8.216   0.0654    6.1481E-01
   8.229   0.0639    6.4515E-01
   8.242   0.0627    6.7497E-01
   8.255   0.0617    7.0435E-01
   8.269   0.0608    7.3338E-01
   8.282   0.0601    7.6199E-01
   8.295   0.0596    7.9054E-01
   8.308   0.0591    8.1894E-01
   8.322   0.0588    8.4723E-01
   8.335   0.0586    8.7548E-01
   8.348   0.0584    9.0371E-01
   8.362   0.0584    9.3198E-01
   8.375   0.0584    9.6032E-01
   8.389   0.0585    9.8878E-01
   8.402   0.0587    1.0174E+00
   8.416   0.0589    1.0460E+00
   8.430   0.0593    1.0750E+00
   8.443   0.0597    1.1043E+00
   8.457   0.0602    1.1339E+00
   8.471   0.0607    1.1638E+00
   8.485   0.0614    1.1940E+00
   8.498   0.0621    1.2247E+00
   8.513   0.0629    1.2558E+00
   8.527   0.0637    1.2873E+00
   8.540   0.0647    1.3193E+00
   8.555   0.0657    1.3519E+00
   8.569   0.0669    1.3852E+00
   8.583   0.0681    1.4191E+00
   8.597   0.0694    1.4538E+00
   8.612   0.0709    1.4891E+00
   8.626   0.0725    1.5254E+00
   8.640   0.0742    1.5625E+00
   8.655   0.0760    1.6005E+00
   8.669   0.0780    1.6396E+00
   8.684   0.0801    1.6795E+00
   8.698   0.0825    1.7208E+00
   8.713   0.0850    1.7635E+00
   8.728   0.0877    1.8074E+00
   8.742   0.0907    1.8529E+00
   8.757   0.0939    1.9000E+00
   8.772   0.0973    1.9488E+00
   8.787   0.1011    1.9995E+00
   8.802   0.1053    2.0522E+00
   8.817   0.1098    2.1069E+00
   8.832   0.1147    2.1643E+00
   8.846   0.1202    2.2244E+00
   8.862   0.1262    2.2874E+00
   8.877   0.1328    2.3537E+00
   8.892   0.1402    2.4235E+00
   8.908   0.1485    2.4973E+00
   8.923   0.1577    2.5756E+00
   8.938   0.1681    2.6588E+00
   8.954   0.1798    2.7476E+00
   8.969   0.1931    2.8422E+00
   8.985   0.2084    2.9445E+00
   9.000   0.2261    3.0550E+00
   9.016   0.2468    3.1750E+00
   9.032   0.2710    3.3061E+00
   9.047   0.2998    3.4501E+00
   9.064   0.3346    3.6096E+00
   9.079   0.3770    3.7875E+00
   9.095   0.4297    3.9878E+00
   9.111   0.4961    4.2144E+00
   9.127   0.5826    4.4766E+00
   9.143   0.6982    4.7824E+00
   9.159   0.8580    5.1444E+00
   9.176   1.0886    5.5790E+00
   9.192   1.4395    6.1058E+00
   9.208   2.0078    6.7370E+00
   9.224   2.9853    7.4234E+00
   9.241   4.6611    7.8395E+00
   9.258   6.8333    7.0815E+00
   9.274   8.0055    5.0062E+00
   9.291   7.7994    3.1824E+00
   9.308   7.1695    2.0920E+00
   9.324   6.5564    1.4651E+00
   9.341   6.0425    1.0847E+00
   9.358   5.6221    8.3877E-01
   9.375   5.2762    6.7074E-01
   9.391   4.9878    5.5066E-01
   9.409   4.7439    4.6166E-01
   9.426   4.5359    3.9401E-01
   9.443   4.3545    3.4076E-01
   9.460   4.1956    2.9821E-01
   9.478   4.0550    2.6361E-01
   9.495   3.9296    2.3505E-01
   9.512   3.8170    2.1117E-01
   9.530   3.7152    1.9096E-01
   9.547   3.6226    1.7370E-01
   9.565   3.5380    1.5882E-01
   9.582   3.4608    1.4595E-01
   9.601   3.3892    1.3463E-01
   9.618   3.3229    1.2466E-01
   9.636   3.2614    1.1583E-01
   9.654   3.2041    1.0796E-01
   9.672   3.1506    1.0092E-01
   9.690   3.1005    9.4593E-02
   9.709   3.0534    8.8881E-02
   9.727   3.0091    8.3706E-02
   9.745   2.9673    7.9001E-02
   9.763   2.9280    7.4731E-02
   9.782   2.8906    7.0802E-02
   9.800   2.8551    6.7198E-02
   9.818   2.8214    6.3882E-02
   9.838   2.7893    6.0825E-02
   9.856   2.7587    5.7998E-02
   9.875   2.7295    5.5380E-02
   9.893   2.7015    5.2950E-02
   9.913   2.6748    5.0690E-02
   9.931   2.6494    4.8594E-02
   9.950   2.6248    4.6628E-02
   9.970   2.6013    4.4790E-02
   9.989   2.5786    4.3068E-02
  10.008   2.5568    4.1455E-02
  10.027   2.5358    3.9939E-02
  10.047   2.5155    3.8515E-02
  10.066   2.4960    3.7173E-02
  10.086   2.4771    3.5909E-02
  10.106   2.4590    3.4723E-02
  10.125   2.4413    3.3596E-02
  10.145   2.4242    3.2531E-02
  10.165   2.4076    3.1523E-02
  10.185   2.3916    3.0568E-02
  10.205   2.3760    2.9663E-02
  10.225   2.3609    2.8804E-02
  10.245   2.3462    2.7989E-02
  10.266   2.3319    2.7214E-02
  10.286   2.3180    2.6478E-02
  10.307   2.3045    2.5781E-02
  10.327   2.2914    2.5113E-02
  10.348   2.2785    2.4478E-02
  10.368   2.2660    2.3873E-02
  10.389   2.2537    2.3295E-02
  10.410   2.2418    2.2745E-02
  10.431   2.2301    2.2220E-02
  10.452   2.2187    2.1719E-02
  10.473   2.2076    2.1240E-02
  10.494   2.1967    2.0786E-02
  10.516   2.1860    2.0350E-02
  10.537   2.1756    1.9933E-02
  10.558   2.1653    1.9535E-02
  10.580   2.1553    1.9155E-02
  10.602   2.1454    1.8792E-02
  10.623   2.1357    1.8446E-02
  10.645   2.1262    1.8115E-02
  10.667   2.1168    1.7799E-02
  10.689   2.1076    1.7498E-02
  10.711   2.0986    1.7212E-02
  10.733   2.0897    1.6939E-02
  10.756   2.0810    1.6678E-02
  10.778   2.0723    1.6430E-02
  10.800   2.0638    1.6194E-02
  10.823   2.0554    1.5971E-02
  10.846   2.0471    1.5758E-02
  10.868   2.0389    1.5558E-02
  10.891   2.0309    1.5368E-02
  10.914   2.0229    1.5190E-02
  10.937   2.0150    1.5022E-02
  10.960   2.0072    1.4865E-02
  10.983   1.9994    1.4718E-02
  11.007   1.9918    1.4581E-02
  11.030   1.9842    1.4455E-02
  11.054   1.9766    1.4339E-02
  11.077   1.9691    1.4233E-02
  11.101   1.9617    1.4137E-02
  11.125   1.9543    1.4052E-02
  11.149   1.9470    1.3978E-02
  11.173   1.9397    1.3913E-02
  11.197   1.9324    1.3860E-02
  11.221   1.9251    1.3817E-02
  11.246   1.9179    1.3786E-02
  11.270   1.9106    1.3766E-02
  11.295   1.9034    1.3759E-02
  11.319   1.8962    1.3763E-02
  11.344   1.8889    1.3780E-02
  11.369   1.8817    1.3811E-02
  11.394   1.8745    1.3855E-02
  11.419   1.8672    1.3914E-02
  11.444   1.8598    1.3989E-02
  11.469   1.8525    1.4080E-02
  11.495   1.8450    1.4188E-02
  11.521   1.8376    1.4315E-02
  11.546   1.8300    1.4461E-02
  11.572   1.8224    1.4629E-02
  11.598   1.8147    1.4819E-02
  11.624   1.8069    1.5035E-02
  11.650   1.7989    1.5278E-02
  11.676   1.7909    1.5550E-02
  11.703   1.7827    1.5854E-02
  11.729   1.7743    1.6194E-02
  11.756   1.7657    1.6572E-02
  11.782   1.7570    1.6994E-02
  11.809   1.7480    1.7464E-02
  11.836   1.7388    1.7987E-02
  11.863   1.7294    1.8567E-02
  11.890   1.7196    1.9217E-02
  11.918   1.7094    1.9944E-02
  11.945   1.6989    2.0758E-02
  11.973   1.6880    2.1670E-02
  12.000   1.6766    2.2697E-02
  12.028   1.6646    2.3855E-02
  12.056   1.6521    2.5165E-02
  12.084   1.6388    2.6654E-02
  12.113   1.6249    2.8344E-02
  12.141   1.6100    3.0291E-02
  12.169   1.5941    3.2536E-02
  12.198   1.5771    3.5141E-02
  12.227   1.5587    3.8184E-02
  12.256   1.5387    4.1767E-02
  12.285   1.5169    4.6023E-02
  12.314   1.4929    5.1130E-02
  12.343   1.4663    5.7329E-02
  12.373   1.4365    6.4953E-02
  12.402   1.4031    7.4423E-02
  12.432   1.3647    8.6525E-02
  12.462   1.3204    1.0226E-01
  12.492   1.2686    1.2326E-01
  12.522   1.2072    1.5220E-01
  12.553   1.1335    1.9373E-01
  12.583   1.0448    2.5624E-01
  12.614   0.9414    3.5508E-01
  12.644   0.8367    5.1358E-01
  12.675   0.7687    7.4331E-01
  12.706   0.7740    1.0274E+00
  12.738   0.8691    1.3437E+00
  12.769   1.0840    1.6816E+00
  12.800   1.4877    1.9967E+00
  12.832   2.1379    2.1089E+00
  12.864   2.7866    1.7523E+00
  12.896   3.0081    1.1633E+00
  12.928   2.9292    7.3546E-01
  12.960   2.7839    4.8718E-01
  12.993   2.6481    3.4133E-01
  13.026   2.5354    2.5156E-01
  13.058   2.4436    1.9310E-01
  13.091   2.3685    1.5312E-01
  13.125   2.3061    1.2466E-01
  13.158   2.2535    1.0370E-01
  13.191   2.2086    8.7838E-02
  13.225   2.1698    7.5547E-02
  13.259   2.1358    6.5832E-02
  13.293   2.1058    5.8060E-02
  13.327   2.0789    5.1683E-02
  13.361   2.0547    4.6414E-02
  13.396   2.0327    4.2012E-02
  13.431   2.0125    3.8296E-02
  13.465   1.9940    3.5133E-02
  13.501   1.9769    3.2418E-02
  13.536   1.9609    3.0071E-02
  13.571   1.9460    2.8030E-02
  13.607   1.9321    2.6253E-02
  13.643   1.9189    2.4682E-02
  13.679   1.9063    2.3293E-02
  13.715   1.8944    2.2062E-02
  13.751   1.8831    2.0964E-02
  13.788   1.8722    1.9984E-02
  13.825   1.8617    1.9105E-02
  13.862   1.8517    1.8315E-02
  13.899   1.8420    1.7603E-02
  13.936   1.8326    1.6960E-02
  13.974   1.8235    1.6381E-02
  14.011   1.8147    1.5854E-02
  14.049   1.8060    1.5376E-02
  14.087   1.7976    1.4942E-02
  14.126   1.7893    1.4548E-02
  14.165   1.7813    1.4190E-02
  14.203   1.7733    1.3864E-02
  14.242   1.7655    1.3569E-02
  14.282   1.7578    1.3301E-02
  14.321   1.7503    1.3060E-02
  14.361   1.7428    1.2841E-02
  14.401   1.7354    1.2643E-02
  14.441   1.7280    1.2466E-02
  14.481   1.7207    1.2308E-02
  14.522   1.7135    1.2167E-02
  14.562   1.7063    1.2044E-02
  14.603   1.6991    1.1936E-02
  14.645   1.6919    1.1843E-02
  14.686   1.6848    1.1765E-02
  14.728   1.6777    1.1700E-02
  14.770   1.6705    1.1649E-02
  14.812   1.6634    1.1611E-02
  14.854   1.6562    1.1585E-02
  14.897   1.6490    1.1571E-02
  14.940   1.6418    1.1569E-02
  14.983   1.6345    1.1579E-02
  15.027   1.6272    1.1601E-02
  15.071   1.6198    1.1634E-02
  15.114   1.6124    1.1679E-02
  15.158   1.6049    1.1735E-02
  15.203   1.5974    1.1803E-02
  15.248   1.5897    1.1883E-02
  15.293   1.5820    1.1975E-02
  15.338   1.5741    1.2080E-02
  15.383   1.5662    1.2196E-02
  15.429   1.5581    1.2326E-02
  15.475   1.5499    1.2469E-02
  15.521   1.5416    1.2625E-02
  15.568   1.5331    1.2796E-02
  15.615   1.5245    1.2982E-02
  15.662   1.5157    1.3183E-02
  15.710   1.5068    1.3401E-02
  15.757   1.4976    1.3636E-02
  15.806   1.4883    1.3889E-02
  15.854   1.4787    1.4161E-02
  15.903   1.4690    1.4454E-02
  15.951   1.4589    1.4768E-02
  16.000   1.4487    1.5104E-02
  16.050   1.4382    1.5467E-02
  16.100   1.4274    1.5856E-02
  16.150   1.4162    1.6273E-02
  16.201   1.4048    1.6722E-02
  16.251   1.3929    1.7204E-02
  16.303   1.3807    1.7723E-02
  16.354   1.3681    1.8282E-02
  16.406   1.3551    1.8883E-02
  16.458   1.3417    1.9529E-02
  16.510   1.3277    2.0231E-02
  16.563   1.3132    2.0990E-02
  16.616   1.2981    2.1814E-02
  16.669   1.2824    2.2708E-02
  16.723   1.2660    2.3682E-02
  16.777   1.2489    2.4746E-02
  16.832   1.2310    2.5909E-02
  16.887   1.2122    2.7187E-02
  16.942   1.1925    2.8595E-02
  16.997   1.1719    3.0144E-02
  17.053   1.1500    3.1872E-02
  17.110   1.1269    3.3800E-02
  17.166   1.1023    3.5962E-02
  17.223   1.0763    3.8402E-02
  17.281   1.0485    4.1173E-02
  17.338   1.0187    4.4346E-02
  17.397   0.9867    4.8011E-02
  17.455   0.9522    5.2288E-02
  17.514   0.9149    5.7314E-02
  17.573   0.8741    6.3371E-02
  17.633   0.8291    7.0768E-02
  17.694   0.7793    8.0008E-02
  17.754   0.7236    9.1890E-02
  17.815   0.6606    1.0776E-01
  17.877   0.5885    1.3008E-01
  17.938   0.5052    1.6368E-01
  18.001   0.4116    2.1824E-01
  18.063   0.3209    3.0570E-01
  18.126   0.2570    4.1938E-01
  18.190   0.2230    5.3425E-01
  18.254   0.2065    6.4078E-01
  18.319   0.1993    7.3885E-01
  18.384   0.1970    8.2985E-01
  18.449   0.1964    9.1531E-01
  18.515   0.1950    9.9731E-01
  18.581   0.1913    1.0788E+00
  18.648   0.1854    1.1629E+00
  18.715   0.1788    1.2517E+00
  18.783   0.1734    1.3470E+00
  18.852   0.1705    1.4486E+00
  18.920   0.1709    1.5566E+00
  18.990   0.1752    1.6715E+00
  19.060   0.1835    1.7941E+00
  19.130   0.1969    1.9262E+00
  19.201   0.2166    2.0699E+00
  19.272   0.2456    2.2281E+00
  19.344   0.2889    2.4034E+00
  19.416   0.3579    2.6003E+00
  19.489   0.4739    2.8130E+00
  19.563   0.6670    2.9992E+00
  19.637   0.8768    3.0461E+00
  19.712   0.8662    3.0493E+00
  19.787   0.7599    3.3054E+00
  19.863   0.7760    3.7624E+00
  19.939   0.9558    4.3676E+00
  20.016   1.3969    5.1670E+00
  20.094   2.4567    6.1835E+00
  20.172   5.0189    6.5979E+00
  20.251   7.0958    4.0429E+00
  20.330   6.4747    1.9300E+00
  20.410   5.6275    1.0765E+00
  20.491   5.0069    6.9088E-01
  20.572   4.5579    4.8642E-01
  20.654   4.2205    3.6458E-01
  20.737   3.9573    2.8569E-01
  20.820   3.7466    2.3166E-01
  20.904   3.5718    1.9251E-01
  20.989   3.4246    1.6330E-01
  21.074   3.2984    1.4087E-01
  21.160   3.1888    1.2325E-01
  21.247   3.0923    1.0915E-01
  21.334   3.0065    9.7678E-02
  21.423   2.9295    8.8229E-02
  21.511   2.8597    8.0360E-02
  21.601   2.7963    7.3778E-02
  21.691   2.7377    6.8175E-02
  21.782   2.6835    6.3404E-02
  21.874   2.6330    5.9323E-02
  21.967   2.5858    5.5823E-02
  22.060   2.5413    5.2816E-02
  22.155   2.4993    5.0235E-02
  22.250   2.4593    4.8023E-02
  22.346   2.4210    4.6138E-02
  22.443   2.3843    4.4545E-02
  22.540   2.3490    4.3221E-02
  22.638   2.3146    4.2133E-02
  22.738   2.2811    4.1271E-02
  22.838   2.2483    4.0622E-02
  22.939   2.2160    4.0180E-02
  23.041   2.1841    3.9939E-02
  23.144   2.1525    3.9900E-02
  23.248   2.1208    4.0065E-02
  23.353   2.0891    4.0442E-02
  23.458   2.0572    4.1038E-02
  23.564   2.0247    4.1877E-02
  23.672   1.9915    4.2977E-02
  23.781   1.9575    4.4367E-02
  23.890   1.9223    4.6086E-02
  24.001   1.8858    4.8179E-02
  24.113   1.8477    5.0711E-02
  24.225   1.8075    5.3760E-02
  24.339   1.7648    5.7430E-02
  24.454   1.7192    6.1860E-02
  24.569   1.6703    6.7205E-02
  24.687   1.6168    7.3773E-02
  24.805   1.5580    8.1896E-02
  24.924   1.4925    9.2093E-02
  25.045   1.4188    1.0515E-01
  25.166   1.3345    1.2230E-01
  25.289   1.2362    1.4567E-01
  25.413   1.1194    1.7916E-01
  25.538   0.9773    2.3089E-01
  25.664   0.8035    3.1928E-01
  25.792   0.6080    4.8614E-01
  25.921   0.4635    7.4534E-01
  26.051   0.3995    1.0276E+00
  26.183   0.3810    1.3051E+00
  26.316   0.3889    1.5853E+00
  26.450   0.4182    1.8800E+00
  26.586   0.4715    2.2029E+00
  26.723   0.5587    2.5712E+00
  26.861   0.7017    3.0090E+00
  27.001   0.9482    3.5486E+00
  27.142   1.4234    4.2381E+00
  27.285   2.4545    5.0292E+00
  27.430   4.5299    5.1010E+00
  27.576   5.9395    3.1937E+00
  27.723   5.5830    1.6386E+00
  27.872   4.9987    9.3983E-01
  28.023   4.5452    6.0598E-01
  28.175   4.2102    4.2452E-01
  28.329   3.9583    3.1569E-01
  28.484   3.7610    2.4454E-01
  28.642   3.6031    1.9562E-01
  28.801   3.4739    1.6046E-01
  28.962   3.3659    1.3430E-01
  29.125   3.2743    1.1427E-01
  29.289   3.1955    9.8572E-02
  29.456   3.1269    8.6029E-02
  29.624   3.0666    7.5837E-02
  29.794   3.0134    6.7474E-02
  29.966   2.9655    6.0453E-02
  30.140   2.9224    5.4528E-02
  30.317   2.8833    4.9477E-02
  30.495   2.8478    4.5134E-02
  30.676   2.8152    4.1371E-02
  30.858   2.7853    3.8086E-02
  31.043   2.7577    3.5201E-02
  31.230   2.7321    3.2651E-02
  31.420   2.7084    3.0387E-02
  31.611   2.6863    2.8374E-02
  31.805   2.6656    2.6560E-02
  32.001   2.6461    2.4926E-02
50.00 2.262 1.71e-3
52.63 2.248 1.47e-3
55.56 2.237 1.28e-3
58.82 2.226 1.12e-3
62.50 2.217 9.95e-4
66.67 2.208 9.02e-4
71.43 2.200 7.96e-4
76.92 2.193 6.73e-4
83.33 2.187 5.97e-4
90.91 2.182 5.79e-4
100.0 2.176 4.77e-4
111.1 2.172 4.42e-4
125.0 2.168 2.98e-4
142.9 2.164 2.27e-4
166.7 2.162 2.65e-4
200.0 2.159 1.59e-4
250.0 2.157 7.96e-5
333.3 2.156 5.30e-5
