enstatite glass optical constants from Scott and Dudley, Ap. J. Supp.,
105, 401-405, 1996.
  wave. real imag
micron index index
------------------
  0.043 0.74 0.378    
  0.044 0.72 0.413    
  0.046 0.72 0.453    
  0.048 0.71 0.499    
  0.050 0.71 0.551    
  0.052 0.72 0.611    
  0.054 0.73 0.681    
  0.056 0.75 0.763    
  0.059 0.80 0.859    
  0.062 0.89 0.972    
  0.065 1.00  1.01    
  0.069 1.11  1.04    
  0.073 1.21  1.07    
  0.078 1.32  1.09    
  0.083 1.44  1.09    
  0.089 1.57  1.08    
  0.095 1.71  1.05    
  0.103 1.84 0.993    
  0.113 1.97 0.909    
  0.124 2.02 0.794    
  0.125 2.16 0.840    
  0.127 2.05 0.868    
  0.128 2.10 0.858    
  0.129 2.13 0.851    
  0.131 2.15 0.840    
  0.132 2.19 0.834    
  0.133 2.22 0.814    
  0.135 2.25 0.782    
  0.136 2.27 0.760    
  0.138 2.29 0.735    
  0.139 2.32 0.715    
  0.141 2.34 0.680    
  0.143 2.37 0.641    
  0.144 2.38 0.601    
  0.146 2.39 0.564    
  0.148 2.40 0.525    
  0.149 2.40 0.485    
  0.151 2.40 0.450    
  0.153 2.40 0.415    
  0.155 2.40 0.367    
  0.157 2.39 0.330    
  0.159 2.37 0.300    
  0.161 2.35 0.278    
  0.163 2.36 0.255    
  0.165 2.35 0.244    
  0.168 2.34 0.191    
  0.170 2.32 0.162    
  0.172 2.30 0.130    
  0.175 2.27 0.112    
  0.177 2.25 0.821E-01
  0.180 2.22 0.726E-01
  0.182 2.20 0.601E-01
  0.185 2.18 0.449E-01
  0.188 2.16 0.462E-01
  0.191 2.14 0.370E-01
  0.194 2.12 0.323E-01
  0.197 2.10 0.301E-01
  0.200 2.09 0.257E-01
  0.203 2.07 0.216E-01
  0.207 2.06 0.194E-01
  0.210 2.05 0.176E-01
  0.214 2.03 0.163E-01
  0.218 2.02 0.111E-01
  0.221 2.01 0.956E-02
  0.225 2.00 0.883E-02
  0.230 1.99 0.594E-02
  0.234 1.98 0.521E-02
  0.238 1.97 0.384E-02
  0.243 1.96 0.272E-02
  0.248 1.95 0.166E-02
  0.253 1.95 0.113E-01
  0.258 1.94 0.129E-01
  0.264 1.93 0.715E-02
  0.270 1.93 0.698E-02
  0.276 1.92 0.681E-02
  0.282 1.91 0.664E-02
  0.288 1.90 0.647E-02
  0.295 1.90 0.630E-02
  0.302 1.89 0.613E-02
  0.310 1.89 0.597E-02
  0.344 1.87 0.529E-02
  0.387 1.86 0.461E-02
  0.443 1.85 0.393E-02
  0.517 1.84 0.325E-02
  0.620 1.83 0.258E-02
  0.775 1.82 0.190E-02
  1.033 1.82 0.122E-02
  1.550 1.81 0.542E-03
  3.100 1.78    0.    
  3.179 1.78    0.    
  3.263 1.78    0.    
  3.351 1.78    0.    
  3.444 1.78    0.    
  3.543 1.78    0.    
  3.647 1.77    0.    
  3.758 1.77    0.    
  3.875 1.76    0.    
  4.000 1.76    0.    
  4.133 1.76    0.    
  4.276 1.75    0.    
  4.429 1.75    0.    
  4.593 1.74    0.    
  4.769 1.74    0.    
  4.960 1.74    0.    
  5.167 1.71 0.140E-04
  5.391 1.69 0.280E-04
  5.636 1.67 0.420E-04
  5.905 1.65 0.560E-04
  6.200 1.63 0.699E-04
  6.526 1.61 0.839E-04
  6.889 1.58 0.979E-04
  7.294 1.56 0.112E-03
  7.750 1.48 0.808E-02
  8.267 1.31 0.951E-01
  8.857 1.21 0.352    
  9.538 1.33 0.766    
 10.333 1.86 0.865    
 11.273 2.17 0.535    
 12.400 2.01 0.153    
 13.778 1.76 0.137    
 15.500 1.49 0.249    
 17.714 1.43 0.790    
 20.667 1.77  1.00    
 24.800 2.09  1.05    
 31.000 2.38  1.04    
 41.333 2.70 0.956    
 62.000 3.03 0.743    
