forsterite glass optical constants from Scott and Dudley, Ap. J. Supp.,
105, 401-405, 1996.
  wave. real imag
micron index index
------------------
  0.043 0.78 0.299    
  0.044 0.78 0.327    
  0.046 0.77 0.359    
  0.048 0.77 0.395    
  0.050 0.77 0.437    
  0.052 0.77 0.485    
  0.054 0.78 0.540    
  0.056 0.80 0.605    
  0.059 0.83 0.681    
  0.062 0.91 0.771    
  0.065 1.00 0.800    
  0.069 1.08 0.826    
  0.073 1.16 0.848    
  0.078 1.25 0.863    
  0.083 1.34 0.866    
  0.089 1.44 0.857    
  0.095 1.55 0.831    
  0.103 1.65 0.787    
  0.113 1.74 0.720    
  0.124 1.75 0.634    
  0.125 1.75 0.675    
  0.127 1.78 0.688    
  0.128 1.80 0.685    
  0.129 1.81 0.685    
  0.131 1.83 0.684    
  0.132 1.85 0.681    
  0.133 1.87 0.679    
  0.135 1.88 0.676    
  0.136 1.90 0.672    
  0.138 1.92 0.666    
  0.139 1.95 0.659    
  0.141 1.97 0.648    
  0.143 2.00 0.634    
  0.144 2.02 0.620    
  0.146 2.05 0.601    
  0.148 2.07 0.569    
  0.149 2.09 0.549    
  0.151 2.11 0.513    
  0.153 2.13 0.481    
  0.155 2.14 0.445    
  0.157 2.14 0.409    
  0.159 2.14 0.374    
  0.161 2.16 0.342    
  0.163 2.14 0.317    
  0.165 2.14 0.276    
  0.168 2.14 0.264    
  0.170 2.13 0.208    
  0.172 2.11 0.190    
  0.175 2.10 0.177    
  0.177 2.09 0.134    
  0.180 2.07 0.122    
  0.182 2.05 0.839E-01
  0.185 2.03 0.762E-01
  0.188 2.01 0.567E-01
  0.191 1.98 0.431E-01
  0.194 1.96 0.417E-01
  0.197 1.95 0.417E-01
  0.200 1.94 0.390E-01
  0.203 1.93 0.258E-01
  0.207 1.91 0.266E-01
  0.210 1.89 0.874E-02
  0.214 1.88 0.108E-01
  0.218 1.87 0.250E-05
  0.221 1.86 0.157E-02
  0.225 1.84 0.350E-02
  0.230 1.83 0.554E-06
  0.234 1.82    0.    
  0.238 1.81    0.    
  0.243 1.80    0.    
  0.248 1.80    0.    
  0.253 1.79    0.    
  0.258 1.78    0.    
  0.264 1.77    0.    
  0.270 1.76 0.159E-03
  0.276 1.76 0.318E-03
  0.282 1.75 0.477E-03
  0.288 1.75 0.636E-03
  0.295 1.74 0.795E-03
  0.302 1.74 0.954E-03
  0.310 1.73 0.111E-02
  0.344 1.72 0.175E-02
  0.387 1.70 0.239E-02
  0.443 1.69 0.302E-02
  0.517 1.68 0.366E-02
  0.620 1.68 0.429E-02
  0.775 1.67 0.493E-02
  1.033 1.66 0.557E-02
  1.550 1.67 0.620E-02
  3.100 1.66 0.216E-02
  3.179 1.65 0.173E-02
  3.263 1.65 0.130E-02
  3.351 1.65 0.864E-03
  3.444 1.65 0.432E-03
  3.543 1.65    0.    
  3.647 1.65    0.    
  3.758 1.64    0.    
  3.875 1.64    0.    
  4.000 1.64    0.    
  4.133 1.64    0.    
  4.276 1.63    0.    
  4.429 1.63    0.    
  4.593 1.63    0.    
  4.769 1.62    0.    
  4.960 1.62    0.    
  5.167 1.60 0.683E-03
  5.391 1.58 0.137E-02
  5.636 1.56 0.205E-02
  5.905 1.54 0.273E-02
  6.200 1.51 0.342E-02
  6.526 1.49 0.410E-02
  6.889 1.47 0.478E-02
  7.294 1.45 0.547E-02
  7.750 1.43 0.615E-02
  8.267 1.41 0.683E-02
  8.857 1.27 0.956E-01
  9.538 1.20 0.368    
 10.333 1.47 0.642    
 11.273 1.84 0.545    
 12.400 1.90 0.147    
 13.778 1.61 0.104    
 15.500 1.37 0.239    
 17.714 1.49 0.552    
 20.667 1.66 0.715    
 24.800 1.88 0.747    
 31.000 2.09 0.738    
 41.333 2.31 0.681    
 62.000 2.54 0.529    
