Data created using the Lorantz line parameters in J.R. Aronson and P.F.
Strong, Optical constants of minerals and rocks, Applied Optics, 14, 
2914-2920, 1975.  These could be recalculated at any spectral resolution.
Range of validity is given as 4000-332 inverse centimeters.

high frq. dielec. const=  2.262
Lorentz line parameters
center  width  strength
 975.0  0.1439  0.7980
 750.0  0.0829  0.0630
 672.0  0.1170  0.0850
 444.6  0.1938  1.4310

 wave.    freq.   refl.       real       imag.
30.1205   332.0  0.1882       2.513      0.2025
29.9401   334.0  0.1894       2.520      0.2083
29.7619   336.0  0.1906       2.528      0.2144
29.5858   338.0  0.1918       2.536      0.2206
29.4118   340.0  0.1930       2.543      0.2272
29.2398   342.0  0.1943       2.551      0.2341
29.0698   344.0  0.1957       2.560      0.2412
28.9017   346.0  0.1970       2.568      0.2487
28.7356   348.0  0.1984       2.576      0.2565
28.5714   350.0  0.1998       2.585      0.2646
28.4091   352.0  0.2013       2.594      0.2732
28.2486   354.0  0.2028       2.603      0.2821
28.0899   356.0  0.2043       2.612      0.2915
27.9330   358.0  0.2059       2.621      0.3013
27.7778   360.0  0.2076       2.631      0.3116
27.6243   362.0  0.2092       2.640      0.3224
27.4725   364.0  0.2110       2.650      0.3337
27.3224   366.0  0.2127       2.660      0.3456
27.1739   368.0  0.2145       2.670      0.3581
27.0270   370.0  0.2164       2.680      0.3712
26.8817   372.0  0.2183       2.690      0.3851
26.7380   374.0  0.2203       2.701      0.3996
26.5957   376.0  0.2223       2.711      0.4149
26.4550   378.0  0.2244       2.721      0.4310
26.3158   380.0  0.2265       2.732      0.4480
26.1780   382.0  0.2287       2.742      0.4659
26.0417   384.0  0.2309       2.752      0.4848
25.9067   386.0  0.2332       2.763      0.5047
25.7732   388.0  0.2356       2.773      0.5256
25.6410   390.0  0.2380       2.782      0.5477
25.5102   392.0  0.2405       2.792      0.5710
25.3807   394.0  0.2431       2.801      0.5956
25.2525   396.0  0.2457       2.810      0.6214
25.1256   398.0  0.2484       2.818      0.6487
25.0000   400.0  0.2511       2.825      0.6773
24.8756   402.0  0.2539       2.832      0.7075
24.7525   404.0  0.2568       2.837      0.7391
24.6305   406.0  0.2597       2.842      0.7723
24.5098   408.0  0.2627       2.845      0.8070
24.3902   410.0  0.2657       2.846      0.8432
24.2718   412.0  0.2688       2.846      0.8810
24.1546   414.0  0.2719       2.844      0.9203
24.0385   416.0  0.2750       2.840      0.9609
23.9234   418.0  0.2781       2.833       1.003
23.8095   420.0  0.2813       2.824       1.046
23.6967   422.0  0.2844       2.811       1.090
23.5849   424.0  0.2875       2.796       1.134
23.4742   426.0  0.2905       2.777       1.179
23.3645   428.0  0.2935       2.755       1.225
23.2558   430.0  0.2964       2.728       1.269
23.1481   432.0  0.2993       2.699       1.313
23.0415   434.0  0.3019       2.665       1.356
22.9358   436.0  0.3044       2.627       1.397
22.8311   438.0  0.3068       2.586       1.436
22.7273   440.0  0.3089       2.541       1.472
22.6244   442.0  0.3108       2.494       1.506
22.5225   444.0  0.3124       2.443       1.536
22.4215   446.0  0.3138       2.390       1.562
22.3214   448.0  0.3148       2.335       1.584
22.2222   450.0  0.3155       2.278       1.602
22.1239   452.0  0.3158       2.220       1.616
22.0264   454.0  0.3157       2.162       1.625
21.9298   456.0  0.3153       2.104       1.630
21.8341   458.0  0.3144       2.046       1.631
21.7391   460.0  0.3131       1.988       1.628
21.6450   462.0  0.3114       1.932       1.621
21.5517   464.0  0.3093       1.878       1.610
21.4592   466.0  0.3067       1.825       1.596
21.3675   468.0  0.3036       1.774       1.580
21.2766   470.0  0.3001       1.725       1.560
21.1864   472.0  0.2962       1.679       1.538
21.0970   474.0  0.2918       1.635       1.514
21.0084   476.0  0.2870       1.593       1.488
20.9205   478.0  0.2818       1.554       1.460
20.8333   480.0  0.2762       1.517       1.431
20.7469   482.0  0.2702       1.482       1.401
20.6612   484.0  0.2638       1.450       1.370
20.5761   486.0  0.2570       1.420       1.337
20.4918   488.0  0.2499       1.393       1.305
20.4082   490.0  0.2425       1.368       1.271
20.3252   492.0  0.2348       1.345       1.238
20.2429   494.0  0.2269       1.324       1.204
20.1613   496.0  0.2187       1.305       1.170
20.0803   498.0  0.2104       1.288       1.136
20.0000   500.0  0.2019       1.274       1.102
19.9203   502.0  0.1934       1.261       1.068
19.8413   504.0  0.1848       1.250       1.035
19.7628   506.0  0.1762       1.240       1.001
19.6850   508.0  0.1676       1.233      0.9688
19.6078   510.0  0.1591       1.227      0.9366
19.5312   512.0  0.1508       1.222      0.9050
19.4553   514.0  0.1427       1.219      0.8740
19.3798   516.0  0.1349       1.217      0.8438
19.3050   518.0  0.1273       1.217      0.8143
19.2308   520.0  0.1200       1.218      0.7856
19.1571   522.0  0.1131       1.220      0.7577
19.0840   524.0  0.1066       1.223      0.7307
19.0114   526.0  0.1005       1.228      0.7047
18.9394   528.0  0.0947       1.233      0.6795
18.8679   530.0  0.0894       1.239      0.6554
18.7970   532.0  0.0845       1.246      0.6322
18.7266   534.0  0.0800       1.253      0.6100
18.6567   536.0  0.0760       1.261      0.5887
18.5874   538.0  0.0723       1.269      0.5684
18.5185   540.0  0.0690       1.278      0.5490
18.4502   542.0  0.0661       1.288      0.5306
18.3824   544.0  0.0635       1.298      0.5131
18.3150   546.0  0.0612       1.308      0.4964
18.2482   548.0  0.0592       1.318      0.4806
18.1818   550.0  0.0576       1.328      0.4656
18.1159   552.0  0.0561       1.339      0.4514
18.0505   554.0  0.0549       1.349      0.4379
17.9856   556.0  0.0540       1.360      0.4252
17.9211   558.0  0.0532       1.371      0.4132
17.8571   560.0  0.0526       1.382      0.4018
17.7936   562.0  0.0522       1.392      0.3911
17.7305   564.0  0.0520       1.403      0.3810
17.6678   566.0  0.0519       1.414      0.3715
17.6056   568.0  0.0519       1.425      0.3625
17.5439   570.0  0.0520       1.435      0.3540
17.4825   572.0  0.0522       1.446      0.3461
17.4216   574.0  0.0526       1.457      0.3387
17.3611   576.0  0.0530       1.467      0.3317
17.3010   578.0  0.0535       1.478      0.3251
17.2414   580.0  0.0540       1.488      0.3190
17.1821   582.0  0.0546       1.498      0.3133
17.1233   584.0  0.0553       1.508      0.3081
17.0648   586.0  0.0560       1.518      0.3032
17.0068   588.0  0.0568       1.528      0.2986
16.9492   590.0  0.0577       1.538      0.2945
16.8919   592.0  0.0585       1.548      0.2907
16.8350   594.0  0.0594       1.558      0.2872
16.7785   596.0  0.0604       1.567      0.2841
16.7224   598.0  0.0613       1.577      0.2814
16.6667   600.0  0.0623       1.587      0.2789
16.6113   602.0  0.0633       1.596      0.2768
16.5563   604.0  0.0644       1.605      0.2750
16.5017   606.0  0.0655       1.614      0.2736
16.4474   608.0  0.0666       1.624      0.2725
16.3934   610.0  0.0677       1.633      0.2717
16.3399   612.0  0.0688       1.642      0.2712
16.2866   614.0  0.0699       1.650      0.2711
16.2338   616.0  0.0711       1.659      0.2713
16.1812   618.0  0.0723       1.668      0.2719
16.1290   620.0  0.0735       1.676      0.2728
16.0772   622.0  0.0747       1.684      0.2740
16.0256   624.0  0.0759       1.693      0.2757
15.9744   626.0  0.0771       1.701      0.2777
15.9236   628.0  0.0783       1.708      0.2800
15.8730   630.0  0.0795       1.716      0.2828
15.8228   632.0  0.0807       1.723      0.2860
15.7729   634.0  0.0819       1.730      0.2895
15.7233   636.0  0.0831       1.737      0.2934
15.6740   638.0  0.0842       1.743      0.2977
15.6250   640.0  0.0854       1.749      0.3024
15.5763   642.0  0.0865       1.755      0.3074
15.5280   644.0  0.0875       1.760      0.3128
15.4799   646.0  0.0885       1.764      0.3184
15.4321   648.0  0.0895       1.768      0.3243
15.3846   650.0  0.0904       1.771      0.3305
15.3374   652.0  0.0912       1.774      0.3367
15.2905   654.0  0.0920       1.776      0.3430
15.2439   656.0  0.0926       1.777      0.3492
15.1976   658.0  0.0931       1.777      0.3552
15.1515   660.0  0.0935       1.776      0.3610
15.1057   662.0  0.0938       1.775      0.3664
15.0602   664.0  0.0940       1.773      0.3713
15.0150   666.0  0.0940       1.770      0.3756
14.9701   668.0  0.0939       1.767      0.3791
14.9254   670.0  0.0937       1.764      0.3818
14.8810   672.0  0.0934       1.760      0.3837
14.8368   674.0  0.0929       1.756      0.3846
14.7929   676.0  0.0925       1.752      0.3847
14.7493   678.0  0.0919       1.749      0.3839
14.7059   680.0  0.0914       1.746      0.3823
14.6628   682.0  0.0908       1.743      0.3799
14.6199   684.0  0.0903       1.741      0.3770
14.5773   686.0  0.0898       1.739      0.3735
14.5349   688.0  0.0893       1.738      0.3697
14.4928   690.0  0.0890       1.739      0.3657
14.4509   692.0  0.0887       1.739      0.3616
14.4092   694.0  0.0886       1.741      0.3575
14.3678   696.0  0.0885       1.743      0.3535
14.3266   698.0  0.0886       1.746      0.3498
14.2857   700.0  0.0888       1.750      0.3464
14.2450   702.0  0.0891       1.754      0.3434
14.2045   704.0  0.0895       1.758      0.3409
14.1643   706.0  0.0900       1.763      0.3389
14.1243   708.0  0.0906       1.769      0.3375
14.0845   710.0  0.0913       1.775      0.3367
14.0449   712.0  0.0921       1.780      0.3366
14.0056   714.0  0.0929       1.786      0.3371
13.9665   716.0  0.0938       1.792      0.3384
13.9276   718.0  0.0948       1.798      0.3405
13.8889   720.0  0.0958       1.804      0.3432
13.8504   722.0  0.0968       1.810      0.3467
13.8122   724.0  0.0978       1.815      0.3509
13.7741   726.0  0.0988       1.820      0.3559
13.7363   728.0  0.0998       1.824      0.3614
13.6986   730.0  0.1008       1.827      0.3676
13.6612   732.0  0.1016       1.829      0.3743
13.6240   734.0  0.1024       1.831      0.3813
13.5870   736.0  0.1030       1.831      0.3885
13.5501   738.0  0.1035       1.830      0.3956
13.5135   740.0  0.1038       1.828      0.4026
13.4771   742.0  0.1040       1.824      0.4090
13.4409   744.0  0.1039       1.820      0.4147
13.4048   746.0  0.1036       1.814      0.4194
13.3690   748.0  0.1031       1.808      0.4229
13.3333   750.0  0.1024       1.800      0.4249
13.2979   752.0  0.1015       1.793      0.4255
13.2626   754.0  0.1005       1.786      0.4245
13.2275   756.0  0.0994       1.779      0.4220
13.1926   758.0  0.0982       1.773      0.4182
13.1579   760.0  0.0970       1.767      0.4132
13.1234   762.0  0.0959       1.763      0.4072
13.0890   764.0  0.0949       1.760      0.4005
13.0548   766.0  0.0939       1.758      0.3933
13.0208   768.0  0.0931       1.757      0.3858
12.9870   770.0  0.0925       1.757      0.3783
12.9534   772.0  0.0920       1.759      0.3709
12.9199   774.0  0.0917       1.761      0.3637
12.8866   776.0  0.0916       1.764      0.3568
12.8535   778.0  0.0916       1.768      0.3504
12.8205   780.0  0.0917       1.773      0.3444
12.7877   782.0  0.0920       1.778      0.3389
12.7551   784.0  0.0924       1.784      0.3339
12.7226   786.0  0.0929       1.790      0.3295
12.6904   788.0  0.0935       1.797      0.3255
12.6582   790.0  0.0941       1.804      0.3220
12.6263   792.0  0.0949       1.811      0.3191
12.5945   794.0  0.0957       1.818      0.3165
12.5628   796.0  0.0965       1.825      0.3145
12.5313   798.0  0.0975       1.833      0.3128
12.5000   800.0  0.0984       1.841      0.3116
12.4688   802.0  0.0994       1.848      0.3107
12.4378   804.0  0.1004       1.856      0.3102
12.4069   806.0  0.1015       1.864      0.3100
12.3762   808.0  0.1026       1.872      0.3102
12.3457   810.0  0.1037       1.880      0.3107
12.3153   812.0  0.1049       1.887      0.3116
12.2850   814.0  0.1061       1.895      0.3127
12.2549   816.0  0.1072       1.903      0.3141
12.2249   818.0  0.1085       1.911      0.3158
12.1951   820.0  0.1097       1.919      0.3177
12.1655   822.0  0.1109       1.927      0.3199
12.1359   824.0  0.1122       1.935      0.3224
12.1065   826.0  0.1135       1.943      0.3251
12.0773   828.0  0.1148       1.951      0.3281
12.0482   830.0  0.1161       1.959      0.3313
12.0192   832.0  0.1174       1.967      0.3348
11.9904   834.0  0.1188       1.975      0.3386
11.9617   836.0  0.1201       1.983      0.3425
11.9332   838.0  0.1215       1.991      0.3467
11.9048   840.0  0.1229       1.998      0.3512
11.8765   842.0  0.1243       2.006      0.3559
11.8483   844.0  0.1258       2.014      0.3609
11.8203   846.0  0.1272       2.022      0.3661
11.7925   848.0  0.1287       2.030      0.3716
11.7647   850.0  0.1302       2.038      0.3773
11.7371   852.0  0.1317       2.046      0.3833
11.7096   854.0  0.1332       2.054      0.3896
11.6822   856.0  0.1348       2.062      0.3961
11.6550   858.0  0.1363       2.070      0.4030
11.6279   860.0  0.1379       2.078      0.4101
11.6009   862.0  0.1395       2.086      0.4175
11.5741   864.0  0.1412       2.094      0.4252
11.5473   866.0  0.1429       2.101      0.4333
11.5207   868.0  0.1445       2.109      0.4416
11.4943   870.0  0.1462       2.117      0.4503
11.4679   872.0  0.1480       2.125      0.4593
11.4416   874.0  0.1498       2.133      0.4687
11.4155   876.0  0.1515       2.140      0.4784
11.3895   878.0  0.1534       2.148      0.4885
11.3636   880.0  0.1552       2.155      0.4990
11.3379   882.0  0.1571       2.163      0.5099
11.3122   884.0  0.1590       2.170      0.5212
11.2867   886.0  0.1609       2.178      0.5329
11.2613   888.0  0.1629       2.185      0.5450
11.2360   890.0  0.1649       2.192      0.5575
11.2108   892.0  0.1669       2.199      0.5705
11.1857   894.0  0.1690       2.205      0.5840
11.1607   896.0  0.1711       2.212      0.5979
11.1359   898.0  0.1732       2.218      0.6123
11.1111   900.0  0.1754       2.224      0.6272
11.0865   902.0  0.1776       2.230      0.6426
11.0619   904.0  0.1798       2.236      0.6586
11.0375   906.0  0.1821       2.241      0.6750
11.0132   908.0  0.1844       2.246      0.6920
10.9890   910.0  0.1868       2.251      0.7095
10.9649   912.0  0.1892       2.255      0.7276
10.9409   914.0  0.1916       2.259      0.7462
10.9170   916.0  0.1940       2.262      0.7654
10.8932   918.0  0.1965       2.265      0.7851
10.8696   920.0  0.1991       2.267      0.8053
10.8460   922.0  0.2016       2.269      0.8261
10.8225   924.0  0.2042       2.270      0.8475
10.7991   926.0  0.2069       2.270      0.8693
10.7759   928.0  0.2096       2.270      0.8917
10.7527   930.0  0.2123       2.268      0.9145
10.7296   932.0  0.2150       2.266      0.9378
10.7066   934.0  0.2178       2.263      0.9615
10.6838   936.0  0.2206       2.259      0.9856
10.6610   938.0  0.2234       2.255       1.010
10.6383   940.0  0.2262       2.249       1.035
10.6157   942.0  0.2291       2.242       1.060
10.5932   944.0  0.2320       2.233       1.085
10.5708   946.0  0.2349       2.224       1.110
10.5485   948.0  0.2378       2.214       1.136
10.5263   950.0  0.2407       2.202       1.161
10.5042   952.0  0.2436       2.189       1.186
10.4822   954.0  0.2466       2.174       1.211
10.4603   956.0  0.2495       2.159       1.236
10.4384   958.0  0.2524       2.142       1.260
10.4167   960.0  0.2553       2.124       1.284
10.3950   962.0  0.2582       2.104       1.308
10.3734   964.0  0.2610       2.083       1.330
10.3520   966.0  0.2639       2.062       1.352
10.3306   968.0  0.2667       2.038       1.374
10.3093   970.0  0.2694       2.014       1.394
10.2881   972.0  0.2721       1.989       1.413
10.2669   974.0  0.2748       1.963       1.431
10.2459   976.0  0.2774       1.935       1.448
10.2249   978.0  0.2799       1.908       1.464
10.2041   980.0  0.2824       1.879       1.478
10.1833   982.0  0.2848       1.849       1.491
10.1626   984.0  0.2871       1.819       1.503
10.1420   986.0  0.2894       1.789       1.514
10.1215   988.0  0.2915       1.758       1.523
10.1010   990.0  0.2936       1.727       1.531
10.0806   992.0  0.2956       1.696       1.537
10.0604   994.0  0.2974       1.665       1.542
10.0402   996.0  0.2992       1.634       1.545
10.0200   998.0  0.3009       1.603       1.548
10.0000  1000.0  0.3024       1.572       1.549
 9.9800  1002.0  0.3039       1.541       1.549
 9.9602  1004.0  0.3052       1.511       1.547
 9.9404  1006.0  0.3064       1.481       1.545
 9.9206  1008.0  0.3075       1.452       1.541
 9.9010  1010.0  0.3085       1.423       1.536
 9.8814  1012.0  0.3094       1.394       1.531
 9.8619  1014.0  0.3101       1.366       1.524
 9.8425  1016.0  0.3108       1.339       1.517
 9.8232  1018.0  0.3113       1.312       1.508
 9.8039  1020.0  0.3117       1.286       1.499
 9.7847  1022.0  0.3119       1.261       1.489
 9.7656  1024.0  0.3121       1.236       1.479
 9.7466  1026.0  0.3121       1.212       1.468
 9.7276  1028.0  0.3120       1.189       1.456
 9.7087  1030.0  0.3118       1.166       1.444
 9.6899  1032.0  0.3114       1.144       1.432
 9.6712  1034.0  0.3110       1.123       1.418
 9.6525  1036.0  0.3104       1.102       1.405
 9.6339  1038.0  0.3097       1.082       1.391
 9.6154  1040.0  0.3089       1.063       1.377
 9.5969  1042.0  0.3079       1.044       1.363
 9.5785  1044.0  0.3069       1.026       1.348
 9.5602  1046.0  0.3057       1.009       1.333
 9.5420  1048.0  0.3044      0.9922       1.318
 9.5238  1050.0  0.3030      0.9760       1.302
 9.5057  1052.0  0.3014      0.9605       1.287
 9.4877  1054.0  0.2998      0.9455       1.271
 9.4697  1056.0  0.2980      0.9310       1.256
 9.4518  1058.0  0.2962      0.9172       1.240
 9.4340  1060.0  0.2942      0.9038       1.224
 9.4162  1062.0  0.2921      0.8910       1.208
 9.3985  1064.0  0.2899      0.8787       1.192
 9.3809  1066.0  0.2876      0.8669       1.176
 9.3633  1068.0  0.2851      0.8556       1.159
 9.3458  1070.0  0.2826      0.8448       1.143
 9.3284  1072.0  0.2799      0.8344       1.127
 9.3110  1074.0  0.2772      0.8245       1.111
 9.2937  1076.0  0.2743      0.8150       1.095
 9.2764  1078.0  0.2714      0.8059       1.078
 9.2593  1080.0  0.2683      0.7973       1.062
 9.2421  1082.0  0.2652      0.7891       1.046
 9.2251  1084.0  0.2619      0.7813       1.030
 9.2081  1086.0  0.2585      0.7739       1.014
 9.1912  1088.0  0.2551      0.7668      0.9980
 9.1743  1090.0  0.2515      0.7602      0.9820
 9.1575  1092.0  0.2479      0.7539      0.9661
 9.1408  1094.0  0.2441      0.7480      0.9502
 9.1241  1096.0  0.2403      0.7424      0.9344
 9.1075  1098.0  0.2364      0.7372      0.9187
 9.0909  1100.0  0.2324      0.7323      0.9030
 9.0744  1102.0  0.2284      0.7278      0.8874
 9.0580  1104.0  0.2242      0.7236      0.8718
 9.0416  1106.0  0.2200      0.7198      0.8564
 9.0253  1108.0  0.2157      0.7162      0.8410
 9.0090  1110.0  0.2113      0.7130      0.8258
 8.9928  1112.0  0.2069      0.7101      0.8106
 8.9767  1114.0  0.2024      0.7075      0.7955
 8.9606  1116.0  0.1979      0.7053      0.7805
 8.9445  1118.0  0.1933      0.7033      0.7656
 8.9286  1120.0  0.1887      0.7016      0.7508
 8.9127  1122.0  0.1840      0.7003      0.7362
 8.8968  1124.0  0.1794      0.6992      0.7216
 8.8810  1126.0  0.1746      0.6984      0.7072
 8.8652  1128.0  0.1699      0.6979      0.6929
 8.8496  1130.0  0.1652      0.6977      0.6788
 8.8339  1132.0  0.1604      0.6978      0.6648
 8.8183  1134.0  0.1557      0.6981      0.6509
 8.8028  1136.0  0.1509      0.6987      0.6372
 8.7873  1138.0  0.1462      0.6996      0.6237
 8.7719  1140.0  0.1415      0.7007      0.6103
 8.7566  1142.0  0.1369      0.7021      0.5971
 8.7413  1144.0  0.1322      0.7038      0.5841
 8.7260  1146.0  0.1276      0.7056      0.5713
 8.7108  1148.0  0.1231      0.7078      0.5586
 8.6957  1150.0  0.1186      0.7101      0.5462
 8.6806  1152.0  0.1142      0.7127      0.5340
 8.6655  1154.0  0.1099      0.7154      0.5219
 8.6505  1156.0  0.1057      0.7184      0.5101
 8.6356  1158.0  0.1015      0.7216      0.4985
 8.6207  1160.0  0.0974      0.7249      0.4871
 8.6059  1162.0  0.0934      0.7285      0.4760
 8.5911  1164.0  0.0895      0.7322      0.4651
 8.5763  1166.0  0.0858      0.7360      0.4544
 8.5616  1168.0  0.0821      0.7400      0.4439
 8.5470  1170.0  0.0785      0.7442      0.4337
 8.5324  1172.0  0.0750      0.7484      0.4237
 8.5179  1174.0  0.0717      0.7528      0.4140
 8.5034  1176.0  0.0684      0.7573      0.4045
 8.4890  1178.0  0.0653      0.7619      0.3952
 8.4746  1180.0  0.0623      0.7665      0.3861
 8.4602  1182.0  0.0594      0.7713      0.3773
 8.4459  1184.0  0.0566      0.7761      0.3688
 8.4317  1186.0  0.0539      0.7810      0.3604
 8.4175  1188.0  0.0513      0.7859      0.3523
 8.4034  1190.0  0.0488      0.7909      0.3444
 8.3893  1192.0  0.0464      0.7959      0.3367
 8.3752  1194.0  0.0442      0.8009      0.3292
 8.3612  1196.0  0.0420      0.8060      0.3219
 8.3472  1198.0  0.0399      0.8111      0.3149
 8.3333  1200.0  0.0379      0.8162      0.3080
 8.3195  1202.0  0.0360      0.8212      0.3013
 8.3056  1204.0  0.0342      0.8263      0.2949
 8.2919  1206.0  0.0325      0.8314      0.2886
 8.2781  1208.0  0.0309      0.8365      0.2824
 8.2645  1210.0  0.0293      0.8415      0.2765
 8.2508  1212.0  0.0278      0.8466      0.2707
 8.2372  1214.0  0.0264      0.8516      0.2651
 8.2237  1216.0  0.0250      0.8566      0.2597
 8.2102  1218.0  0.0238      0.8616      0.2544
 8.1967  1220.0  0.0225      0.8665      0.2492
 8.1833  1222.0  0.0214      0.8714      0.2442
 8.1699  1224.0  0.0203      0.8763      0.2394
 8.1566  1226.0  0.0193      0.8811      0.2347
 8.1433  1228.0  0.0183      0.8859      0.2301
 8.1301  1230.0  0.0173      0.8907      0.2256
 8.1169  1232.0  0.0165      0.8954      0.2213
 8.1037  1234.0  0.0156      0.9001      0.2171
 8.0906  1236.0  0.0148      0.9047      0.2130
 8.0775  1238.0  0.0141      0.9093      0.2090
 8.0645  1240.0  0.0134      0.9138      0.2051
 8.0515  1242.0  0.0127      0.9183      0.2013
 8.0386  1244.0  0.0121      0.9228      0.1976
 8.0257  1246.0  0.0115      0.9272      0.1941
 8.0128  1248.0  0.0109      0.9316      0.1906
 8.0000  1250.0  0.0104      0.9359      0.1872
 7.9872  1252.0  0.0098      0.9402      0.1839
 7.9745  1254.0  0.0094      0.9444      0.1807
 7.9618  1256.0  0.0089      0.9486      0.1776
 7.9491  1258.0  0.0085      0.9527      0.1745
 7.9365  1260.0  0.0081      0.9568      0.1715
 7.9239  1262.0  0.0077      0.9609      0.1686
 7.9114  1264.0  0.0074      0.9649      0.1658
 7.8989  1266.0  0.0071      0.9688      0.1630
 7.8864  1268.0  0.0068      0.9727      0.1604
 7.8740  1270.0  0.0065      0.9766      0.1577
 7.8616  1272.0  0.0062      0.9804      0.1552
 7.8493  1274.0  0.0059      0.9842      0.1527
 7.8370  1276.0  0.0057      0.9879      0.1502
 7.8247  1278.0  0.0055      0.9916      0.1479
 7.8125  1280.0  0.0053      0.9953      0.1455
 7.8003  1282.0  0.0051      0.9989      0.1433
 7.7882  1284.0  0.0049       1.002      0.1411
 7.7760  1286.0  0.0048       1.006      0.1389
 7.7640  1288.0  0.0046       1.009      0.1368
 7.7519  1290.0  0.0045       1.013      0.1347
 7.7399  1292.0  0.0044       1.016      0.1327
 7.7280  1294.0  0.0043       1.020      0.1307
 7.7160  1296.0  0.0042       1.023      0.1288
 7.7042  1298.0  0.0041       1.026      0.1269
 7.6923  1300.0  0.0040       1.030      0.1251
 7.6805  1302.0  0.0039       1.033      0.1233
 7.6687  1304.0  0.0039       1.036      0.1215
 7.6570  1306.0  0.0038       1.039      0.1198
 7.6453  1308.0  0.0038       1.042      0.1181
 7.6336  1310.0  0.0037       1.045      0.1164
 7.6220  1312.0  0.0037       1.048      0.1148
 7.6104  1314.0  0.0037       1.051      0.1132
 7.5988  1316.0  0.0036       1.054      0.1117
 7.5873  1318.0  0.0036       1.057      0.1101
 7.5758  1320.0  0.0036       1.060      0.1086
 7.5643  1322.0  0.0036       1.063      0.1072
 7.5529  1324.0  0.0036       1.066      0.1057
 7.5415  1326.0  0.0036       1.069      0.1043
 7.5301  1328.0  0.0037       1.071      0.1030
 7.5188  1330.0  0.0037       1.074      0.1016
 7.5075  1332.0  0.0037       1.077      0.1003
 7.4963  1334.0  0.0037       1.080     0.09901
 7.4850  1336.0  0.0038       1.082     0.09774
 7.4738  1338.0  0.0038       1.085     0.09650
 7.4627  1340.0  0.0038       1.087     0.09527
 7.4516  1342.0  0.0039       1.090     0.09408
 7.4405  1344.0  0.0039       1.093     0.09290
 7.4294  1346.0  0.0040       1.095     0.09175
 7.4184  1348.0  0.0040       1.098     0.09061
 7.4074  1350.0  0.0041       1.100     0.08950
 7.3964  1352.0  0.0041       1.102     0.08841
 7.3855  1354.0  0.0042       1.105     0.08734
 7.3746  1356.0  0.0043       1.107     0.08629
 7.3638  1358.0  0.0043       1.110     0.08526
 7.3529  1360.0  0.0044       1.112     0.08425
 7.3421  1362.0  0.0045       1.114     0.08325
 7.3314  1364.0  0.0045       1.117     0.08227
 7.3206  1366.0  0.0046       1.119     0.08131
 7.3099  1368.0  0.0047       1.121     0.08037
 7.2993  1370.0  0.0048       1.123     0.07944
 7.2886  1372.0  0.0048       1.126     0.07853
 7.2780  1374.0  0.0049       1.128     0.07763
 7.2674  1376.0  0.0050       1.130     0.07675
 7.2569  1378.0  0.0051       1.132     0.07589
 7.2464  1380.0  0.0052       1.134     0.07504
 7.2359  1382.0  0.0053       1.136     0.07420
 7.2254  1384.0  0.0054       1.138     0.07338
 7.2150  1386.0  0.0054       1.140     0.07257
 7.2046  1388.0  0.0055       1.142     0.07177
 7.1942  1390.0  0.0056       1.144     0.07099
 7.1839  1392.0  0.0057       1.146     0.07022
 7.1736  1394.0  0.0058       1.148     0.06946
 7.1633  1396.0  0.0059       1.150     0.06872
 7.1531  1398.0  0.0060       1.152     0.06799
 7.1429  1400.0  0.0061       1.154     0.06727
 7.1327  1402.0  0.0062       1.156     0.06656
 7.1225  1404.0  0.0063       1.158     0.06586
 7.1124  1406.0  0.0064       1.160     0.06517
 7.1023  1408.0  0.0065       1.162     0.06449
 7.0922  1410.0  0.0066       1.163     0.06383
 7.0822  1412.0  0.0067       1.165     0.06317
 7.0721  1414.0  0.0068       1.167     0.06252
 7.0621  1416.0  0.0069       1.169     0.06189
 7.0522  1418.0  0.0070       1.171     0.06126
 7.0423  1420.0  0.0071       1.172     0.06064
 7.0323  1422.0  0.0072       1.174     0.06004
 7.0225  1424.0  0.0073       1.176     0.05944
 7.0126  1426.0  0.0074       1.177     0.05885
 7.0028  1428.0  0.0075       1.179     0.05827
 6.9930  1430.0  0.0076       1.181     0.05770
 6.9832  1432.0  0.0077       1.183     0.05713
 6.9735  1434.0  0.0078       1.184     0.05658
 6.9638  1436.0  0.0079       1.186     0.05603
 6.9541  1438.0  0.0080       1.187     0.05549
 6.9444  1440.0  0.0081       1.189     0.05496
 6.9348  1442.0  0.0082       1.191     0.05443
 6.9252  1444.0  0.0083       1.192     0.05391
 6.9156  1446.0  0.0084       1.194     0.05341
 6.9061  1448.0  0.0085       1.195     0.05290
 6.8966  1450.0  0.0086       1.197     0.05241
 6.8871  1452.0  0.0087       1.198     0.05192
 6.8776  1454.0  0.0088       1.200     0.05144
 6.8681  1456.0  0.0089       1.201     0.05096
 6.8587  1458.0  0.0090       1.203     0.05049
 6.8493  1460.0  0.0091       1.204     0.05003
 6.8399  1462.0  0.0092       1.206     0.04958
 6.8306  1464.0  0.0093       1.207     0.04913
 6.8213  1466.0  0.0094       1.208     0.04868
 6.8120  1468.0  0.0095       1.210     0.04824
 6.8027  1470.0  0.0096       1.211     0.04781
 6.7935  1472.0  0.0097       1.213     0.04739
 6.7843  1474.0  0.0098       1.214     0.04697
 6.7751  1476.0  0.0099       1.215     0.04655
 6.7659  1478.0  0.0100       1.217     0.04614
 6.7568  1480.0  0.0101       1.218     0.04574
 6.7476  1482.0  0.0102       1.219     0.04534
 6.7385  1484.0  0.0103       1.221     0.04495
 6.7295  1486.0  0.0104       1.222     0.04456
 6.7204  1488.0  0.0105       1.223     0.04417
 6.7114  1490.0  0.0106       1.225     0.04379
 6.7024  1492.0  0.0107       1.226     0.04342
 6.6934  1494.0  0.0108       1.227     0.04305
 6.6845  1496.0  0.0109       1.229     0.04269
 6.6756  1498.0  0.0110       1.230     0.04233
 6.6667  1500.0  0.0111       1.231     0.04197
 6.6578  1502.0  0.0112       1.232     0.04162
 6.6489  1504.0  0.0113       1.233     0.04127
 6.6401  1506.0  0.0114       1.235     0.04093
 6.6313  1508.0  0.0115       1.236     0.04059
 6.6225  1510.0  0.0116       1.237     0.04026
 6.6138  1512.0  0.0116       1.238     0.03993
 6.6050  1514.0  0.0117       1.239     0.03960
 6.5963  1516.0  0.0118       1.241     0.03928
 6.5876  1518.0  0.0119       1.242     0.03896
 6.5789  1520.0  0.0120       1.243     0.03865
 6.5703  1522.0  0.0121       1.244     0.03834
 6.5617  1524.0  0.0122       1.245     0.03803
 6.5531  1526.0  0.0123       1.246     0.03773
 6.5445  1528.0  0.0124       1.247     0.03743
 6.5359  1530.0  0.0125       1.249     0.03713
 6.5274  1532.0  0.0126       1.250     0.03684
 6.5189  1534.0  0.0127       1.251     0.03655
 6.5104  1536.0  0.0128       1.252     0.03627
 6.5020  1538.0  0.0129       1.253     0.03598
 6.4935  1540.0  0.0129       1.254     0.03570
 6.4851  1542.0  0.0130       1.255     0.03543
 6.4767  1544.0  0.0131       1.256     0.03516
 6.4683  1546.0  0.0132       1.257     0.03489
 6.4599  1548.0  0.0133       1.258     0.03462
 6.4516  1550.0  0.0134       1.259     0.03435
 6.4433  1552.0  0.0135       1.260     0.03409
 6.4350  1554.0  0.0136       1.261     0.03384
 6.4267  1556.0  0.0137       1.262     0.03358
 6.4185  1558.0  0.0137       1.263     0.03333
 6.4103  1560.0  0.0138       1.264     0.03308
 6.4020  1562.0  0.0139       1.265     0.03283
 6.3939  1564.0  0.0140       1.266     0.03259
 6.3857  1566.0  0.0141       1.267     0.03235
 6.3776  1568.0  0.0142       1.268     0.03211
 6.3694  1570.0  0.0143       1.269     0.03187
 6.3613  1572.0  0.0143       1.270     0.03164
 6.3532  1574.0  0.0144       1.271     0.03141
 6.3452  1576.0  0.0145       1.272     0.03118
 6.3371  1578.0  0.0146       1.273     0.03095
 6.3291  1580.0  0.0147       1.274     0.03073
 6.3211  1582.0  0.0148       1.275     0.03051
 6.3131  1584.0  0.0148       1.276     0.03029
 6.3052  1586.0  0.0149       1.277     0.03007
 6.2972  1588.0  0.0150       1.277     0.02986
 6.2893  1590.0  0.0151       1.278     0.02965
 6.2814  1592.0  0.0152       1.279     0.02944
 6.2735  1594.0  0.0153       1.280     0.02923
 6.2657  1596.0  0.0153       1.281     0.02902
 6.2578  1598.0  0.0154       1.282     0.02882
 6.2500  1600.0  0.0155       1.283     0.02862
 6.2422  1602.0  0.0156       1.284     0.02842
 6.2344  1604.0  0.0157       1.284     0.02822
 6.2267  1606.0  0.0157       1.285     0.02803
 6.2189  1608.0  0.0158       1.286     0.02784
 6.2112  1610.0  0.0159       1.287     0.02764
 6.2035  1612.0  0.0160       1.288     0.02745
 6.1958  1614.0  0.0160       1.289     0.02727
 6.1881  1616.0  0.0161       1.289     0.02708
 6.1805  1618.0  0.0162       1.290     0.02690
 6.1728  1620.0  0.0163       1.291     0.02672
 6.1652  1622.0  0.0163       1.292     0.02654
 6.1576  1624.0  0.0164       1.293     0.02636
 6.1501  1626.0  0.0165       1.293     0.02618
 6.1425  1628.0  0.0166       1.294     0.02601
 6.1350  1630.0  0.0166       1.295     0.02583
 6.1275  1632.0  0.0167       1.296     0.02566
 6.1200  1634.0  0.0168       1.297     0.02549
 6.1125  1636.0  0.0169       1.297     0.02532
 6.1050  1638.0  0.0169       1.298     0.02516
 6.0976  1640.0  0.0170       1.299     0.02499
 6.0901  1642.0  0.0171       1.300     0.02483
 6.0827  1644.0  0.0172       1.300     0.02467
 6.0753  1646.0  0.0172       1.301     0.02451
 6.0680  1648.0  0.0173       1.302     0.02435
 6.0606  1650.0  0.0174       1.303     0.02419
 6.0533  1652.0  0.0174       1.303     0.02404
 6.0459  1654.0  0.0175       1.304     0.02388
 6.0386  1656.0  0.0176       1.305     0.02373
 6.0314  1658.0  0.0177       1.306     0.02358
 6.0241  1660.0  0.0177       1.306     0.02343
 6.0168  1662.0  0.0178       1.307     0.02328
 6.0096  1664.0  0.0179       1.308     0.02313
 6.0024  1666.0  0.0179       1.308     0.02299
 5.9952  1668.0  0.0180       1.309     0.02284
 5.9880  1670.0  0.0181       1.310     0.02270
 5.9809  1672.0  0.0181       1.310     0.02256
 5.9737  1674.0  0.0182       1.311     0.02242
 5.9666  1676.0  0.0183       1.312     0.02228
 5.9595  1678.0  0.0183       1.312     0.02214
 5.9524  1680.0  0.0184       1.313     0.02200
 5.9453  1682.0  0.0185       1.314     0.02187
 5.9382  1684.0  0.0185       1.314     0.02173
 5.9312  1686.0  0.0186       1.315     0.02160
 5.9242  1688.0  0.0187       1.316     0.02147
 5.9172  1690.0  0.0187       1.316     0.02134
 5.9102  1692.0  0.0188       1.317     0.02121
 5.9032  1694.0  0.0189       1.318     0.02108
 5.8962  1696.0  0.0189       1.318     0.02095
 5.8893  1698.0  0.0190       1.319     0.02083
 5.8824  1700.0  0.0191       1.320     0.02070
 5.8754  1702.0  0.0191       1.320     0.02058
 5.8685  1704.0  0.0192       1.321     0.02046
 5.8617  1706.0  0.0193       1.322     0.02033
 5.8548  1708.0  0.0193       1.322     0.02021
 5.8480  1710.0  0.0194       1.323     0.02009
 5.8411  1712.0  0.0194       1.323     0.01997
 5.8343  1714.0  0.0195       1.324     0.01986
 5.8275  1716.0  0.0196       1.325     0.01974
 5.8207  1718.0  0.0196       1.325     0.01962
 5.8140  1720.0  0.0197       1.326     0.01951
 5.8072  1722.0  0.0198       1.326     0.01940
 5.8005  1724.0  0.0198       1.327     0.01928
 5.7937  1726.0  0.0199       1.328     0.01917
 5.7870  1728.0  0.0199       1.328     0.01906
 5.7803  1730.0  0.0200       1.329     0.01895
 5.7737  1732.0  0.0201       1.329     0.01884
 5.7670  1734.0  0.0201       1.330     0.01873
 5.7604  1736.0  0.0202       1.330     0.01863
 5.7537  1738.0  0.0202       1.331     0.01852
 5.7471  1740.0  0.0203       1.332     0.01842
 5.7405  1742.0  0.0203       1.332     0.01831
 5.7339  1744.0  0.0204       1.333     0.01821
 5.7274  1746.0  0.0205       1.333     0.01810
 5.7208  1748.0  0.0205       1.334     0.01800
 5.7143  1750.0  0.0206       1.334     0.01790
 5.7078  1752.0  0.0206       1.335     0.01780
 5.7013  1754.0  0.0207       1.336     0.01770
 5.6948  1756.0  0.0207       1.336     0.01760
 5.6883  1758.0  0.0208       1.337     0.01751
 5.6818  1760.0  0.0209       1.337     0.01741
 5.6754  1762.0  0.0209       1.338     0.01731
 5.6689  1764.0  0.0210       1.338     0.01722
 5.6625  1766.0  0.0210       1.339     0.01712
 5.6561  1768.0  0.0211       1.339     0.01703
 5.6497  1770.0  0.0211       1.340     0.01693
 5.6433  1772.0  0.0212       1.340     0.01684
 5.6370  1774.0  0.0212       1.341     0.01675
 5.6306  1776.0  0.0213       1.341     0.01666
 5.6243  1778.0  0.0214       1.342     0.01657
 5.6180  1780.0  0.0214       1.342     0.01648
 5.6117  1782.0  0.0215       1.343     0.01639
 5.6054  1784.0  0.0215       1.343     0.01630
 5.5991  1786.0  0.0216       1.344     0.01621
 5.5928  1788.0  0.0216       1.344     0.01613
 5.5866  1790.0  0.0217       1.345     0.01604
 5.5804  1792.0  0.0217       1.345     0.01596
 5.5741  1794.0  0.0218       1.346     0.01587
 5.5679  1796.0  0.0218       1.346     0.01579
 5.5617  1798.0  0.0219       1.347     0.01570
 5.5556  1800.0  0.0219       1.347     0.01562
 5.5494  1802.0  0.0220       1.348     0.01554
 5.5432  1804.0  0.0220       1.348     0.01546
 5.5371  1806.0  0.0221       1.349     0.01538
 5.5310  1808.0  0.0221       1.349     0.01529
 5.5249  1810.0  0.0222       1.350     0.01521
 5.5188  1812.0  0.0222       1.350     0.01514
 5.5127  1814.0  0.0223       1.351     0.01506
 5.5066  1816.0  0.0223       1.351     0.01498
 5.5006  1818.0  0.0224       1.352     0.01490
 5.4945  1820.0  0.0224       1.352     0.01482
 5.4885  1822.0  0.0225       1.352     0.01475
 5.4825  1824.0  0.0225       1.353     0.01467
 5.4765  1826.0  0.0226       1.353     0.01460
 5.4705  1828.0  0.0226       1.354     0.01452
 5.4645  1830.0  0.0227       1.354     0.01445
 5.4585  1832.0  0.0227       1.355     0.01438
 5.4526  1834.0  0.0228       1.355     0.01430
 5.4466  1836.0  0.0228       1.356     0.01423
 5.4407  1838.0  0.0229       1.356     0.01416
 5.4348  1840.0  0.0229       1.356     0.01409
 5.4289  1842.0  0.0230       1.357     0.01402
 5.4230  1844.0  0.0230       1.357     0.01395
 5.4171  1846.0  0.0231       1.358     0.01388
 5.4113  1848.0  0.0231       1.358     0.01381
 5.4054  1850.0  0.0232       1.359     0.01374
 5.3996  1852.0  0.0232       1.359     0.01367
 5.3937  1854.0  0.0232       1.359     0.01360
 5.3879  1856.0  0.0233       1.360     0.01353
 5.3821  1858.0  0.0233       1.360     0.01347
 5.3763  1860.0  0.0234       1.361     0.01340
 5.3706  1862.0  0.0234       1.361     0.01333
 5.3648  1864.0  0.0235       1.362     0.01327
 5.3591  1866.0  0.0235       1.362     0.01320
 5.3533  1868.0  0.0236       1.362     0.01314
 5.3476  1870.0  0.0236       1.363     0.01308
 5.3419  1872.0  0.0237       1.363     0.01301
 5.3362  1874.0  0.0237       1.364     0.01295
 5.3305  1876.0  0.0237       1.364     0.01289
 5.3248  1878.0  0.0238       1.364     0.01282
 5.3191  1880.0  0.0238       1.365     0.01276
 5.3135  1882.0  0.0239       1.365     0.01270
 5.3079  1884.0  0.0239       1.366     0.01264
 5.3022  1886.0  0.0240       1.366     0.01258
 5.2966  1888.0  0.0240       1.366     0.01252
 5.2910  1890.0  0.0240       1.367     0.01246
 5.2854  1892.0  0.0241       1.367     0.01240
 5.2798  1894.0  0.0241       1.368     0.01234
 5.2743  1896.0  0.0242       1.368     0.01228
 5.2687  1898.0  0.0242       1.368     0.01222
 5.2632  1900.0  0.0243       1.369     0.01217
 5.2576  1902.0  0.0243       1.369     0.01211
 5.2521  1904.0  0.0243       1.369     0.01205
 5.2466  1906.0  0.0244       1.370     0.01199
 5.2411  1908.0  0.0244       1.370     0.01194
 5.2356  1910.0  0.0245       1.371     0.01188
 5.2301  1912.0  0.0245       1.371     0.01183
 5.2247  1914.0  0.0245       1.371     0.01177
 5.2192  1916.0  0.0246       1.372     0.01172
 5.2138  1918.0  0.0246       1.372     0.01166
 5.2083  1920.0  0.0247       1.372     0.01161
 5.2029  1922.0  0.0247       1.373     0.01155
 5.1975  1924.0  0.0247       1.373     0.01150
 5.1921  1926.0  0.0248       1.373     0.01145
 5.1867  1928.0  0.0248       1.374     0.01140
 5.1813  1930.0  0.0249       1.374     0.01134
 5.1760  1932.0  0.0249       1.375     0.01129
 5.1706  1934.0  0.0249       1.375     0.01124
 5.1653  1936.0  0.0250       1.375     0.01119
 5.1600  1938.0  0.0250       1.376     0.01114
 5.1546  1940.0  0.0251       1.376     0.01109
 5.1493  1942.0  0.0251       1.376     0.01104
 5.1440  1944.0  0.0251       1.377     0.01099
 5.1387  1946.0  0.0252       1.377     0.01094
 5.1335  1948.0  0.0252       1.377     0.01089
 5.1282  1950.0  0.0252       1.378     0.01084
 5.1230  1952.0  0.0253       1.378     0.01079
 5.1177  1954.0  0.0253       1.378     0.01074
 5.1125  1956.0  0.0254       1.379     0.01069
 5.1073  1958.0  0.0254       1.379     0.01065
 5.1020  1960.0  0.0254       1.379     0.01060
 5.0968  1962.0  0.0255       1.380     0.01055
 5.0916  1964.0  0.0255       1.380     0.01051
 5.0865  1966.0  0.0255       1.380     0.01046
 5.0813  1968.0  0.0256       1.381     0.01041
 5.0761  1970.0  0.0256       1.381     0.01037
 5.0710  1972.0  0.0257       1.381     0.01032
 5.0659  1974.0  0.0257       1.382     0.01028
 5.0607  1976.0  0.0257       1.382     0.01023
 5.0556  1978.0  0.0258       1.382     0.01019
 5.0505  1980.0  0.0258       1.383     0.01014
 5.0454  1982.0  0.0258       1.383     0.01010
 5.0403  1984.0  0.0259       1.383     0.01005
 5.0352  1986.0  0.0259       1.384     0.01001
 5.0302  1988.0  0.0259       1.384    0.009967
 5.0251  1990.0  0.0260       1.384    0.009924
 5.0201  1992.0  0.0260       1.384    0.009881
 5.0150  1994.0  0.0260       1.385    0.009838
 5.0100  1996.0  0.0261       1.385    0.009796
 5.0050  1998.0  0.0261       1.385    0.009754
 5.0000  2000.0  0.0262       1.386    0.009712
 4.9950  2002.0  0.0262       1.386    0.009670
 4.9900  2004.0  0.0262       1.386    0.009629
 4.9850  2006.0  0.0263       1.387    0.009588
 4.9801  2008.0  0.0263       1.387    0.009547
 4.9751  2010.0  0.0263       1.387    0.009507
 4.9702  2012.0  0.0264       1.387    0.009466
 4.9652  2014.0  0.0264       1.388    0.009426
 4.9603  2016.0  0.0264       1.388    0.009387
 4.9554  2018.0  0.0265       1.388    0.009347
 4.9505  2020.0  0.0265       1.389    0.009308
 4.9456  2022.0  0.0265       1.389    0.009269
 4.9407  2024.0  0.0266       1.389    0.009230
 4.9358  2026.0  0.0266       1.390    0.009191
 4.9310  2028.0  0.0266       1.390    0.009153
 4.9261  2030.0  0.0267       1.390    0.009114
 4.9213  2032.0  0.0267       1.390    0.009076
 4.9164  2034.0  0.0267       1.391    0.009039
 4.9116  2036.0  0.0268       1.391    0.009001
 4.9068  2038.0  0.0268       1.391    0.008964
 4.9020  2040.0  0.0268       1.392    0.008927
 4.8972  2042.0  0.0268       1.392    0.008890
 4.8924  2044.0  0.0269       1.392    0.008853
 4.8876  2046.0  0.0269       1.392    0.008817
 4.8828  2048.0  0.0269       1.393    0.008781
 4.8780  2050.0  0.0270       1.393    0.008745
 4.8733  2052.0  0.0270       1.393    0.008709
 4.8685  2054.0  0.0270       1.393    0.008673
 4.8638  2056.0  0.0271       1.394    0.008638
 4.8591  2058.0  0.0271       1.394    0.008603
 4.8544  2060.0  0.0271       1.394    0.008568
 4.8497  2062.0  0.0272       1.395    0.008533
 4.8450  2064.0  0.0272       1.395    0.008499
 4.8403  2066.0  0.0272       1.395    0.008464
 4.8356  2068.0  0.0273       1.395    0.008430
 4.8309  2070.0  0.0273       1.396    0.008396
 4.8263  2072.0  0.0273       1.396    0.008362
 4.8216  2074.0  0.0273       1.396    0.008329
 4.8170  2076.0  0.0274       1.396    0.008295
 4.8123  2078.0  0.0274       1.397    0.008262
 4.8077  2080.0  0.0274       1.397    0.008229
 4.8031  2082.0  0.0275       1.397    0.008196
 4.7985  2084.0  0.0275       1.397    0.008164
 4.7939  2086.0  0.0275       1.398    0.008131
 4.7893  2088.0  0.0276       1.398    0.008099
 4.7847  2090.0  0.0276       1.398    0.008067
 4.7801  2092.0  0.0276       1.398    0.008035
 4.7755  2094.0  0.0276       1.399    0.008003
 4.7710  2096.0  0.0277       1.399    0.007972
 4.7664  2098.0  0.0277       1.399    0.007941
 4.7619  2100.0  0.0277       1.399    0.007909
 4.7574  2102.0  0.0278       1.400    0.007878
 4.7529  2104.0  0.0278       1.400    0.007847
 4.7483  2106.0  0.0278       1.400    0.007817
 4.7438  2108.0  0.0278       1.400    0.007786
 4.7393  2110.0  0.0279       1.401    0.007756
 4.7348  2112.0  0.0279       1.401    0.007726
 4.7304  2114.0  0.0279       1.401    0.007696
 4.7259  2116.0  0.0280       1.401    0.007666
 4.7214  2118.0  0.0280       1.402    0.007636
 4.7170  2120.0  0.0280       1.402    0.007607
 4.7125  2122.0  0.0280       1.402    0.007577
 4.7081  2124.0  0.0281       1.402    0.007548
 4.7037  2126.0  0.0281       1.403    0.007519
 4.6992  2128.0  0.0281       1.403    0.007490
 4.6948  2130.0  0.0281       1.403    0.007462
 4.6904  2132.0  0.0282       1.403    0.007433
 4.6860  2134.0  0.0282       1.404    0.007405
 4.6816  2136.0  0.0282       1.404    0.007376
 4.6773  2138.0  0.0283       1.404    0.007348
 4.6729  2140.0  0.0283       1.404    0.007320
 4.6685  2142.0  0.0283       1.404    0.007293
 4.6642  2144.0  0.0283       1.405    0.007265
 4.6598  2146.0  0.0284       1.405    0.007237
 4.6555  2148.0  0.0284       1.405    0.007210
 4.6512  2150.0  0.0284       1.405    0.007183
 4.6468  2152.0  0.0284       1.406    0.007156
 4.6425  2154.0  0.0285       1.406    0.007129
 4.6382  2156.0  0.0285       1.406    0.007102
 4.6339  2158.0  0.0285       1.406    0.007076
 4.6296  2160.0  0.0285       1.407    0.007049
 4.6253  2162.0  0.0286       1.407    0.007023
 4.6211  2164.0  0.0286       1.407    0.006997
 4.6168  2166.0  0.0286       1.407    0.006970
 4.6125  2168.0  0.0286       1.407    0.006945
 4.6083  2170.0  0.0287       1.408    0.006919
 4.6041  2172.0  0.0287       1.408    0.006893
 4.5998  2174.0  0.0287       1.408    0.006868
 4.5956  2176.0  0.0287       1.408    0.006842
 4.5914  2178.0  0.0288       1.408    0.006817
 4.5872  2180.0  0.0288       1.409    0.006792
 4.5830  2182.0  0.0288       1.409    0.006767
 4.5788  2184.0  0.0288       1.409    0.006742
 4.5746  2186.0  0.0289       1.409    0.006717
 4.5704  2188.0  0.0289       1.410    0.006693
 4.5662  2190.0  0.0289       1.410    0.006668
 4.5620  2192.0  0.0289       1.410    0.006644
 4.5579  2194.0  0.0290       1.410    0.006620
 4.5537  2196.0  0.0290       1.410    0.006595
 4.5496  2198.0  0.0290       1.411    0.006571
 4.5455  2200.0  0.0290       1.411    0.006548
 4.5413  2202.0  0.0291       1.411    0.006524
 4.5372  2204.0  0.0291       1.411    0.006500
 4.5331  2206.0  0.0291       1.411    0.006477
 4.5290  2208.0  0.0291       1.412    0.006453
 4.5249  2210.0  0.0292       1.412    0.006430
 4.5208  2212.0  0.0292       1.412    0.006407
 4.5167  2214.0  0.0292       1.412    0.006384
 4.5126  2216.0  0.0292       1.412    0.006361
 4.5086  2218.0  0.0293       1.413    0.006338
 4.5045  2220.0  0.0293       1.413    0.006316
 4.5005  2222.0  0.0293       1.413    0.006293
 4.4964  2224.0  0.0293       1.413    0.006271
 4.4924  2226.0  0.0294       1.413    0.006248
 4.4883  2228.0  0.0294       1.414    0.006226
 4.4843  2230.0  0.0294       1.414    0.006204
 4.4803  2232.0  0.0294       1.414    0.006182
 4.4763  2234.0  0.0294       1.414    0.006160
 4.4723  2236.0  0.0295       1.414    0.006138
 4.4683  2238.0  0.0295       1.415    0.006117
 4.4643  2240.0  0.0295       1.415    0.006095
 4.4603  2242.0  0.0295       1.415    0.006074
 4.4563  2244.0  0.0296       1.415    0.006052
 4.4524  2246.0  0.0296       1.415    0.006031
 4.4484  2248.0  0.0296       1.416    0.006010
 4.4444  2250.0  0.0296       1.416    0.005989
 4.4405  2252.0  0.0296       1.416    0.005968
 4.4366  2254.0  0.0297       1.416    0.005947
 4.4326  2256.0  0.0297       1.416    0.005926
 4.4287  2258.0  0.0297       1.417    0.005906
 4.4248  2260.0  0.0297       1.417    0.005885
 4.4209  2262.0  0.0298       1.417    0.005865
 4.4170  2264.0  0.0298       1.417    0.005845
 4.4131  2266.0  0.0298       1.417    0.005824
 4.4092  2268.0  0.0298       1.417    0.005804
 4.4053  2270.0  0.0298       1.418    0.005784
 4.4014  2272.0  0.0299       1.418    0.005764
 4.3975  2274.0  0.0299       1.418    0.005744
 4.3937  2276.0  0.0299       1.418    0.005725
 4.3898  2278.0  0.0299       1.418    0.005705
 4.3860  2280.0  0.0300       1.419    0.005686
 4.3821  2282.0  0.0300       1.419    0.005666
 4.3783  2284.0  0.0300       1.419    0.005647
 4.3745  2286.0  0.0300       1.419    0.005627
 4.3706  2288.0  0.0300       1.419    0.005608
 4.3668  2290.0  0.0301       1.419    0.005589
 4.3630  2292.0  0.0301       1.420    0.005570
 4.3592  2294.0  0.0301       1.420    0.005551
 4.3554  2296.0  0.0301       1.420    0.005533
 4.3516  2298.0  0.0301       1.420    0.005514
 4.3478  2300.0  0.0302       1.420    0.005495
 4.3440  2302.0  0.0302       1.420    0.005477
 4.3403  2304.0  0.0302       1.421    0.005458
 4.3365  2306.0  0.0302       1.421    0.005440
 4.3328  2308.0  0.0302       1.421    0.005422
 4.3290  2310.0  0.0303       1.421    0.005403
 4.3253  2312.0  0.0303       1.421    0.005385
 4.3215  2314.0  0.0303       1.422    0.005367
 4.3178  2316.0  0.0303       1.422    0.005349
 4.3141  2318.0  0.0303       1.422    0.005331
 4.3103  2320.0  0.0304       1.422    0.005314
 4.3066  2322.0  0.0304       1.422    0.005296
 4.3029  2324.0  0.0304       1.422    0.005278
 4.2992  2326.0  0.0304       1.423    0.005261
 4.2955  2328.0  0.0304       1.423    0.005243
 4.2918  2330.0  0.0305       1.423    0.005226
 4.2882  2332.0  0.0305       1.423    0.005209
 4.2845  2334.0  0.0305       1.423    0.005192
 4.2808  2336.0  0.0305       1.423    0.005174
 4.2772  2338.0  0.0305       1.424    0.005157
 4.2735  2340.0  0.0306       1.424    0.005140
 4.2699  2342.0  0.0306       1.424    0.005124
 4.2662  2344.0  0.0306       1.424    0.005107
 4.2626  2346.0  0.0306       1.424    0.005090
 4.2589  2348.0  0.0306       1.424    0.005073
 4.2553  2350.0  0.0307       1.425    0.005057
 4.2517  2352.0  0.0307       1.425    0.005040
 4.2481  2354.0  0.0307       1.425    0.005024
 4.2445  2356.0  0.0307       1.425    0.005008
 4.2409  2358.0  0.0307       1.425    0.004991
 4.2373  2360.0  0.0308       1.425    0.004975
 4.2337  2362.0  0.0308       1.425    0.004959
 4.2301  2364.0  0.0308       1.426    0.004943
 4.2265  2366.0  0.0308       1.426    0.004927
 4.2230  2368.0  0.0308       1.426    0.004911
 4.2194  2370.0  0.0308       1.426    0.004895
 4.2159  2372.0  0.0309       1.426    0.004880
 4.2123  2374.0  0.0309       1.426    0.004864
 4.2088  2376.0  0.0309       1.427    0.004848
 4.2052  2378.0  0.0309       1.427    0.004833
 4.2017  2380.0  0.0309       1.427    0.004817
 4.1982  2382.0  0.0310       1.427    0.004802
 4.1946  2384.0  0.0310       1.427    0.004786
 4.1911  2386.0  0.0310       1.427    0.004771
 4.1876  2388.0  0.0310       1.427    0.004756
 4.1841  2390.0  0.0310       1.428    0.004741
 4.1806  2392.0  0.0311       1.428    0.004726
 4.1771  2394.0  0.0311       1.428    0.004711
 4.1736  2396.0  0.0311       1.428    0.004696
 4.1701  2398.0  0.0311       1.428    0.004681
 4.1667  2400.0  0.0311       1.428    0.004666
 4.1632  2402.0  0.0311       1.429    0.004651
 4.1597  2404.0  0.0312       1.429    0.004637
 4.1563  2406.0  0.0312       1.429    0.004622
 4.1528  2408.0  0.0312       1.429    0.004608
 4.1494  2410.0  0.0312       1.429    0.004593
 4.1459  2412.0  0.0312       1.429    0.004579
 4.1425  2414.0  0.0312       1.429    0.004564
 4.1391  2416.0  0.0313       1.430    0.004550
 4.1356  2418.0  0.0313       1.430    0.004536
 4.1322  2420.0  0.0313       1.430    0.004522
 4.1288  2422.0  0.0313       1.430    0.004508
 4.1254  2424.0  0.0313       1.430    0.004494
 4.1220  2426.0  0.0313       1.430    0.004480
 4.1186  2428.0  0.0314       1.430    0.004466
 4.1152  2430.0  0.0314       1.431    0.004452
 4.1118  2432.0  0.0314       1.431    0.004438
 4.1085  2434.0  0.0314       1.431    0.004424
 4.1051  2436.0  0.0314       1.431    0.004411
 4.1017  2438.0  0.0315       1.431    0.004397
 4.0984  2440.0  0.0315       1.431    0.004383
 4.0950  2442.0  0.0315       1.431    0.004370
 4.0917  2444.0  0.0315       1.432    0.004356
 4.0883  2446.0  0.0315       1.432    0.004343
 4.0850  2448.0  0.0315       1.432    0.004330
 4.0816  2450.0  0.0316       1.432    0.004316
 4.0783  2452.0  0.0316       1.432    0.004303
 4.0750  2454.0  0.0316       1.432    0.004290
 4.0717  2456.0  0.0316       1.432    0.004277
 4.0683  2458.0  0.0316       1.432    0.004264
 4.0650  2460.0  0.0316       1.433    0.004251
 4.0617  2462.0  0.0316       1.433    0.004238
 4.0584  2464.0  0.0317       1.433    0.004225
 4.0552  2466.0  0.0317       1.433    0.004212
 4.0519  2468.0  0.0317       1.433    0.004200
 4.0486  2470.0  0.0317       1.433    0.004187
 4.0453  2472.0  0.0317       1.433    0.004174
 4.0420  2474.0  0.0317       1.434    0.004162
 4.0388  2476.0  0.0318       1.434    0.004149
 4.0355  2478.0  0.0318       1.434    0.004137
 4.0323  2480.0  0.0318       1.434    0.004124
 4.0290  2482.0  0.0318       1.434    0.004112
 4.0258  2484.0  0.0318       1.434    0.004099
 4.0225  2486.0  0.0318       1.434    0.004087
 4.0193  2488.0  0.0319       1.434    0.004075
 4.0161  2490.0  0.0319       1.435    0.004063
 4.0128  2492.0  0.0319       1.435    0.004050
 4.0096  2494.0  0.0319       1.435    0.004038
 4.0064  2496.0  0.0319       1.435    0.004026
 4.0032  2498.0  0.0319       1.435    0.004014
 4.0000  2500.0  0.0319       1.435    0.004002
 3.9968  2502.0  0.0320       1.435    0.003991
 3.9936  2504.0  0.0320       1.436    0.003979
 3.9904  2506.0  0.0320       1.436    0.003967
 3.9872  2508.0  0.0320       1.436    0.003955
 3.9841  2510.0  0.0320       1.436    0.003943
 3.9809  2512.0  0.0320       1.436    0.003932
 3.9777  2514.0  0.0321       1.436    0.003920
 3.9746  2516.0  0.0321       1.436    0.003909
 3.9714  2518.0  0.0321       1.436    0.003897
 3.9683  2520.0  0.0321       1.437    0.003886
 3.9651  2522.0  0.0321       1.437    0.003874
 3.9620  2524.0  0.0321       1.437    0.003863
 3.9588  2526.0  0.0321       1.437    0.003852
 3.9557  2528.0  0.0322       1.437    0.003840
 3.9526  2530.0  0.0322       1.437    0.003829
 3.9494  2532.0  0.0322       1.437    0.003818
 3.9463  2534.0  0.0322       1.437    0.003807
 3.9432  2536.0  0.0322       1.438    0.003796
 3.9401  2538.0  0.0322       1.438    0.003785
 3.9370  2540.0  0.0322       1.438    0.003774
 3.9339  2542.0  0.0323       1.438    0.003763
 3.9308  2544.0  0.0323       1.438    0.003752
 3.9277  2546.0  0.0323       1.438    0.003741
 3.9246  2548.0  0.0323       1.438    0.003730
 3.9216  2550.0  0.0323       1.438    0.003719
 3.9185  2552.0  0.0323       1.438    0.003709
 3.9154  2554.0  0.0323       1.439    0.003698
 3.9124  2556.0  0.0324       1.439    0.003687
 3.9093  2558.0  0.0324       1.439    0.003677
 3.9062  2560.0  0.0324       1.439    0.003666
 3.9032  2562.0  0.0324       1.439    0.003656
 3.9002  2564.0  0.0324       1.439    0.003645
 3.8971  2566.0  0.0324       1.439    0.003635
 3.8941  2568.0  0.0324       1.439    0.003624
 3.8911  2570.0  0.0325       1.440    0.003614
 3.8880  2572.0  0.0325       1.440    0.003604
 3.8850  2574.0  0.0325       1.440    0.003593
 3.8820  2576.0  0.0325       1.440    0.003583
 3.8790  2578.0  0.0325       1.440    0.003573
 3.8760  2580.0  0.0325       1.440    0.003563
 3.8730  2582.0  0.0325       1.440    0.003553
 3.8700  2584.0  0.0326       1.440    0.003543
 3.8670  2586.0  0.0326       1.440    0.003533
 3.8640  2588.0  0.0326       1.441    0.003523
 3.8610  2590.0  0.0326       1.441    0.003513
 3.8580  2592.0  0.0326       1.441    0.003503
 3.8551  2594.0  0.0326       1.441    0.003493
 3.8521  2596.0  0.0326       1.441    0.003483
 3.8491  2598.0  0.0327       1.441    0.003473
 3.8462  2600.0  0.0327       1.441    0.003463
 3.8432  2602.0  0.0327       1.441    0.003454
 3.8402  2604.0  0.0327       1.441    0.003444
 3.8373  2606.0  0.0327       1.442    0.003434
 3.8344  2608.0  0.0327       1.442    0.003425
 3.8314  2610.0  0.0327       1.442    0.003415
 3.8285  2612.0  0.0327       1.442    0.003406
 3.8256  2614.0  0.0328       1.442    0.003396
 3.8226  2616.0  0.0328       1.442    0.003387
 3.8197  2618.0  0.0328       1.442    0.003377
 3.8168  2620.0  0.0328       1.442    0.003368
 3.8139  2622.0  0.0328       1.442    0.003359
 3.8110  2624.0  0.0328       1.443    0.003349
 3.8081  2626.0  0.0328       1.443    0.003340
 3.8052  2628.0  0.0329       1.443    0.003331
 3.8023  2630.0  0.0329       1.443    0.003322
 3.7994  2632.0  0.0329       1.443    0.003312
 3.7965  2634.0  0.0329       1.443    0.003303
 3.7936  2636.0  0.0329       1.443    0.003294
 3.7908  2638.0  0.0329       1.443    0.003285
 3.7879  2640.0  0.0329       1.443    0.003276
 3.7850  2642.0  0.0329       1.443    0.003267
 3.7821  2644.0  0.0330       1.444    0.003258
 3.7793  2646.0  0.0330       1.444    0.003249
 3.7764  2648.0  0.0330       1.444    0.003240
 3.7736  2650.0  0.0330       1.444    0.003231
 3.7707  2652.0  0.0330       1.444    0.003223
 3.7679  2654.0  0.0330       1.444    0.003214
 3.7651  2656.0  0.0330       1.444    0.003205
 3.7622  2658.0  0.0330       1.444    0.003196
 3.7594  2660.0  0.0331       1.444    0.003188
 3.7566  2662.0  0.0331       1.445    0.003179
 3.7538  2664.0  0.0331       1.445    0.003170
 3.7509  2666.0  0.0331       1.445    0.003162
 3.7481  2668.0  0.0331       1.445    0.003153
 3.7453  2670.0  0.0331       1.445    0.003145
 3.7425  2672.0  0.0331       1.445    0.003136
 3.7397  2674.0  0.0331       1.445    0.003128
 3.7369  2676.0  0.0332       1.445    0.003119
 3.7341  2678.0  0.0332       1.445    0.003111
 3.7313  2680.0  0.0332       1.445    0.003102
 3.7286  2682.0  0.0332       1.446    0.003094
 3.7258  2684.0  0.0332       1.446    0.003086
 3.7230  2686.0  0.0332       1.446    0.003078
 3.7202  2688.0  0.0332       1.446    0.003069
 3.7175  2690.0  0.0332       1.446    0.003061
 3.7147  2692.0  0.0333       1.446    0.003053
 3.7120  2694.0  0.0333       1.446    0.003045
 3.7092  2696.0  0.0333       1.446    0.003037
 3.7064  2698.0  0.0333       1.446    0.003029
 3.7037  2700.0  0.0333       1.446    0.003020
 3.7010  2702.0  0.0333       1.446    0.003012
 3.6982  2704.0  0.0333       1.447    0.003004
 3.6955  2706.0  0.0333       1.447    0.002996
 3.6928  2708.0  0.0333       1.447    0.002988
 3.6900  2710.0  0.0334       1.447    0.002981
 3.6873  2712.0  0.0334       1.447    0.002973
 3.6846  2714.0  0.0334       1.447    0.002965
 3.6819  2716.0  0.0334       1.447    0.002957
 3.6792  2718.0  0.0334       1.447    0.002949
 3.6765  2720.0  0.0334       1.447    0.002941
 3.6738  2722.0  0.0334       1.447    0.002934
 3.6711  2724.0  0.0334       1.448    0.002926
 3.6684  2726.0  0.0334       1.448    0.002918
 3.6657  2728.0  0.0335       1.448    0.002911
 3.6630  2730.0  0.0335       1.448    0.002903
 3.6603  2732.0  0.0335       1.448    0.002895
 3.6576  2734.0  0.0335       1.448    0.002888
 3.6550  2736.0  0.0335       1.448    0.002880
 3.6523  2738.0  0.0335       1.448    0.002873
 3.6496  2740.0  0.0335       1.448    0.002865
 3.6470  2742.0  0.0335       1.448    0.002858
 3.6443  2744.0  0.0336       1.448    0.002850
 3.6417  2746.0  0.0336       1.449    0.002843
 3.6390  2748.0  0.0336       1.449    0.002835
 3.6364  2750.0  0.0336       1.449    0.002828
 3.6337  2752.0  0.0336       1.449    0.002821
 3.6311  2754.0  0.0336       1.449    0.002813
 3.6284  2756.0  0.0336       1.449    0.002806
 3.6258  2758.0  0.0336       1.449    0.002799
 3.6232  2760.0  0.0336       1.449    0.002792
 3.6206  2762.0  0.0336       1.449    0.002784
 3.6179  2764.0  0.0337       1.449    0.002777
 3.6153  2766.0  0.0337       1.449    0.002770
 3.6127  2768.0  0.0337       1.450    0.002763
 3.6101  2770.0  0.0337       1.450    0.002756
 3.6075  2772.0  0.0337       1.450    0.002749
 3.6049  2774.0  0.0337       1.450    0.002742
 3.6023  2776.0  0.0337       1.450    0.002735
 3.5997  2778.0  0.0337       1.450    0.002728
 3.5971  2780.0  0.0337       1.450    0.002721
 3.5945  2782.0  0.0338       1.450    0.002714
 3.5920  2784.0  0.0338       1.450    0.002707
 3.5894  2786.0  0.0338       1.450    0.002700
 3.5868  2788.0  0.0338       1.450    0.002693
 3.5842  2790.0  0.0338       1.451    0.002686
 3.5817  2792.0  0.0338       1.451    0.002679
 3.5791  2794.0  0.0338       1.451    0.002673
 3.5765  2796.0  0.0338       1.451    0.002666
 3.5740  2798.0  0.0338       1.451    0.002659
 3.5714  2800.0  0.0339       1.451    0.002652
 3.5689  2802.0  0.0339       1.451    0.002646
 3.5663  2804.0  0.0339       1.451    0.002639
 3.5638  2806.0  0.0339       1.451    0.002632
 3.5613  2808.0  0.0339       1.451    0.002626
 3.5587  2810.0  0.0339       1.451    0.002619
 3.5562  2812.0  0.0339       1.451    0.002612
 3.5537  2814.0  0.0339       1.452    0.002606
 3.5511  2816.0  0.0339       1.452    0.002599
 3.5486  2818.0  0.0339       1.452    0.002593
 3.5461  2820.0  0.0340       1.452    0.002586
 3.5436  2822.0  0.0340       1.452    0.002580
 3.5411  2824.0  0.0340       1.452    0.002573
 3.5386  2826.0  0.0340       1.452    0.002567
 3.5361  2828.0  0.0340       1.452    0.002560
 3.5336  2830.0  0.0340       1.452    0.002554
 3.5311  2832.0  0.0340       1.452    0.002548
 3.5286  2834.0  0.0340       1.452    0.002541
 3.5261  2836.0  0.0340       1.452    0.002535
 3.5236  2838.0  0.0340       1.453    0.002529
 3.5211  2840.0  0.0341       1.453    0.002522
 3.5186  2842.0  0.0341       1.453    0.002516
 3.5162  2844.0  0.0341       1.453    0.002510
 3.5137  2846.0  0.0341       1.453    0.002504
 3.5112  2848.0  0.0341       1.453    0.002498
 3.5088  2850.0  0.0341       1.453    0.002491
 3.5063  2852.0  0.0341       1.453    0.002485
 3.5039  2854.0  0.0341       1.453    0.002479
 3.5014  2856.0  0.0341       1.453    0.002473
 3.4990  2858.0  0.0341       1.453    0.002467
 3.4965  2860.0  0.0342       1.453    0.002461
 3.4941  2862.0  0.0342       1.453    0.002455
 3.4916  2864.0  0.0342       1.454    0.002449
 3.4892  2866.0  0.0342       1.454    0.002443
 3.4868  2868.0  0.0342       1.454    0.002437
 3.4843  2870.0  0.0342       1.454    0.002431
 3.4819  2872.0  0.0342       1.454    0.002425
 3.4795  2874.0  0.0342       1.454    0.002419
 3.4771  2876.0  0.0342       1.454    0.002413
 3.4746  2878.0  0.0342       1.454    0.002407
 3.4722  2880.0  0.0343       1.454    0.002401
 3.4698  2882.0  0.0343       1.454    0.002395
 3.4674  2884.0  0.0343       1.454    0.002390
 3.4650  2886.0  0.0343       1.454    0.002384
 3.4626  2888.0  0.0343       1.454    0.002378
 3.4602  2890.0  0.0343       1.455    0.002372
 3.4578  2892.0  0.0343       1.455    0.002366
 3.4554  2894.0  0.0343       1.455    0.002361
 3.4530  2896.0  0.0343       1.455    0.002355
 3.4507  2898.0  0.0343       1.455    0.002349
 3.4483  2900.0  0.0343       1.455    0.002344
 3.4459  2902.0  0.0344       1.455    0.002338
 3.4435  2904.0  0.0344       1.455    0.002332
 3.4412  2906.0  0.0344       1.455    0.002327
 3.4388  2908.0  0.0344       1.455    0.002321
 3.4364  2910.0  0.0344       1.455    0.002315
 3.4341  2912.0  0.0344       1.455    0.002310
 3.4317  2914.0  0.0344       1.455    0.002304
 3.4294  2916.0  0.0344       1.456    0.002299
 3.4270  2918.0  0.0344       1.456    0.002293
 3.4247  2920.0  0.0344       1.456    0.002288
 3.4223  2922.0  0.0344       1.456    0.002282
 3.4200  2924.0  0.0345       1.456    0.002277
 3.4176  2926.0  0.0345       1.456    0.002271
 3.4153  2928.0  0.0345       1.456    0.002266
 3.4130  2930.0  0.0345       1.456    0.002261
 3.4106  2932.0  0.0345       1.456    0.002255
 3.4083  2934.0  0.0345       1.456    0.002250
 3.4060  2936.0  0.0345       1.456    0.002245
 3.4037  2938.0  0.0345       1.456    0.002239
 3.4014  2940.0  0.0345       1.456    0.002234
 3.3990  2942.0  0.0345       1.456    0.002229
 3.3967  2944.0  0.0345       1.457    0.002223
 3.3944  2946.0  0.0346       1.457    0.002218
 3.3921  2948.0  0.0346       1.457    0.002213
 3.3898  2950.0  0.0346       1.457    0.002208
 3.3875  2952.0  0.0346       1.457    0.002202
 3.3852  2954.0  0.0346       1.457    0.002197
 3.3829  2956.0  0.0346       1.457    0.002192
 3.3807  2958.0  0.0346       1.457    0.002187
 3.3784  2960.0  0.0346       1.457    0.002182
 3.3761  2962.0  0.0346       1.457    0.002177
 3.3738  2964.0  0.0346       1.457    0.002171
 3.3715  2966.0  0.0346       1.457    0.002166
 3.3693  2968.0  0.0346       1.457    0.002161
 3.3670  2970.0  0.0347       1.457    0.002156
 3.3647  2972.0  0.0347       1.458    0.002151
 3.3625  2974.0  0.0347       1.458    0.002146
 3.3602  2976.0  0.0347       1.458    0.002141
 3.3580  2978.0  0.0347       1.458    0.002136
 3.3557  2980.0  0.0347       1.458    0.002131
 3.3535  2982.0  0.0347       1.458    0.002126
 3.3512  2984.0  0.0347       1.458    0.002121
 3.3490  2986.0  0.0347       1.458    0.002116
 3.3467  2988.0  0.0347       1.458    0.002111
 3.3445  2990.0  0.0347       1.458    0.002107
 3.3422  2992.0  0.0347       1.458    0.002102
 3.3400  2994.0  0.0348       1.458    0.002097
 3.3378  2996.0  0.0348       1.458    0.002092
 3.3356  2998.0  0.0348       1.458    0.002087
 3.3333  3000.0  0.0348       1.459    0.002082
 3.3311  3002.0  0.0348       1.459    0.002077
 3.3289  3004.0  0.0348       1.459    0.002073
 3.3267  3006.0  0.0348       1.459    0.002068
 3.3245  3008.0  0.0348       1.459    0.002063
 3.3223  3010.0  0.0348       1.459    0.002058
 3.3201  3012.0  0.0348       1.459    0.002054
 3.3179  3014.0  0.0348       1.459    0.002049
 3.3156  3016.0  0.0348       1.459    0.002044
 3.3135  3018.0  0.0349       1.459    0.002040
 3.3113  3020.0  0.0349       1.459    0.002035
 3.3091  3022.0  0.0349       1.459    0.002030
 3.3069  3024.0  0.0349       1.459    0.002026
 3.3047  3026.0  0.0349       1.459    0.002021
 3.3025  3028.0  0.0349       1.459    0.002016
 3.3003  3030.0  0.0349       1.459    0.002012
 3.2982  3032.0  0.0349       1.460    0.002007
 3.2960  3034.0  0.0349       1.460    0.002003
 3.2938  3036.0  0.0349       1.460    0.001998
 3.2916  3038.0  0.0349       1.460    0.001994
 3.2895  3040.0  0.0349       1.460    0.001989
 3.2873  3042.0  0.0350       1.460    0.001984
 3.2852  3044.0  0.0350       1.460    0.001980
 3.2830  3046.0  0.0350       1.460    0.001976
 3.2808  3048.0  0.0350       1.460    0.001971
 3.2787  3050.0  0.0350       1.460    0.001967
 3.2765  3052.0  0.0350       1.460    0.001962
 3.2744  3054.0  0.0350       1.460    0.001958
 3.2723  3056.0  0.0350       1.460    0.001953
 3.2701  3058.0  0.0350       1.460    0.001949
 3.2680  3060.0  0.0350       1.460    0.001945
 3.2658  3062.0  0.0350       1.461    0.001940
 3.2637  3064.0  0.0350       1.461    0.001936
 3.2616  3066.0  0.0350       1.461    0.001931
 3.2595  3068.0  0.0351       1.461    0.001927
 3.2573  3070.0  0.0351       1.461    0.001923
 3.2552  3072.0  0.0351       1.461    0.001918
 3.2531  3074.0  0.0351       1.461    0.001914
 3.2510  3076.0  0.0351       1.461    0.001910
 3.2489  3078.0  0.0351       1.461    0.001906
 3.2468  3080.0  0.0351       1.461    0.001901
 3.2446  3082.0  0.0351       1.461    0.001897
 3.2425  3084.0  0.0351       1.461    0.001893
 3.2404  3086.0  0.0351       1.461    0.001889
 3.2383  3088.0  0.0351       1.461    0.001884
 3.2362  3090.0  0.0351       1.461    0.001880
 3.2342  3092.0  0.0351       1.461    0.001876
 3.2321  3094.0  0.0352       1.461    0.001872
 3.2300  3096.0  0.0352       1.462    0.001868
 3.2279  3098.0  0.0352       1.462    0.001864
 3.2258  3100.0  0.0352       1.462    0.001860
 3.2237  3102.0  0.0352       1.462    0.001855
 3.2216  3104.0  0.0352       1.462    0.001851
 3.2196  3106.0  0.0352       1.462    0.001847
 3.2175  3108.0  0.0352       1.462    0.001843
 3.2154  3110.0  0.0352       1.462    0.001839
 3.2134  3112.0  0.0352       1.462    0.001835
 3.2113  3114.0  0.0352       1.462    0.001831
 3.2092  3116.0  0.0352       1.462    0.001827
 3.2072  3118.0  0.0352       1.462    0.001823
 3.2051  3120.0  0.0352       1.462    0.001819
 3.2031  3122.0  0.0353       1.462    0.001815
 3.2010  3124.0  0.0353       1.462    0.001811
 3.1990  3126.0  0.0353       1.462    0.001807
 3.1969  3128.0  0.0353       1.463    0.001803
 3.1949  3130.0  0.0353       1.463    0.001799
 3.1928  3132.0  0.0353       1.463    0.001795
 3.1908  3134.0  0.0353       1.463    0.001791
 3.1888  3136.0  0.0353       1.463    0.001787
 3.1867  3138.0  0.0353       1.463    0.001783
 3.1847  3140.0  0.0353       1.463    0.001780
 3.1827  3142.0  0.0353       1.463    0.001776
 3.1807  3144.0  0.0353       1.463    0.001772
 3.1786  3146.0  0.0353       1.463    0.001768
 3.1766  3148.0  0.0353       1.463    0.001764
 3.1746  3150.0  0.0354       1.463    0.001760
 3.1726  3152.0  0.0354       1.463    0.001757
 3.1706  3154.0  0.0354       1.463    0.001753
 3.1686  3156.0  0.0354       1.463    0.001749
 3.1666  3158.0  0.0354       1.463    0.001745
 3.1646  3160.0  0.0354       1.463    0.001741
 3.1626  3162.0  0.0354       1.463    0.001738
 3.1606  3164.0  0.0354       1.464    0.001734
 3.1586  3166.0  0.0354       1.464    0.001730
 3.1566  3168.0  0.0354       1.464    0.001726
 3.1546  3170.0  0.0354       1.464    0.001723
 3.1526  3172.0  0.0354       1.464    0.001719
 3.1506  3174.0  0.0354       1.464    0.001715
 3.1486  3176.0  0.0354       1.464    0.001712
 3.1466  3178.0  0.0355       1.464    0.001708
 3.1447  3180.0  0.0355       1.464    0.001704
 3.1427  3182.0  0.0355       1.464    0.001701
 3.1407  3184.0  0.0355       1.464    0.001697
 3.1387  3186.0  0.0355       1.464    0.001693
 3.1368  3188.0  0.0355       1.464    0.001690
 3.1348  3190.0  0.0355       1.464    0.001686
 3.1328  3192.0  0.0355       1.464    0.001683
 3.1309  3194.0  0.0355       1.464    0.001679
 3.1289  3196.0  0.0355       1.464    0.001675
 3.1270  3198.0  0.0355       1.464    0.001672
 3.1250  3200.0  0.0355       1.465    0.001668
 3.1230  3202.0  0.0355       1.465    0.001665
 3.1211  3204.0  0.0355       1.465    0.001661
 3.1192  3206.0  0.0355       1.465    0.001658
 3.1172  3208.0  0.0356       1.465    0.001654
 3.1153  3210.0  0.0356       1.465    0.001651
 3.1133  3212.0  0.0356       1.465    0.001647
 3.1114  3214.0  0.0356       1.465    0.001644
 3.1095  3216.0  0.0356       1.465    0.001640
 3.1075  3218.0  0.0356       1.465    0.001637
 3.1056  3220.0  0.0356       1.465    0.001633
 3.1037  3222.0  0.0356       1.465    0.001630
 3.1017  3224.0  0.0356       1.465    0.001626
 3.0998  3226.0  0.0356       1.465    0.001623
 3.0979  3228.0  0.0356       1.465    0.001620
 3.0960  3230.0  0.0356       1.465    0.001616
 3.0941  3232.0  0.0356       1.465    0.001613
 3.0921  3234.0  0.0356       1.465    0.001609
 3.0902  3236.0  0.0356       1.465    0.001606
 3.0883  3238.0  0.0357       1.466    0.001603
 3.0864  3240.0  0.0357       1.466    0.001599
 3.0845  3242.0  0.0357       1.466    0.001596
 3.0826  3244.0  0.0357       1.466    0.001593
 3.0807  3246.0  0.0357       1.466    0.001589
 3.0788  3248.0  0.0357       1.466    0.001586
 3.0769  3250.0  0.0357       1.466    0.001583
 3.0750  3252.0  0.0357       1.466    0.001579
 3.0731  3254.0  0.0357       1.466    0.001576
 3.0713  3256.0  0.0357       1.466    0.001573
 3.0694  3258.0  0.0357       1.466    0.001570
 3.0675  3260.0  0.0357       1.466    0.001566
 3.0656  3262.0  0.0357       1.466    0.001563
 3.0637  3264.0  0.0357       1.466    0.001560
 3.0618  3266.0  0.0357       1.466    0.001557
 3.0600  3268.0  0.0357       1.466    0.001553
 3.0581  3270.0  0.0358       1.466    0.001550
 3.0562  3272.0  0.0358       1.466    0.001547
 3.0544  3274.0  0.0358       1.466    0.001544
 3.0525  3276.0  0.0358       1.466    0.001541
 3.0506  3278.0  0.0358       1.467    0.001537
 3.0488  3280.0  0.0358       1.467    0.001534
 3.0469  3282.0  0.0358       1.467    0.001531
 3.0451  3284.0  0.0358       1.467    0.001528
 3.0432  3286.0  0.0358       1.467    0.001525
 3.0414  3288.0  0.0358       1.467    0.001522
 3.0395  3290.0  0.0358       1.467    0.001519
 3.0377  3292.0  0.0358       1.467    0.001515
 3.0358  3294.0  0.0358       1.467    0.001512
 3.0340  3296.0  0.0358       1.467    0.001509
 3.0321  3298.0  0.0358       1.467    0.001506
 3.0303  3300.0  0.0358       1.467    0.001503
 3.0285  3302.0  0.0359       1.467    0.001500
 3.0266  3304.0  0.0359       1.467    0.001497
 3.0248  3306.0  0.0359       1.467    0.001494
 3.0230  3308.0  0.0359       1.467    0.001491
 3.0211  3310.0  0.0359       1.467    0.001488
 3.0193  3312.0  0.0359       1.467    0.001485
 3.0175  3314.0  0.0359       1.467    0.001482
 3.0157  3316.0  0.0359       1.467    0.001479
 3.0139  3318.0  0.0359       1.468    0.001476
 3.0120  3320.0  0.0359       1.468    0.001473
 3.0102  3322.0  0.0359       1.468    0.001470
 3.0084  3324.0  0.0359       1.468    0.001467
 3.0066  3326.0  0.0359       1.468    0.001464
 3.0048  3328.0  0.0359       1.468    0.001461
 3.0030  3330.0  0.0359       1.468    0.001458
 3.0012  3332.0  0.0359       1.468    0.001455
 2.9994  3334.0  0.0359       1.468    0.001452
 2.9976  3336.0  0.0360       1.468    0.001449
 2.9958  3338.0  0.0360       1.468    0.001446
 2.9940  3340.0  0.0360       1.468    0.001443
 2.9922  3342.0  0.0360       1.468    0.001440
 2.9904  3344.0  0.0360       1.468    0.001437
 2.9886  3346.0  0.0360       1.468    0.001434
 2.9869  3348.0  0.0360       1.468    0.001432
 2.9851  3350.0  0.0360       1.468    0.001429
 2.9833  3352.0  0.0360       1.468    0.001426
 2.9815  3354.0  0.0360       1.468    0.001423
 2.9797  3356.0  0.0360       1.468    0.001420
 2.9780  3358.0  0.0360       1.468    0.001417
 2.9762  3360.0  0.0360       1.468    0.001414
 2.9744  3362.0  0.0360       1.469    0.001412
 2.9727  3364.0  0.0360       1.469    0.001409
 2.9709  3366.0  0.0360       1.469    0.001406
 2.9691  3368.0  0.0360       1.469    0.001403
 2.9674  3370.0  0.0360       1.469    0.001400
 2.9656  3372.0  0.0361       1.469    0.001398
 2.9638  3374.0  0.0361       1.469    0.001395
 2.9621  3376.0  0.0361       1.469    0.001392
 2.9603  3378.0  0.0361       1.469    0.001389
 2.9586  3380.0  0.0361       1.469    0.001387
 2.9568  3382.0  0.0361       1.469    0.001384
 2.9551  3384.0  0.0361       1.469    0.001381
 2.9533  3386.0  0.0361       1.469    0.001378
 2.9516  3388.0  0.0361       1.469    0.001376
 2.9499  3390.0  0.0361       1.469    0.001373
 2.9481  3392.0  0.0361       1.469    0.001370
 2.9464  3394.0  0.0361       1.469    0.001367
 2.9446  3396.0  0.0361       1.469    0.001365
 2.9429  3398.0  0.0361       1.469    0.001362
 2.9412  3400.0  0.0361       1.469    0.001359
 2.9394  3402.0  0.0361       1.469    0.001357
 2.9377  3404.0  0.0361       1.469    0.001354
 2.9360  3406.0  0.0361       1.470    0.001351
 2.9343  3408.0  0.0362       1.470    0.001349
 2.9326  3410.0  0.0362       1.470    0.001346
 2.9308  3412.0  0.0362       1.470    0.001343
 2.9291  3414.0  0.0362       1.470    0.001341
 2.9274  3416.0  0.0362       1.470    0.001338
 2.9257  3418.0  0.0362       1.470    0.001336
 2.9240  3420.0  0.0362       1.470    0.001333
 2.9223  3422.0  0.0362       1.470    0.001330
 2.9206  3424.0  0.0362       1.470    0.001328
 2.9189  3426.0  0.0362       1.470    0.001325
 2.9172  3428.0  0.0362       1.470    0.001323
 2.9155  3430.0  0.0362       1.470    0.001320
 2.9138  3432.0  0.0362       1.470    0.001317
 2.9121  3434.0  0.0362       1.470    0.001315
 2.9104  3436.0  0.0362       1.470    0.001312
 2.9087  3438.0  0.0362       1.470    0.001310
 2.9070  3440.0  0.0362       1.470    0.001307
 2.9053  3442.0  0.0362       1.470    0.001305
 2.9036  3444.0  0.0363       1.470    0.001302
 2.9019  3446.0  0.0363       1.470    0.001300
 2.9002  3448.0  0.0363       1.470    0.001297
 2.8986  3450.0  0.0363       1.470    0.001295
 2.8969  3452.0  0.0363       1.471    0.001292
 2.8952  3454.0  0.0363       1.471    0.001290
 2.8935  3456.0  0.0363       1.471    0.001287
 2.8918  3458.0  0.0363       1.471    0.001285
 2.8902  3460.0  0.0363       1.471    0.001282
 2.8885  3462.0  0.0363       1.471    0.001280
 2.8868  3464.0  0.0363       1.471    0.001277
 2.8852  3466.0  0.0363       1.471    0.001275
 2.8835  3468.0  0.0363       1.471    0.001272
 2.8818  3470.0  0.0363       1.471    0.001270
 2.8802  3472.0  0.0363       1.471    0.001267
 2.8785  3474.0  0.0363       1.471    0.001265
 2.8769  3476.0  0.0363       1.471    0.001263
 2.8752  3478.0  0.0363       1.471    0.001260
 2.8736  3480.0  0.0363       1.471    0.001258
 2.8719  3482.0  0.0363       1.471    0.001255
 2.8703  3484.0  0.0364       1.471    0.001253
 2.8686  3486.0  0.0364       1.471    0.001250
 2.8670  3488.0  0.0364       1.471    0.001248
 2.8653  3490.0  0.0364       1.471    0.001246
 2.8637  3492.0  0.0364       1.471    0.001243
 2.8620  3494.0  0.0364       1.471    0.001241
 2.8604  3496.0  0.0364       1.471    0.001239
 2.8588  3498.0  0.0364       1.471    0.001236
 2.8571  3500.0  0.0364       1.471    0.001234
 2.8555  3502.0  0.0364       1.472    0.001232
 2.8539  3504.0  0.0364       1.472    0.001229
 2.8523  3506.0  0.0364       1.472    0.001227
 2.8506  3508.0  0.0364       1.472    0.001225
 2.8490  3510.0  0.0364       1.472    0.001222
 2.8474  3512.0  0.0364       1.472    0.001220
 2.8458  3514.0  0.0364       1.472    0.001218
 2.8441  3516.0  0.0364       1.472    0.001215
 2.8425  3518.0  0.0364       1.472    0.001213
 2.8409  3520.0  0.0364       1.472    0.001211
 2.8393  3522.0  0.0364       1.472    0.001208
 2.8377  3524.0  0.0365       1.472    0.001206
 2.8361  3526.0  0.0365       1.472    0.001204
 2.8345  3528.0  0.0365       1.472    0.001202
 2.8329  3530.0  0.0365       1.472    0.001199
 2.8313  3532.0  0.0365       1.472    0.001197
 2.8297  3534.0  0.0365       1.472    0.001195
 2.8281  3536.0  0.0365       1.472    0.001193
 2.8265  3538.0  0.0365       1.472    0.001190
 2.8249  3540.0  0.0365       1.472    0.001188
 2.8233  3542.0  0.0365       1.472    0.001186
 2.8217  3544.0  0.0365       1.472    0.001184
 2.8201  3546.0  0.0365       1.472    0.001181
 2.8185  3548.0  0.0365       1.472    0.001179
 2.8169  3550.0  0.0365       1.472    0.001177
 2.8153  3552.0  0.0365       1.472    0.001175
 2.8137  3554.0  0.0365       1.473    0.001173
 2.8121  3556.0  0.0365       1.473    0.001170
 2.8106  3558.0  0.0365       1.473    0.001168
 2.8090  3560.0  0.0365       1.473    0.001166
 2.8074  3562.0  0.0365       1.473    0.001164
 2.8058  3564.0  0.0365       1.473    0.001162
 2.8043  3566.0  0.0366       1.473    0.001160
 2.8027  3568.0  0.0366       1.473    0.001157
 2.8011  3570.0  0.0366       1.473    0.001155
 2.7996  3572.0  0.0366       1.473    0.001153
 2.7980  3574.0  0.0366       1.473    0.001151
 2.7964  3576.0  0.0366       1.473    0.001149
 2.7949  3578.0  0.0366       1.473    0.001147
 2.7933  3580.0  0.0366       1.473    0.001145
 2.7917  3582.0  0.0366       1.473    0.001143
 2.7902  3584.0  0.0366       1.473    0.001140
 2.7886  3586.0  0.0366       1.473    0.001138
 2.7871  3588.0  0.0366       1.473    0.001136
 2.7855  3590.0  0.0366       1.473    0.001134
 2.7840  3592.0  0.0366       1.473    0.001132
 2.7824  3594.0  0.0366       1.473    0.001130
 2.7809  3596.0  0.0366       1.473    0.001128
 2.7793  3598.0  0.0366       1.473    0.001126
 2.7778  3600.0  0.0366       1.473    0.001124
 2.7762  3602.0  0.0366       1.473    0.001122
 2.7747  3604.0  0.0366       1.473    0.001120
 2.7732  3606.0  0.0366       1.474    0.001118
 2.7716  3608.0  0.0367       1.474    0.001115
 2.7701  3610.0  0.0367       1.474    0.001113
 2.7685  3612.0  0.0367       1.474    0.001111
 2.7670  3614.0  0.0367       1.474    0.001109
 2.7655  3616.0  0.0367       1.474    0.001107
 2.7640  3618.0  0.0367       1.474    0.001105
 2.7624  3620.0  0.0367       1.474    0.001103
 2.7609  3622.0  0.0367       1.474    0.001101
 2.7594  3624.0  0.0367       1.474    0.001099
 2.7579  3626.0  0.0367       1.474    0.001097
 2.7563  3628.0  0.0367       1.474    0.001095
 2.7548  3630.0  0.0367       1.474    0.001093
 2.7533  3632.0  0.0367       1.474    0.001091
 2.7518  3634.0  0.0367       1.474    0.001089
 2.7503  3636.0  0.0367       1.474    0.001087
 2.7488  3638.0  0.0367       1.474    0.001085
 2.7473  3640.0  0.0367       1.474    0.001083
 2.7457  3642.0  0.0367       1.474    0.001081
 2.7442  3644.0  0.0367       1.474    0.001079
 2.7427  3646.0  0.0367       1.474    0.001078
 2.7412  3648.0  0.0367       1.474    0.001076
 2.7397  3650.0  0.0367       1.474    0.001074
 2.7382  3652.0  0.0367       1.474    0.001072
 2.7367  3654.0  0.0368       1.474    0.001070
 2.7352  3656.0  0.0368       1.474    0.001068
 2.7337  3658.0  0.0368       1.474    0.001066
 2.7322  3660.0  0.0368       1.474    0.001064
 2.7307  3662.0  0.0368       1.474    0.001062
 2.7293  3664.0  0.0368       1.475    0.001060
 2.7278  3666.0  0.0368       1.475    0.001058
 2.7263  3668.0  0.0368       1.475    0.001056
 2.7248  3670.0  0.0368       1.475    0.001054
 2.7233  3672.0  0.0368       1.475    0.001053
 2.7218  3674.0  0.0368       1.475    0.001051
 2.7203  3676.0  0.0368       1.475    0.001049
 2.7189  3678.0  0.0368       1.475    0.001047
 2.7174  3680.0  0.0368       1.475    0.001045
 2.7159  3682.0  0.0368       1.475    0.001043
 2.7144  3684.0  0.0368       1.475    0.001041
 2.7130  3686.0  0.0368       1.475    0.001039
 2.7115  3688.0  0.0368       1.475    0.001038
 2.7100  3690.0  0.0368       1.475    0.001036
 2.7086  3692.0  0.0368       1.475    0.001034
 2.7071  3694.0  0.0368       1.475    0.001032
 2.7056  3696.0  0.0368       1.475    0.001030
 2.7042  3698.0  0.0368       1.475    0.001028
 2.7027  3700.0  0.0368       1.475    0.001027
 2.7012  3702.0  0.0369       1.475    0.001025
 2.6998  3704.0  0.0369       1.475    0.001023
 2.6983  3706.0  0.0369       1.475    0.001021
 2.6969  3708.0  0.0369       1.475    0.001019
 2.6954  3710.0  0.0369       1.475    0.001017
 2.6940  3712.0  0.0369       1.475    0.001016
 2.6925  3714.0  0.0369       1.475    0.001014
 2.6911  3716.0  0.0369       1.475    0.001012
 2.6896  3718.0  0.0369       1.475    0.001010
 2.6882  3720.0  0.0369       1.475    0.001008
 2.6867  3722.0  0.0369       1.475    0.001007
 2.6853  3724.0  0.0369       1.476    0.001005
 2.6838  3726.0  0.0369       1.476    0.001003
 2.6824  3728.0  0.0369       1.476    0.001001
 2.6810  3730.0  0.0369       1.476   0.0009996
 2.6795  3732.0  0.0369       1.476   0.0009979
 2.6781  3734.0  0.0369       1.476   0.0009961
 2.6767  3736.0  0.0369       1.476   0.0009944
 2.6752  3738.0  0.0369       1.476   0.0009926
 2.6738  3740.0  0.0369       1.476   0.0009909
 2.6724  3742.0  0.0369       1.476   0.0009891
 2.6709  3744.0  0.0369       1.476   0.0009874
 2.6695  3746.0  0.0369       1.476   0.0009857
 2.6681  3748.0  0.0369       1.476   0.0009839
 2.6667  3750.0  0.0370       1.476   0.0009822
 2.6652  3752.0  0.0370       1.476   0.0009805
 2.6638  3754.0  0.0370       1.476   0.0009788
 2.6624  3756.0  0.0370       1.476   0.0009771
 2.6610  3758.0  0.0370       1.476   0.0009754
 2.6596  3760.0  0.0370       1.476   0.0009737
 2.6582  3762.0  0.0370       1.476   0.0009720
 2.6567  3764.0  0.0370       1.476   0.0009703
 2.6553  3766.0  0.0370       1.476   0.0009686
 2.6539  3768.0  0.0370       1.476   0.0009669
 2.6525  3770.0  0.0370       1.476   0.0009652
 2.6511  3772.0  0.0370       1.476   0.0009635
 2.6497  3774.0  0.0370       1.476   0.0009619
 2.6483  3776.0  0.0370       1.476   0.0009602
 2.6469  3778.0  0.0370       1.476   0.0009585
 2.6455  3780.0  0.0370       1.476   0.0009569
 2.6441  3782.0  0.0370       1.476   0.0009552
 2.6427  3784.0  0.0370       1.476   0.0009536
 2.6413  3786.0  0.0370       1.477   0.0009519
 2.6399  3788.0  0.0370       1.477   0.0009503
 2.6385  3790.0  0.0370       1.477   0.0009486
 2.6371  3792.0  0.0370       1.477   0.0009470
 2.6357  3794.0  0.0370       1.477   0.0009453
 2.6344  3796.0  0.0370       1.477   0.0009437
 2.6330  3798.0  0.0370       1.477   0.0009421
 2.6316  3800.0  0.0370       1.477   0.0009405
 2.6302  3802.0  0.0371       1.477   0.0009388
 2.6288  3804.0  0.0371       1.477   0.0009372
 2.6274  3806.0  0.0371       1.477   0.0009356
 2.6261  3808.0  0.0371       1.477   0.0009340
 2.6247  3810.0  0.0371       1.477   0.0009324
 2.6233  3812.0  0.0371       1.477   0.0009308
 2.6219  3814.0  0.0371       1.477   0.0009292
 2.6205  3816.0  0.0371       1.477   0.0009276
 2.6192  3818.0  0.0371       1.477   0.0009260
 2.6178  3820.0  0.0371       1.477   0.0009244
 2.6164  3822.0  0.0371       1.477   0.0009229
 2.6151  3824.0  0.0371       1.477   0.0009213
 2.6137  3826.0  0.0371       1.477   0.0009197
 2.6123  3828.0  0.0371       1.477   0.0009181
 2.6110  3830.0  0.0371       1.477   0.0009166
 2.6096  3832.0  0.0371       1.477   0.0009150
 2.6082  3834.0  0.0371       1.477   0.0009134
 2.6069  3836.0  0.0371       1.477   0.0009119
 2.6055  3838.0  0.0371       1.477   0.0009103
 2.6042  3840.0  0.0371       1.477   0.0009088
 2.6028  3842.0  0.0371       1.477   0.0009072
 2.6015  3844.0  0.0371       1.477   0.0009057
 2.6001  3846.0  0.0371       1.477   0.0009042
 2.5988  3848.0  0.0371       1.477   0.0009026
 2.5974  3850.0  0.0371       1.477   0.0009011
 2.5961  3852.0  0.0371       1.478   0.0008996
 2.5947  3854.0  0.0372       1.478   0.0008980
 2.5934  3856.0  0.0372       1.478   0.0008965
 2.5920  3858.0  0.0372       1.478   0.0008950
 2.5907  3860.0  0.0372       1.478   0.0008935
 2.5893  3862.0  0.0372       1.478   0.0008920
 2.5880  3864.0  0.0372       1.478   0.0008905
 2.5867  3866.0  0.0372       1.478   0.0008890
 2.5853  3868.0  0.0372       1.478   0.0008875
 2.5840  3870.0  0.0372       1.478   0.0008860
 2.5826  3872.0  0.0372       1.478   0.0008845
 2.5813  3874.0  0.0372       1.478   0.0008830
 2.5800  3876.0  0.0372       1.478   0.0008815
 2.5786  3878.0  0.0372       1.478   0.0008800
 2.5773  3880.0  0.0372       1.478   0.0008785
 2.5760  3882.0  0.0372       1.478   0.0008771
 2.5747  3884.0  0.0372       1.478   0.0008756
 2.5733  3886.0  0.0372       1.478   0.0008741
 2.5720  3888.0  0.0372       1.478   0.0008726
 2.5707  3890.0  0.0372       1.478   0.0008712
 2.5694  3892.0  0.0372       1.478   0.0008697
 2.5681  3894.0  0.0372       1.478   0.0008683
 2.5667  3896.0  0.0372       1.478   0.0008668
 2.5654  3898.0  0.0372       1.478   0.0008654
 2.5641  3900.0  0.0372       1.478   0.0008639
 2.5628  3902.0  0.0372       1.478   0.0008625
 2.5615  3904.0  0.0372       1.478   0.0008610
 2.5602  3906.0  0.0372       1.478   0.0008596
 2.5589  3908.0  0.0372       1.478   0.0008582
 2.5575  3910.0  0.0373       1.478   0.0008567
 2.5562  3912.0  0.0373       1.478   0.0008553
 2.5549  3914.0  0.0373       1.478   0.0008539
 2.5536  3916.0  0.0373       1.478   0.0008525
 2.5523  3918.0  0.0373       1.478   0.0008510
 2.5510  3920.0  0.0373       1.478   0.0008496
 2.5497  3922.0  0.0373       1.478   0.0008482
 2.5484  3924.0  0.0373       1.479   0.0008468
 2.5471  3926.0  0.0373       1.479   0.0008454
 2.5458  3928.0  0.0373       1.479   0.0008440
 2.5445  3930.0  0.0373       1.479   0.0008426
 2.5432  3932.0  0.0373       1.479   0.0008412
 2.5419  3934.0  0.0373       1.479   0.0008398
 2.5407  3936.0  0.0373       1.479   0.0008384
 2.5394  3938.0  0.0373       1.479   0.0008371
 2.5381  3940.0  0.0373       1.479   0.0008357
 2.5368  3942.0  0.0373       1.479   0.0008343
 2.5355  3944.0  0.0373       1.479   0.0008329
 2.5342  3946.0  0.0373       1.479   0.0008315
 2.5329  3948.0  0.0373       1.479   0.0008302
 2.5316  3950.0  0.0373       1.479   0.0008288
 2.5304  3952.0  0.0373       1.479   0.0008274
 2.5291  3954.0  0.0373       1.479   0.0008261
 2.5278  3956.0  0.0373       1.479   0.0008247
 2.5265  3958.0  0.0373       1.479   0.0008234
 2.5253  3960.0  0.0373       1.479   0.0008220
 2.5240  3962.0  0.0373       1.479   0.0008207
 2.5227  3964.0  0.0373       1.479   0.0008193
 2.5214  3966.0  0.0373       1.479   0.0008180
 2.5202  3968.0  0.0373       1.479   0.0008166
 2.5189  3970.0  0.0374       1.479   0.0008153
 2.5176  3972.0  0.0374       1.479   0.0008140
 2.5164  3974.0  0.0374       1.479   0.0008126
 2.5151  3976.0  0.0374       1.479   0.0008113
 2.5138  3978.0  0.0374       1.479   0.0008100
 2.5126  3980.0  0.0374       1.479   0.0008087
 2.5113  3982.0  0.0374       1.479   0.0008073
 2.5100  3984.0  0.0374       1.479   0.0008060
 2.5088  3986.0  0.0374       1.479   0.0008047
 2.5075  3988.0  0.0374       1.479   0.0008034
 2.5063  3990.0  0.0374       1.479   0.0008021
 2.5050  3992.0  0.0374       1.479   0.0008008
 2.5038  3994.0  0.0374       1.479   0.0007995
 2.5025  3996.0  0.0374       1.479   0.0007982
 2.5013  3998.0  0.0374       1.480   0.0007969
 2.5000  4000.0  0.0374       1.480   0.0007956
